Unnamed: 0,age,workclass,fnlwgt,education,education-num,marital-status,occupation,relationship,race,sex,capital-gain,capital-loss,hours-per-week,native-country,y
0.5084459459459459,0.4246575342465753,0.75,0.11467830786820496,0.3333333333333333,0.2,0.6666666666666666,0.3571428571428571,0.2,0.0,0.0,0.0,0.0,0.5,0.951219512195122,0
0.3327395577395577,0.2465753424657534,0.5,0.17897446557876867,0.6,0.8,0.0,0.7142857142857142,0.2,0.0,1.0,0.0,0.0,0.39795918367346933,0.951219512195122,1
0.6394041769041768,0.1780821917808219,0.5,0.2320486435921422,0.6,0.8,0.6666666666666666,0.7142857142857142,0.2,0.0,0.0,0.13550135501355012,0.0,0.44897959183673464,0.951219512195122,1
0.17929975429975428,0.0273972602739726,0.5,0.2626504521359526,1.0,0.6,0.6666666666666666,0.07142857142857142,0.2,0.0,1.0,0.0,0.0,0.2959183673469387,0.951219512195122,0
0.6175982800982801,0.3698630136986301,0.5,0.03795863215881925,0.5333333333333333,0.6666666666666666,0.6666666666666666,0.6428571428571428,0.2,0.0,0.0,0.005940059400594006,0.0,0.24489795918367346,0.951219512195122,0
0.5734643734643734,0.3424657534246575,0.5,0.1005314762845165,0.7333333333333333,0.5333333333333333,0.6666666666666666,0.07142857142857142,0.8,1.0,1.0,0.0,0.0,0.346938775510204,0.0,0
0.9388206388206388,0.0410958904109589,0.5,0.04670754945778332,0.7333333333333333,0.5333333333333333,0.6666666666666666,0.5,0.6000000000000001,0.0,0.0,0.0,0.0,0.39795918367346933,0.951219512195122,0
0.3090909090909091,0.0821917808219178,0.0,0.1055254131587153,0.4666666666666667,0.7333333333333334,0.6666666666666666,0.0,0.6000000000000001,0.0,0.0,0.0,0.0,0.39795918367346933,0.951219512195122,0
0.7239250614250614,0.4931506849315069,0.25,0.155623462564529,0.8,0.8666666666666667,0.3333333333333333,0.2857142857142857,0.0,1.0,0.0,0.0,0.0,0.39795918367346933,0.951219512195122,1
0.31876535626535624,0.3972602739726027,0.25,0.22997401517513774,0.4666666666666667,0.7333333333333334,0.3333333333333333,0.7857142857142857,0.0,0.0,0.0,0.0,0.0,0.48979591836734687,0.951219512195122,1
0.46547911547911547,0.3150684931506849,0.5,0.05400478120777466,1.0,0.6,0.6666666666666666,0.8571428571428571,0.2,0.0,1.0,0.0,0.0,0.39795918367346933,0.951219512195122,0
0.08187960687960688,0.0410958904109589,0.5,0.0735730866507293,0.7333333333333333,0.5333333333333333,0.6666666666666666,0.42857142857142855,0.6000000000000001,0.0,0.0,0.0,0.0,0.42857142857142855,0.951219512195122,0
0.15648034398034397,0.0958904109589041,0.875,0.10595987943041263,1.0,0.6,0.3333333333333333,0.07142857142857142,1.0,0.0,1.0,0.0,0.0,0.44897959183673464,0.951219512195122,0
0.7425368550368551,0.2054794520547945,0.5,0.18657450715448845,1.0,0.6,0.3333333333333333,0.9285714285714285,0.0,0.0,0.0,0.0,0.0,0.5,0.951219512195122,0
0.8649570024570025,0.0958904109589041,0.5,0.2809015001905554,0.6,0.8,0.6666666666666666,0.7142857142857142,0.6000000000000001,0.0,0.0,0.0,0.0,0.2959183673469387,0.951219512195122,0
0.9864250614250614,0.0684931506849315,0.5,0.09380175310951737,1.0,0.6,0.6666666666666666,0.9285714285714285,0.2,0.0,1.0,0.0,0.0,0.39795918367346933,0.951219512195122,0
0.5083845208845209,0.3150684931506849,0.5,0.2746990957280948,0.7333333333333333,0.5333333333333333,0.3333333333333333,0.21428571428571427,0.0,0.0,0.0,0.0,0.0,0.39795918367346933,0.951219512195122,1
0.3392199017199017,0.3972602739726027,0.5,0.15411079929321278,0.7333333333333333,0.5333333333333333,0.3333333333333333,0.8571428571428571,0.0,0.0,0.0,0.0,0.0,0.39795918367346933,0.951219512195122,0
0.7288390663390664,0.6027397260273972,0.5,0.32215916571388975,0.3333333333333333,0.2,0.3333333333333333,0.3571428571428571,0.0,0.0,0.0,0.0,0.0,0.5408163265306122,0.951219512195122,0
0.6565724815724816,0.2465753424657534,0.5,0.18108096871427087,0.6,0.8,0.6666666666666666,0.2857142857142857,0.2,0.0,0.0,0.0,0.0,0.44897959183673464,0.951219512195122,0
0.8137285012285012,0.30136986301369856,0.5,0.22492117936458442,0.7333333333333333,0.5333333333333333,0.3333333333333333,0.5,0.0,0.0,0.0,0.0,0.0,0.39795918367346933,0.951219512195122,1
0.5611179361179361,0.136986301369863,0.25,0.15032255829262378,1.0,0.6,0.6666666666666666,0.7857142857142857,0.6000000000000001,0.0,1.0,0.0,0.0,0.39795918367346933,0.951219512195122,1
0.7339373464373464,0.4520547945205479,0.25,0.1275141184215085,1.0,0.6,0.3333333333333333,0.21428571428571427,0.0,0.0,0.0,0.07688076880768807,0.0,0.39795918367346933,0.951219512195122,1
0.5999692874692875,0.136986301369863,0.75,0.13601635311644666,0.7333333333333333,0.5333333333333333,0.6666666666666666,0.21428571428571427,0.2,0.0,0.0,0.0,0.5183654729109275,0.5,0.951219512195122,0
0.912561425061425,0.0273972602739726,0.25,0.1605342479991685,1.0,0.6,0.6666666666666666,0.8571428571428571,0.6000000000000001,0.0,1.0,0.0,0.0,0.1530612244897959,0.951219512195122,0
0.4710380835380835,0.2876712328767123,0.5,0.005559366663202022,0.7333333333333333,0.5333333333333333,0.6666666666666666,0.5714285714285714,0.6000000000000001,0.0,0.0,0.0,0.0,0.39795918367346933,0.951219512195122,0
0.39382678132678134,0.1232876712328767,0.5,0.1014787097668295,0.8,0.8666666666666667,0.6666666666666666,0.2857142857142857,0.2,0.0,1.0,0.0,0.0,0.2959183673469387,0.951219512195122,0
0.3351044226044226,0.41095890410958896,0.5,0.1294203651734054,0.7333333333333333,0.5333333333333333,0.3333333333333333,0.21428571428571427,0.0,0.0,0.0,0.0,0.0,0.39795918367346933,0.951219512195122,1
0.07432432432432433,0.6712328767123288,0.0,0.1143789626857915,0.6,0.8,0.3333333333333333,0.0,0.0,0.0,0.0,0.0,0.49908172635445364,0.39795918367346933,0.951219512195122,1
0.6772113022113022,0.35616438356164376,0.5,0.14031528254166234,0.8,0.8666666666666667,0.3333333333333333,0.7142857142857142,0.0,0.0,0.0,0.051780517805178054,0.0,0.39795918367346933,0.951219512195122,1
0.5453931203931204,0.4383561643835617,0.5,0.12779128988670618,0.7333333333333333,0.5333333333333333,0.3333333333333333,0.5,0.0,0.0,0.0,0.07298072980729807,0.0,0.42857142857142855,0.951219512195122,1
0.49858722358722357,0.4794520547945205,0.5,0.23993971520631951,0.7333333333333333,0.5333333333333333,0.3333333333333333,0.5,0.0,1.0,0.0,0.0,0.0,0.39795918367346933,0.951219512195122,1
0.7842137592137592,0.3835616438356165,0.75,0.07330908083012853,1.0,0.6,0.3333333333333333,0.5714285714285714,0.0,0.0,0.0,0.03103031030310303,0.0,0.4183673469387755,0.951219512195122,0
0.6172297297297297,0.30136986301369856,0.5,0.05344835949139036,0.5333333333333333,0.6666666666666666,0.0,0.5714285714285714,0.2,1.0,1.0,0.0,0.0,0.39795918367346933,0.0975609756097561,0
0.17908476658476657,0.3972602739726027,0.5,0.12477912898867062,0.6,0.8,0.3333333333333333,0.2857142857142857,0.0,0.0,0.0,0.0,0.0,0.346938775510204,0.951219512195122,1
0.6843058968058968,0.0410958904109589,0.0,0.09259744309323355,1.0,0.6,0.6666666666666666,0.0,0.2,0.0,1.0,0.0,0.0,0.14285714285714282,0.951219512195122,0
0.3220208845208845,0.0136986301369863,0.0,0.1683795863215882,0.06666666666666667,0.4,0.6666666666666666,0.0,0.6000000000000001,1.0,0.0,0.0,0.3677685950413223,0.47959183673469385,0.951219512195122,0
0.9033169533169533,0.2602739726027397,0.5,0.2949270692582199,0.7333333333333333,0.5333333333333333,0.3333333333333333,0.5,0.0,0.0,0.0,0.0,0.0,0.39795918367346933,0.951219512195122,0
0.04901719901719902,0.2191780821917808,0.25,0.0745203201330423,0.7333333333333333,0.5333333333333333,0.3333333333333333,0.07142857142857142,1.0,0.0,1.0,0.0,0.0,0.6020408163265305,0.951219512195122,0
0.2160933660933661,0.4383561643835617,0.5,0.026652115164743785,1.0,0.6,0.0,0.8571428571428571,0.8,0.0,1.0,0.0,0.0,0.5510204081632653,0.21951219512195122,0
0.716554054054054,0.1917808219178082,0.5,0.1916224924644008,0.7333333333333333,0.5333333333333333,0.3333333333333333,0.42857142857142855,0.0,0.0,0.0,0.05013050130501305,0.0,0.39795918367346933,0.951219512195122,0
0.7281633906633906,0.5616438356164384,0.125,0.13010220697779165,1.0,0.6,0.3333333333333333,0.2857142857142857,0.0,0.0,0.0,0.15024150241502415,0.0,0.39795918367346933,0.951219512195122,1
0.8868857493857494,0.35616438356164376,0.5,0.12161590964210235,0.6,0.8,0.3333333333333333,0.2857142857142857,0.0,0.0,0.0,0.0,0.0,0.44897959183673464,0.951219512195122,1
0.9309275184275184,0.5068493150684932,0.5,0.039080483664206765,0.7333333333333333,0.5333333333333333,0.3333333333333333,0.21428571428571427,0.0,0.0,0.0,0.0,0.0,0.43877551020408156,0.951219512195122,0
0.4126535626535626,0.41095890410958896,0.5,0.010761182136299069,0.4,0.26666666666666666,0.0,0.5714285714285714,0.2,0.0,1.0,0.0,0.39462809917355374,0.2959183673469387,0.951219512195122,0
0.9456388206388207,0.0547945205479452,0.5,0.09204448602016423,1.0,0.6,0.6666666666666666,0.5714285714285714,0.6000000000000001,1.0,0.0,0.0,0.0,0.19387755102040813,0.951219512195122,0
0.8390356265356265,0.35616438356164376,0.75,0.11689706544711222,0.6,0.8,0.8333333333333333,0.21428571428571427,0.8,0.0,0.0,0.0,0.0,0.346938775510204,0.951219512195122,0
0.6363636363636364,0.4520547945205479,0.5,0.12367182898520597,0.26666666666666666,0.13333333333333336,0.3333333333333333,0.42857142857142855,0.0,0.0,0.0,0.0,0.0,0.39795918367346933,0.6341463414634146,0
0.008384520884520885,0.136986301369863,0.25,0.13638499116515956,0.8,0.8666666666666667,0.6666666666666666,0.7142857142857142,0.6000000000000001,0.0,0.0,0.0,0.0,0.346938775510204,0.951219512195122,0
0.9947481572481572,0.41095890410958896,0.5,0.1633745625887815,1.0,0.6,0.3333333333333333,0.5714285714285714,0.0,0.0,0.0,0.0,0.0,0.4693877551020408,0.951219512195122,1
0.5831388206388206,0.4246575342465753,0.5,0.11797526244673111,0.6,0.8,0.3333333333333333,0.7142857142857142,0.0,0.0,0.0,0.15024150241502415,0.0,0.44897959183673464,0.951219512195122,1
0.913022113022113,0.2054794520547945,0.5,0.046634791948168934,0.6,0.8,0.3333333333333333,0.7142857142857142,0.0,1.0,0.0,0.0,0.0,0.39795918367346933,0.4634146341463415,0
0.9299140049140049,0.2876712328767123,0.5,0.14386377022485536,0.7333333333333333,0.5333333333333333,0.8333333333333333,1.0,0.8,1.0,1.0,0.0,0.0,0.2959183673469387,0.951219512195122,0
0.5154484029484029,0.2054794520547945,0.625,0.06664726466410283,0.6,0.8,0.6666666666666666,0.2857142857142857,0.2,0.0,0.0,0.0,0.0,0.5510204081632653,0.951219512195122,0
0.7335995085995086,0.136986301369863,0.5,0.19645497696012196,1.0,0.6,0.3333333333333333,0.21428571428571427,0.0,0.0,0.0,0.0,0.0,0.39795918367346933,0.951219512195122,0
0.6946867321867322,0.0821917808219178,0.5,0.1391608633891141,0.7333333333333333,0.5333333333333333,0.6666666666666666,0.07142857142857142,0.6000000000000001,1.0,1.0,0.0,0.0,0.39795918367346933,0.951219512195122,0
0.8433046683046683,0.2328767123287671,0.25,0.15369919966739426,0.4666666666666667,0.7333333333333334,0.3333333333333333,0.7142857142857142,0.0,0.0,0.0,0.0,0.0,0.39795918367346933,0.951219512195122,1
0.6263820638820639,0.2602739726027397,0.5,0.1638242732910647,0.4666666666666667,0.7333333333333334,0.6666666666666666,0.21428571428571427,0.2,0.0,0.0,0.0,0.0,0.39795918367346933,0.951219512195122,0
0.8760135135135135,0.3972602739726027,0.25,0.13634895887468387,0.8,0.8666666666666667,0.3333333333333333,0.2857142857142857,0.0,0.0,0.0,0.0,0.0,0.5,0.951219512195122,1
0.29996928746928747,0.30136986301369856,0.5,0.1511845615493885,0.6,0.8,0.6666666666666666,0.8571428571428571,0.6000000000000001,0.0,0.0,0.0,0.25068870523415976,0.39795918367346933,0.2682926829268293,0
0.6483108108108108,0.2876712328767123,0.125,0.11106676367667949,1.0,0.6,0.0,0.07142857142857142,0.2,0.0,0.0,0.0,0.0,0.39795918367346933,0.951219512195122,1
0.14244471744471743,0.6712328767123288,0.875,0.020248068461351902,0.0,0.33333333333333337,0.0,0.5714285714285714,0.2,1.0,1.0,0.0,0.0,0.39795918367346933,0.951219512195122,0
0.4375921375921376,0.30136986301369856,0.625,0.13440598690364827,0.6,0.8,0.3333333333333333,0.7142857142857142,1.0,0.0,1.0,0.0,0.0,0.39795918367346933,0.951219512195122,0
0.5926289926289926,0.726027397260274,0.75,0.11427363752901638,0.7333333333333333,0.5333333333333333,0.3333333333333333,0.2857142857142857,0.0,0.0,0.0,0.0,0.0,0.020408163265306124,0.951219512195122,0
0.019103194103194103,0.6575342465753424,0.5,0.06725981360218965,0.4,0.26666666666666666,1.0,0.6428571428571428,0.8,1.0,1.0,0.0,0.0,0.2346938775510204,0.951219512195122,0
0.8558353808353808,0.6027397260273972,0.75,0.13095520216193743,1.0,0.6,1.0,0.5,0.2,0.0,1.0,0.0,0.0,0.39795918367346933,0.951219512195122,0
0.520485257985258,0.2328767123287671,0.5,0.015634549423136884,1.0,0.6,0.3333333333333333,1.0,0.0,0.0,0.0,0.04064040640406404,0.0,0.39795918367346933,0.951219512195122,0
0.09379606879606879,0.3424657534246575,0.75,0.036272736721754496,0.7333333333333333,0.5333333333333333,0.3333333333333333,0.2857142857142857,0.0,0.0,0.0,0.0,0.0,0.5,0.951219512195122,0
0.8261670761670762,0.0821917808219178,0.5,0.25919135225028583,0.7333333333333333,0.5333333333333333,0.3333333333333333,0.42857142857142855,0.0,1.0,0.0,0.0,0.0,0.39795918367346933,0.0,0
0.0009213759213759214,0.0821917808219178,0.25,0.12363510376606728,0.4666666666666667,0.7333333333333334,0.6666666666666666,0.7857142857142857,0.2,0.0,0.0,0.0,0.0,0.520408163265306,0.951219512195122,0
0.8646805896805897,0.1917808219178082,0.5,0.40321657485361884,0.7333333333333333,0.5333333333333333,0.3333333333333333,0.5,0.0,0.0,0.0,0.0,0.0,0.39795918367346933,0.951219512195122,0
0.3240786240786241,0.0958904109589041,0.5,0.18801094827287532,0.6,0.8,0.3333333333333333,0.7142857142857142,0.0,0.0,0.0,0.0,0.0,0.39795918367346933,0.951219512195122,0
0.3694103194103194,0.2191780821917808,0.5,0.3760530783355854,1.0,0.6,0.8333333333333333,0.2857142857142857,0.8,0.0,1.0,0.0,0.0,0.39795918367346933,0.951219512195122,0
0.8084459459459459,0.5890410958904109,0.75,0.06501957523472958,0.7333333333333333,0.5333333333333333,0.3333333333333333,0.8571428571428571,0.0,0.0,0.0,0.0,0.0,0.7040816326530611,0.951219512195122,1
0.6604422604422604,0.5753424657534245,0.75,0.12176003880400511,0.6,0.8,1.0,0.7142857142857142,0.2,0.0,1.0,0.0,0.0,0.5,0.951219512195122,1
0.6882678132678133,0.3150684931506849,0.5,0.12722655302636596,1.0,0.6,0.0,1.0,0.2,1.0,1.0,0.0,0.0,0.39795918367346933,0.951219512195122,0
0.21587837837837837,0.4794520547945205,0.5,0.09224543533243253,1.0,0.6,0.3333333333333333,1.0,0.0,0.0,0.0,0.15024150241502415,0.0,0.6020408163265305,0.04878048780487805,1
0.6356265356265356,0.2191780821917808,0.5,0.01728649135571493,1.0,0.6,0.6666666666666666,0.21428571428571427,0.2,0.0,0.0,0.0,0.0,0.8061224489795917,0.951219512195122,0
0.71747542997543,0.3150684931506849,0.5,0.012747808613103281,0.7333333333333333,0.5333333333333333,0.3333333333333333,0.5,0.0,0.0,0.0,0.0,0.0,0.44897959183673464,0.951219512195122,1
0.6425061425061425,0.0410958904109589,0.5,0.01535599210061324,0.7333333333333333,0.5333333333333333,0.6666666666666666,0.5714285714285714,0.2,0.0,1.0,0.0,0.0,0.19387755102040813,0.951219512195122,0
0.1452088452088452,0.0684931506849315,0.875,0.036037140976336486,0.6,0.8,0.6666666666666666,0.7142857142857142,0.6000000000000001,0.0,1.0,0.0,0.0,0.42857142857142855,0.951219512195122,0
0.6403255528255528,0.8082191780821917,0.5,0.07950039843398121,0.3333333333333333,0.2,1.0,0.6428571428571428,0.2,0.0,1.0,0.0,0.0,0.39795918367346933,0.951219512195122,0
0.25187346437346436,0.0684931506849315,0.5,0.13627204379309152,1.0,0.6,0.6666666666666666,0.07142857142857142,0.6000000000000001,0.0,0.0,0.0,0.0,0.24489795918367346,0.951219512195122,0
0.5533169533169533,0.27397260273972607,0.5,0.18617676610192982,1.0,0.6,0.3333333333333333,0.5,0.0,0.0,0.0,0.0,0.0,0.5,0.951219512195122,1
0.45466830466830466,0.2054794520547945,0.5,0.23294529328205663,0.5333333333333333,0.6666666666666666,0.3333333333333333,0.21428571428571427,0.0,0.0,0.0,0.0,0.0,0.5,0.951219512195122,0
0.15783169533169533,0.3150684931506849,0.875,0.17880261927034613,0.5333333333333333,0.6666666666666666,0.3333333333333333,0.5714285714285714,0.0,1.0,0.0,0.0,0.0,0.2959183673469387,0.951219512195122,0
0.8095515970515971,0.2191780821917808,0.5,0.1220815577036344,0.7333333333333333,0.5333333333333333,0.6666666666666666,0.3571428571428571,0.2,0.0,0.0,0.0,0.0,0.39795918367346933,0.951219512195122,0
0.27435503685503687,0.8082191780821917,0.75,0.1561438519904376,0.3333333333333333,0.2,0.3333333333333333,0.21428571428571427,0.0,0.0,0.0,0.0,0.0,0.09183673469387754,0.951219512195122,0
0.7006756756756757,0.0547945205479452,0.5,0.13206250216540208,0.7333333333333333,0.5333333333333333,0.6666666666666666,0.5,0.6000000000000001,0.0,0.0,0.0,0.0,0.19387755102040813,0.951219512195122,0
0.45924447174447175,0.5342465753424657,0.5,0.07558257977341233,0.6,0.8,0.0,0.5714285714285714,0.2,0.0,1.0,0.0,0.0,0.31632653061224486,0.951219512195122,0
0.40595823095823097,0.2602739726027397,0.5,0.06866368707341579,0.0,0.33333333333333337,0.3333333333333333,0.21428571428571427,0.0,0.0,0.0,0.0,0.0,0.39795918367346933,0.951219512195122,0
0.7441339066339067,0.3835616438356165,0.75,0.11400685999376364,0.6666666666666666,1.0,0.3333333333333333,0.7142857142857142,0.0,0.0,0.0,0.15024150241502415,0.0,0.39795918367346933,0.951219512195122,1
0.9668918918918918,0.3835616438356165,0.5,0.12205730520042961,0.7333333333333333,0.5333333333333333,0.3333333333333333,0.21428571428571427,0.0,0.0,0.0,0.0,0.0,0.39795918367346933,0.951219512195122,0
0.4039312039312039,0.2054794520547945,0.5,0.11278591968956796,0.7333333333333333,0.5333333333333333,0.0,0.07142857142857142,0.8,0.0,1.0,0.0,0.0,0.39795918367346933,0.951219512195122,0
0.6011056511056511,0.0273972602739726,0.5,0.011639815680975643,0.7333333333333333,0.5333333333333333,0.6666666666666666,0.8571428571428571,0.6000000000000001,1.0,1.0,0.0,0.0,0.24489795918367346,0.951219512195122,0
0.5185503685503685,0.0821917808219178,0.5,0.12250077954474588,0.6,0.8,0.6666666666666666,0.9285714285714285,0.2,1.0,1.0,0.0,0.0,0.44897959183673464,0.951219512195122,0
0.12512285012285013,0.2191780821917808,0.5,0.1676443890101514,0.7333333333333333,0.5333333333333333,0.6666666666666666,0.07142857142857142,0.2,0.0,1.0,0.0,0.0,0.39795918367346933,0.951219512195122,0
0.6899570024570024,0.0821917808219178,0.5,0.028568062917922597,0.6,0.8,0.6666666666666666,0.2857142857142857,0.6000000000000001,0.0,1.0,0.0,0.0,0.44897959183673464,0.951219512195122,0
0.413544226044226,0.1643835616438356,0.5,0.07232581505733984,0.6,0.8,0.6666666666666666,0.42857142857142855,0.2,0.0,0.0,0.0,0.0,0.39795918367346933,0.951219512195122,0
0.8585995085995086,0.27397260273972607,0.5,0.21665246162907528,0.6,0.8,0.3333333333333333,0.42857142857142855,0.0,0.0,0.0,0.0,0.0,0.39795918367346933,0.951219512195122,0
0.49898648648648647,0.2602739726027397,0.5,0.2523438312025777,0.5333333333333333,0.6666666666666666,0.0,0.21428571428571427,0.2,0.0,0.0,0.0,0.0,0.37755102040816324,0.951219512195122,0
0.3190724815724816,0.2328767123287671,0.5,0.01669958077815889,0.8,0.8666666666666667,0.3333333333333333,0.7142857142857142,0.0,0.0,0.0,0.0,0.0,0.44897959183673464,0.951219512195122,1
0.32423218673218673,0.3972602739726027,0.5,0.062379517028721895,0.7333333333333333,0.5333333333333333,0.3333333333333333,0.42857142857142855,0.0,0.0,0.0,0.0,0.0,0.5612244897959183,0.951219512195122,1
0.03826781326781327,0.5068493150684932,0.625,0.10683158368845927,0.9333333333333333,0.9333333333333333,0.3333333333333333,0.7142857142857142,0.0,0.0,0.0,1.0,0.0,0.6020408163265305,0.951219512195122,1
0.9989864864864865,0.0684931506849315,0.5,0.13264733395696915,1.0,0.6,0.6666666666666666,0.07142857142857142,0.6000000000000001,0.0,0.0,0.0,0.0,0.39795918367346933,0.951219512195122,0
0.38427518427518426,0.3972602739726027,0.5,0.05046183695388559,1.0,0.6,0.3333333333333333,0.5,0.0,0.0,0.0,0.0,0.37373737373737376,0.39795918367346933,0.951219512195122,0
0.16044226044226043,0.46575342465753417,0.5,0.12572151197034268,0.6,0.8,0.3333333333333333,0.2857142857142857,0.0,0.0,0.0,0.0,0.0,0.44897959183673464,0.951219512195122,1
0.3175061425061425,0.6164383561643836,0.5,0.1373239095035166,0.7333333333333333,0.5333333333333333,0.6666666666666666,0.5714285714285714,0.4,1.0,1.0,0.0,0.0,0.37755102040816324,0.951219512195122,0
0.5651412776412776,0.3424657534246575,0.25,0.08716488237535945,0.8,0.8666666666666667,0.3333333333333333,0.7142857142857142,1.0,0.0,1.0,0.0,0.0,0.37755102040816324,0.951219512195122,1
0.6809275184275184,0.35616438356164376,0.5,0.010727228631812356,0.6,0.8,0.8333333333333333,0.2857142857142857,0.8,0.0,0.0,0.0,0.0,0.6020408163265305,0.951219512195122,1
0.6307432432432433,0.547945205479452,0.125,0.08899005647368603,0.6,0.8,0.3333333333333333,0.7142857142857142,0.0,0.0,0.0,0.0,0.0,0.39795918367346933,0.951219512195122,1
0.5800675675675675,0.27397260273972607,0.5,0.08899144233101201,1.0,0.6,0.3333333333333333,0.07142857142857142,0.0,1.0,0.0,0.0,0.0,0.39795918367346933,0.5609756097560976,1
0.05675675675675675,0.2328767123287671,0.5,0.15657485361881995,0.6,0.8,0.6666666666666666,0.7142857142857142,0.2,0.0,1.0,0.0,0.0,0.39795918367346933,0.951219512195122,0
0.2927211302211302,0.6575342465753424,0.0,0.18105117278176214,0.7333333333333333,0.5333333333333333,1.0,0.0,0.8,0.0,0.0,0.0,0.0,0.39795918367346933,0.951219512195122,0
0.6124692874692874,0.6849315068493149,0.5,0.07350448671309288,0.6,0.8,0.0,0.2857142857142857,0.2,0.0,1.0,0.0,0.5064279155188246,0.04081632653061224,0.951219512195122,0
0.32874692874692873,0.0958904109589041,0.0,0.1631493607733084,0.6,0.8,0.6666666666666666,0.0,0.6000000000000001,0.0,0.0,0.0,0.0,0.2959183673469387,0.951219512195122,0
0.5794840294840294,0.2054794520547945,0.5,0.1363808335931816,0.7333333333333333,0.5333333333333333,0.3333333333333333,1.0,0.0,0.0,0.0,0.0,0.0,0.19387755102040813,0.951219512195122,1
0.9071867321867322,0.0684931506849315,0.5,0.014087932647333956,1.0,0.6,0.6666666666666666,0.5714285714285714,0.2,0.0,1.0,0.0,0.0,0.2959183673469387,0.951219512195122,0
0.006203931203931204,0.46575342465753417,0.5,0.17117971104874755,0.6,0.8,0.3333333333333333,0.2857142857142857,0.0,0.0,0.0,0.0,0.0,0.5,0.951219512195122,1
0.20863022113022112,0.0821917808219178,0.5,0.11581471087551536,0.6,0.8,0.6666666666666666,0.07142857142857142,0.2,0.0,1.0,0.0,0.0,0.04081632653061224,0.951219512195122,0
0.13958845208845208,0.4520547945205479,0.5,0.07839240550185358,0.4666666666666667,0.7333333333333334,0.3333333333333333,0.2857142857142857,1.0,1.0,1.0,0.0,0.0,0.39795918367346933,0.951219512195122,1
0.45749385749385746,0.0,0.5,0.21816304611440254,0.06666666666666667,0.4,0.6666666666666666,1.0,0.6000000000000001,0.0,0.0,0.0,0.0,0.19387755102040813,0.951219512195122,0
0.22447788697788698,0.2876712328767123,0.5,0.015029622700343,0.7333333333333333,0.5333333333333333,0.3333333333333333,0.2857142857142857,0.4,0.0,0.0,0.0,0.0,0.39795918367346933,0.951219512195122,1
0.7679361179361179,0.2328767123287671,0.5,0.11525482451581609,0.7333333333333333,0.5333333333333333,0.6666666666666666,0.42857142857142855,0.2,0.0,0.0,0.0,0.0,0.39795918367346933,0.951219512195122,0
0.2547911547911548,0.136986301369863,0.5,0.09697259467137857,1.0,0.6,0.3333333333333333,0.5,0.0,0.0,0.0,0.0,0.0,0.44897959183673464,0.951219512195122,0
0.873034398034398,0.1506849315068493,0.5,0.11783875550012125,0.7333333333333333,0.5333333333333333,0.6666666666666666,0.5714285714285714,0.2,1.0,0.0,0.0,0.0,0.39795918367346933,0.951219512195122,0
0.07868550368550369,0.3972602739726027,0.5,0.11220178082666389,0.7333333333333333,0.5333333333333333,0.0,0.2857142857142857,0.2,0.0,0.0,0.0,0.0,0.44897959183673464,0.951219512195122,0
0.8580466830466831,0.1095890410958904,0.5,0.16401967917402904,0.26666666666666666,0.13333333333333336,0.6666666666666666,0.5,0.2,0.0,0.0,0.0,0.0,0.39795918367346933,0.6341463414634146,0
0.7108722358722358,0.1506849315068493,0.5,0.016849253369365623,1.0,0.6,0.6666666666666666,0.5714285714285714,0.8,0.0,1.0,0.0,0.0,0.346938775510204,0.951219512195122,0
0.26704545454545453,0.0821917808219178,0.5,0.017992585663305964,0.7333333333333333,0.5333333333333333,0.6666666666666666,0.5714285714285714,0.6000000000000001,0.0,1.0,0.0,0.0,0.39795918367346933,0.951219512195122,0
0.3737714987714988,0.0273972602739726,0.5,0.1707015902712816,1.0,0.6,0.6666666666666666,0.5714285714285714,0.2,0.0,1.0,0.0,0.0,0.2959183673469387,0.951219512195122,0
0.5775798525798526,0.5342465753424657,0.75,0.038496344801302707,0.7333333333333333,0.5333333333333333,0.3333333333333333,0.8571428571428571,0.0,0.0,0.0,0.0,0.0,0.39795918367346933,0.951219512195122,0
0.1486179361179361,0.0958904109589041,0.5,0.03595052489346222,0.5333333333333333,0.6666666666666666,0.6666666666666666,0.9285714285714285,0.8,1.0,1.0,0.0,0.0,0.39795918367346933,0.951219512195122,0
0.4184275184275184,0.0821917808219178,0.25,0.13239649378096527,0.6,0.8,0.6666666666666666,0.7142857142857142,0.6000000000000001,0.0,1.0,0.0,0.0,0.44897959183673464,0.951219512195122,0
0.019686732186732187,0.5890410958904109,0.5,0.12964210234556353,0.7333333333333333,0.5333333333333333,0.3333333333333333,0.21428571428571427,0.0,0.0,0.0,0.0,0.0,0.39795918367346933,0.951219512195122,0
0.6782862407862408,0.3698630136986301,0.5,0.014715033087343657,1.0,0.6,0.3333333333333333,0.2857142857142857,0.0,0.0,0.0,0.0,0.0,0.39795918367346933,0.951219512195122,1
0.02466216216216216,0.1917808219178082,0.5,0.027153102588088555,0.7333333333333333,0.5333333333333333,0.0,0.07142857142857142,0.8,0.0,1.0,0.0,0.0,0.37755102040816324,0.951219512195122,0
0.6106265356265356,0.136986301369863,0.5,0.16424488098950213,0.7333333333333333,0.5333333333333333,0.3333333333333333,0.8571428571428571,0.0,0.0,0.0,0.0,0.0,0.6020408163265305,0.951219512195122,0
0.07493857493857493,0.2054794520547945,0.75,0.11004122925544815,0.7333333333333333,0.5333333333333333,0.3333333333333333,0.8571428571428571,0.0,0.0,0.0,0.0,0.0,0.39795918367346933,0.951219512195122,0
0.7128992628992629,0.4520547945205479,0.5,0.17646121331808892,0.7333333333333333,0.5333333333333333,0.3333333333333333,0.5,1.0,0.0,1.0,0.03137031370313703,0.0,0.39795918367346933,0.1951219512195122,0
0.9180282555282555,0.3150684931506849,0.5,0.16296573467761494,0.6666666666666666,1.0,0.3333333333333333,0.7142857142857142,1.0,0.0,1.0,0.0,0.0,0.2959183673469387,0.951219512195122,1
0.6982800982800983,0.2328767123287671,0.875,0.06913834320756677,0.8,0.8666666666666667,0.6666666666666666,0.7142857142857142,0.8,0.0,1.0,0.0,0.0,0.39795918367346933,0.951219512195122,0
0.21861179361179361,0.3972602739726027,0.5,0.01117971104874753,0.5333333333333333,0.6666666666666666,0.6666666666666666,1.0,0.2,0.0,0.0,0.0,0.0,0.5,0.951219512195122,0
0.7059275184275184,0.3835616438356165,0.5,0.09473027751792952,0.6,0.8,0.3333333333333333,0.21428571428571427,0.0,0.0,0.0,0.15024150241502415,0.0,0.39795918367346933,0.951219512195122,1
0.5279176904176904,0.1780821917808219,0.5,0.05820739354883414,0.8,0.8666666666666667,0.6666666666666666,0.7142857142857142,0.2,0.0,1.0,0.0,0.0,0.44897959183673464,0.951219512195122,0
0.4374385749385749,0.32876712328767127,0.5,0.1436482694106642,0.7333333333333333,0.5333333333333333,0.6666666666666666,0.07142857142857142,0.6000000000000001,0.0,0.0,0.0,0.0,0.39795918367346933,0.951219512195122,0
0.8523648648648648,0.1643835616438356,0.5,0.18456293524581646,0.6,0.8,0.3333333333333333,0.8571428571428571,0.0,0.0,0.0,0.03103031030310303,0.0,0.44897959183673464,0.951219512195122,1
0.4419840294840295,0.4246575342465753,0.5,0.11201399715899248,0.7333333333333333,0.5333333333333333,0.3333333333333333,0.2857142857142857,0.0,0.0,0.0,0.0,0.0,0.6020408163265305,0.951219512195122,0
0.6755835380835381,0.2328767123287671,0.5,0.10898312718705609,0.7333333333333333,0.5333333333333333,0.0,0.5,0.8,0.0,1.0,0.0,0.0,0.39795918367346933,0.951219512195122,0
0.7048525798525799,0.0410958904109589,0.5,0.1406277933686727,1.0,0.6,0.6666666666666666,0.2857142857142857,0.6000000000000001,0.0,1.0,0.0,0.0,0.09183673469387754,0.951219512195122,0
0.9057432432432432,0.30136986301369856,0.5,0.17314416380833594,0.6,0.8,0.0,0.2857142857142857,0.8,0.0,1.0,0.0,0.0,0.44897959183673464,0.951219512195122,0
0.7508599508599508,0.0684931506849315,0.5,0.15716522883969097,0.7333333333333333,0.5333333333333333,0.6666666666666666,0.5714285714285714,0.8,0.0,1.0,0.0,0.0,0.39795918367346933,0.951219512195122,0
0.4879606879606879,0.32876712328767127,0.5,0.09934656827079652,0.06666666666666667,0.4,0.6666666666666666,0.42857142857142855,0.4,1.0,1.0,0.0,0.0,0.39795918367346933,0.951219512195122,0
0.3082002457002457,0.6027397260273972,0.0,0.0852302255482798,0.7333333333333333,0.5333333333333333,0.3333333333333333,0.0,0.0,0.0,0.0,0.0,0.5975665748393021,0.31632653061224486,0.951219512195122,0
0.9729422604422604,0.1917808219178082,0.5,0.11776461213318089,0.0,0.33333333333333337,0.8333333333333333,1.0,0.8,0.0,0.0,0.0,0.0,0.39795918367346933,0.951219512195122,0
0.8898341523341523,0.3972602739726027,0.875,0.24362678862211135,1.0,0.6,0.0,0.7857142857142857,0.8,1.0,1.0,0.0,0.0,0.39795918367346933,0.951219512195122,0
0.4071253071253071,0.5205479452054793,0.5,0.10256591483906731,0.7333333333333333,0.5333333333333333,1.0,0.07142857142857142,0.4,0.0,1.0,0.0,0.0,0.39795918367346933,0.951219512195122,0
0.2943181818181818,0.2191780821917808,0.75,0.07754010324637078,0.4666666666666667,0.7333333333333334,0.6666666666666666,0.5714285714285714,0.2,1.0,0.0,0.0,0.0,0.31632653061224486,0.951219512195122,0
0.706941031941032,0.2465753424657534,0.5,0.14148771783944844,1.0,0.6,0.3333333333333333,0.07142857142857142,0.0,0.0,0.0,0.0,0.0,0.5,0.951219512195122,1
0.9442567567567567,0.0684931506849315,0.5,0.0842240931296123,1.0,0.6,0.6666666666666666,0.5714285714285714,0.6000000000000001,0.0,1.0,0.0,0.0,0.24489795918367346,0.951219512195122,0
0.9970208845208844,0.5616438356164384,0.25,0.14615874995669198,0.7333333333333333,0.5333333333333333,0.3333333333333333,0.5714285714285714,0.0,0.0,0.0,0.0,0.0,0.39795918367346933,0.951219512195122,0
0.04834152334152334,0.4383561643835617,0.0,0.1723826352077054,0.0,0.33333333333333337,0.8333333333333333,0.0,0.6000000000000001,0.0,0.0,0.021760217602176023,0.0,0.39795918367346933,0.951219512195122,0
0.004545454545454545,0.6438356164383561,0.5,0.11706821882687178,0.06666666666666667,0.4,0.3333333333333333,0.21428571428571427,0.0,0.0,0.0,0.0,0.5002295684113865,0.39795918367346933,0.951219512195122,0
0.09557739557739557,0.0958904109589041,0.5,0.14376121678273224,0.7333333333333333,0.5333333333333333,0.6666666666666666,0.07142857142857142,0.6000000000000001,0.0,0.0,0.0,0.0,0.39795918367346933,0.951219512195122,0
0.1105036855036855,0.1095890410958904,0.25,0.02212590513806604,0.7333333333333333,0.5333333333333333,0.0,0.07142857142857142,0.2,1.0,1.0,0.0,0.0,0.346938775510204,0.951219512195122,0
0.28498157248157246,0.1917808219178082,0.5,0.06809340678377161,0.7333333333333333,0.5333333333333333,0.3333333333333333,0.5,1.0,0.0,1.0,0.04386043860438604,0.0,0.39795918367346933,0.951219512195122,1
0.5007985257985258,0.136986301369863,0.5,0.1086733880746977,0.7333333333333333,0.5333333333333333,0.3333333333333333,0.07142857142857142,1.0,1.0,1.0,0.0,0.4331955922865014,0.39795918367346933,0.951219512195122,1
0.7233108108108108,0.0136986301369863,0.0,0.2546395038630773,0.7333333333333333,0.5333333333333333,0.6666666666666666,0.0,0.6000000000000001,1.0,1.0,0.0,0.0,0.39795918367346933,0.951219512195122,0
0.7795761670761671,0.2602739726027397,0.25,0.11250043308041437,0.5333333333333333,0.6666666666666666,0.6666666666666666,0.7857142857142857,0.2,1.0,1.0,0.0,0.0,0.6020408163265305,0.951219512195122,1
0.5216523341523341,0.547945205479452,0.5,0.11014586148356026,0.06666666666666667,0.4,0.5,0.21428571428571427,0.2,0.0,0.0,0.0,0.0,0.39795918367346933,0.04878048780487805,0
0.44766584766584766,0.1095890410958904,0.25,0.1284987700516232,0.6,0.8,0.6666666666666666,0.2857142857142857,0.2,0.0,1.0,0.0,0.0,0.19387755102040813,0.951219512195122,0
0.40617321867321865,0.0684931506849315,0.5,0.033292450542216676,1.0,0.6,0.3333333333333333,0.5714285714285714,0.0,0.0,0.0,0.0,0.0,0.346938775510204,0.951219512195122,0
0.7672604422604422,0.0410958904109589,0.5,0.09432422132141496,1.0,0.6,0.6666666666666666,0.8571428571428571,0.4,0.0,0.0,0.01055010550105501,0.0,0.19387755102040813,0.951219512195122,0
0.4780405405405405,0.3972602739726027,0.625,0.10987423344766656,0.7333333333333333,0.5333333333333333,0.3333333333333333,0.8571428571428571,0.0,0.0,0.0,0.0,0.0,0.5,0.951219512195122,1
0.5150184275184275,0.0821917808219178,0.875,0.14077400131656448,1.0,0.6,0.6666666666666666,0.07142857142857142,0.2,0.0,0.0,0.0,0.0,0.14285714285714282,0.951219512195122,0
0.7781019656019655,0.3972602739726027,0.625,0.14144683504833178,0.8,0.8666666666666667,0.3333333333333333,0.8571428571428571,0.0,0.0,0.0,0.0,0.45385674931129477,0.6020408163265305,0.951219512195122,1
0.1620085995085995,0.3835616438356165,0.5,0.13982122440494751,0.6666666666666666,1.0,0.3333333333333333,0.7142857142857142,0.0,0.0,0.0,0.0,0.0,0.5,0.951219512195122,1
0.6214987714987715,0.0410958904109589,0.5,0.12868516786196862,0.7333333333333333,0.5333333333333333,0.6666666666666666,0.3571428571428571,0.6000000000000001,0.0,0.0,0.0,0.0,0.39795918367346933,0.951219512195122,0
0.8927211302211302,0.0821917808219178,0.5,0.1398572566954232,0.7333333333333333,0.5333333333333333,0.6666666666666666,0.6428571428571428,0.6000000000000001,0.0,0.0,0.0,0.0,0.39795918367346933,0.951219512195122,0
0.8443181818181817,0.0547945205479452,0.25,0.20584346741502962,1.0,0.6,0.6666666666666666,0.07142857142857142,0.2,0.0,1.0,0.005940059400594006,0.0,0.030612244897959183,0.951219512195122,0
0.6953931203931204,0.0136986301369863,0.5,0.1761452378477636,1.0,0.6,0.6666666666666666,0.2857142857142857,0.2,0.0,0.0,0.0,0.0,0.5,0.951219512195122,0
0.1479115479115479,0.1780821917808219,0.5,0.06917506842670547,0.6,0.8,0.3333333333333333,0.2857142857142857,0.0,0.0,0.0,0.0,0.0,0.5,0.951219512195122,1
0.864465601965602,0.3972602739726027,0.5,0.06447146866230122,0.7333333333333333,0.5333333333333333,0.0,0.21428571428571427,0.2,0.0,0.0,0.0,0.0,0.39795918367346933,0.951219512195122,0
0.08992628992628993,0.1506849315068493,0.5,0.198462391296816,0.6,0.8,0.6666666666666666,0.07142857142857142,0.6000000000000001,0.0,1.0,0.0,0.0,0.39795918367346933,0.951219512195122,0
0.18464373464373465,0.1506849315068493,0.5,0.01867234868170322,0.6,0.8,0.6666666666666666,0.7142857142857142,0.2,0.0,0.0,0.0,0.0,0.44897959183673464,0.951219512195122,0
0.7113636363636363,0.0684931506849315,0.5,0.03249766136576239,0.4666666666666667,0.7333333333333334,0.6666666666666666,0.07142857142857142,0.2,0.0,0.0,0.0,0.0,0.44897959183673464,0.951219512195122,0
0.40251842751842754,0.2328767123287671,0.25,0.12192772754044971,0.7333333333333333,0.5333333333333333,0.6666666666666666,0.7142857142857142,0.8,1.0,1.0,0.0,0.0,0.346938775510204,0.951219512195122,0
0.0928132678132678,0.46575342465753417,0.5,0.00824585108963032,0.6,0.8,0.3333333333333333,0.21428571428571427,0.0,0.0,0.0,0.0,0.0,0.39795918367346933,0.951219512195122,1
0.12334152334152333,0.1506849315068493,0.5,0.037548418390326715,0.7333333333333333,0.5333333333333333,0.0,0.5,0.6000000000000001,0.0,0.0,0.0,0.0,0.39795918367346933,0.951219512195122,0
0.9605651105651105,0.6575342465753424,0.0,0.028024113917472192,1.0,0.6,0.3333333333333333,0.0,0.0,0.0,0.0,0.0,0.0,0.39795918367346933,0.951219512195122,0
0.5461302211302211,0.2602739726027397,0.5,0.19187541142639367,0.7333333333333333,0.5333333333333333,0.0,0.21428571428571427,0.8,0.0,0.0,0.0,0.0,0.39795918367346933,0.951219512195122,0
0.08384520884520884,0.5068493150684932,0.5,0.058500502373280666,0.7333333333333333,0.5333333333333333,0.3333333333333333,0.6428571428571428,0.4,1.0,1.0,0.0,0.0,0.19387755102040813,0.951219512195122,0
0.9095208845208845,0.1095890410958904,0.0,0.1438603055815404,0.8,0.8666666666666667,0.6666666666666666,0.0,0.2,0.0,1.0,0.0,0.0,0.346938775510204,0.04878048780487805,0
0.5113943488943489,0.5068493150684932,0.5,0.06273983993347884,0.7333333333333333,0.5333333333333333,0.3333333333333333,0.21428571428571427,0.0,0.0,0.0,0.0,0.0,0.48979591836734687,0.951219512195122,0
0.8834766584766585,0.2602739726027397,0.5,0.13547032533000727,0.7333333333333333,0.5333333333333333,0.0,0.2857142857142857,0.2,0.0,0.0,0.0,0.0,0.520408163265306,0.951219512195122,0
0.26747542997542995,0.0684931506849315,0.5,0.08206977791636351,1.0,0.6,0.6666666666666666,0.8571428571428571,0.6000000000000001,1.0,0.0,0.0,0.0,0.24489795918367346,0.951219512195122,0
0.8627764127764127,0.0,0.5,0.01704050168035201,0.0,0.33333333333333337,0.6666666666666666,0.8571428571428571,0.6000000000000001,0.0,1.0,0.0,0.0,0.09183673469387754,0.951219512195122,0
0.26934889434889436,0.136986301369863,0.25,0.0778817170772269,0.8,0.8666666666666667,0.6666666666666666,0.7142857142857142,0.2,0.0,1.0,0.0,0.0,0.39795918367346933,0.951219512195122,0
0.8908169533169533,0.2876712328767123,0.5,0.0906614004088279,0.6,0.8,0.3333333333333333,0.2857142857142857,0.0,0.0,0.0,0.0,0.0,0.39795918367346933,0.951219512195122,1
0.5572174447174447,0.3698630136986301,0.5,0.08640889720403284,1.0,0.6,0.3333333333333333,0.21428571428571427,0.0,0.0,0.0,0.0,0.0,0.6020408163265305,0.951219512195122,1
0.012407862407862407,0.1506849315068493,0.5,0.10684682811904514,0.3333333333333333,0.2,0.3333333333333333,0.42857142857142855,0.0,1.0,0.0,0.0,0.5002295684113865,0.39795918367346933,0.8048780487804879,0
0.749539312039312,0.8082191780821917,0.0,0.13144926029865225,0.06666666666666667,0.4,1.0,0.0,0.4,0.0,1.0,0.0,0.0,0.1530612244897959,0.951219512195122,0
0.9749078624078624,0.2876712328767123,0.25,0.10336971208814053,0.9333333333333333,0.9333333333333333,0.3333333333333333,0.7142857142857142,0.0,1.0,0.0,0.0,0.0,0.39795918367346933,0.951219512195122,1
0.38378378378378375,0.1780821917808219,0.5,0.270418182448117,0.7333333333333333,0.5333333333333333,0.6666666666666666,0.07142857142857142,0.8,0.0,1.0,0.0,0.0,0.39795918367346933,0.951219512195122,0
0.5003685503685503,0.2328767123287671,0.0,0.11434639503863077,0.0,0.33333333333333337,0.0,0.0,0.2,0.0,0.0,0.0,0.0,0.39795918367346933,0.0975609756097561,0
0.9921683046683046,0.2328767123287671,0.5,0.2387811384817933,1.0,0.6,0.3333333333333333,0.8571428571428571,0.0,0.0,0.0,0.0,0.0,0.44897959183673464,0.951219512195122,1
0.436977886977887,0.547945205479452,0.75,0.015252745729827115,0.3333333333333333,0.2,0.3333333333333333,0.21428571428571427,0.0,0.0,0.0,0.0,0.0,0.39795918367346933,0.951219512195122,1
0.8865786240786241,0.0410958904109589,0.5,0.18731178325191422,1.0,0.6,0.6666666666666666,0.42857142857142855,0.4,0.0,0.0,0.0,0.0,0.19387755102040813,0.951219512195122,0
0.08495085995085995,0.0958904109589041,0.5,0.12938779752624469,0.7333333333333333,0.5333333333333333,0.6666666666666666,0.21428571428571427,0.6000000000000001,0.0,0.0,0.0,0.0,0.39795918367346933,0.951219512195122,0
0.613544226044226,0.4383561643835617,0.5,0.1728184873367287,0.7333333333333333,0.5333333333333333,0.3333333333333333,0.21428571428571427,0.0,0.0,0.0,0.05013050130501305,0.0,0.6020408163265305,0.951219512195122,0
0.7893120393120393,0.136986301369863,0.5,0.1260839136610886,0.9333333333333333,0.9333333333333333,0.6666666666666666,0.7142857142857142,0.6000000000000001,0.0,1.0,0.0,0.0,0.39795918367346933,0.951219512195122,0
0.05141277641277641,0.41095890410958896,0.5,0.10987146173301458,0.4666666666666667,0.7333333333333334,0.3333333333333333,0.07142857142857142,1.0,0.0,1.0,0.0,0.0,0.39795918367346933,0.5365853658536586,1
0.06514127764127764,0.0410958904109589,0.5,0.06693829470256037,0.7333333333333333,0.5333333333333333,0.6666666666666666,0.5,0.6000000000000001,0.0,1.0,0.0,0.0,0.39795918367346933,0.951219512195122,0
0.6114864864864865,0.2602739726027397,0.5,0.08356303918511589,0.7333333333333333,0.5333333333333333,0.0,0.2857142857142857,0.8,0.0,0.0,0.0,0.0,0.44897959183673464,0.951219512195122,0
0.6078624078624079,0.4520547945205479,0.5,0.11462425943249142,0.6,0.8,0.0,0.5714285714285714,0.2,0.0,0.0,0.0,0.0,0.39795918367346933,0.951219512195122,0
0.7390970515970515,0.2602739726027397,0.5,0.03879568998371617,0.6,0.8,0.3333333333333333,0.8571428571428571,0.0,0.0,0.0,0.0,0.0,0.39795918367346933,0.951219512195122,1
0.9074017199017199,0.1506849315068493,0.5,0.1100703322592939,0.5333333333333333,0.6666666666666666,0.6666666666666666,0.07142857142857142,0.6000000000000001,0.0,1.0,0.0,0.0,0.39795918367346933,0.951219512195122,0
0.8156941031941032,0.1506849315068493,0.75,0.014605550358590581,0.7333333333333333,0.5333333333333333,0.3333333333333333,0.3571428571428571,0.0,0.0,0.0,0.0,0.0,0.7040816326530611,0.951219512195122,1
0.09093980343980344,0.6986301369863013,0.0,0.08417212347988774,0.3333333333333333,0.2,1.0,0.0,0.2,1.0,0.0,0.0,0.0,0.09183673469387754,0.951219512195122,0
0.9499692874692874,0.547945205479452,0.75,0.11692894016560994,0.7333333333333333,0.5333333333333333,0.3333333333333333,0.3571428571428571,0.0,0.0,0.0,0.0,0.0,0.6020408163265305,0.951219512195122,0
0.5554668304668304,0.136986301369863,0.5,0.05607248033814918,1.0,0.6,0.6666666666666666,0.42857142857142855,0.6000000000000001,1.0,0.0,0.0,0.0,0.39795918367346933,0.951219512195122,0
0.44637592137592136,0.0547945205479452,0.0,0.16269272078439526,0.7333333333333333,0.5333333333333333,0.6666666666666666,0.0,0.8,1.0,1.0,0.0,0.0,0.24489795918367346,0.951219512195122,0
0.9458538083538083,0.2191780821917808,0.5,0.08720992273845407,1.0,0.6,0.8333333333333333,0.5714285714285714,0.8,1.0,1.0,0.0,0.0,0.24489795918367346,0.951219512195122,0
0.985012285012285,0.0273972602739726,0.5,0.1072667428888196,0.7333333333333333,0.5333333333333333,0.6666666666666666,0.07142857142857142,0.2,0.0,1.0,0.0,0.0,0.39795918367346933,0.951219512195122,0
0.7277948402948403,0.1095890410958904,0.5,0.11243460485742993,0.7333333333333333,0.5333333333333333,0.6666666666666666,0.07142857142857142,0.8,0.0,1.0,0.0,0.0,0.4591836734693877,0.951219512195122,0
0.5995700245700245,0.2876712328767123,0.875,0.08989848595087135,0.7333333333333333,0.5333333333333333,0.3333333333333333,0.07142857142857142,1.0,1.0,1.0,0.0,0.0,0.39795918367346933,0.951219512195122,0
0.3334152334152334,0.0684931506849315,0.0,0.23702733603575513,1.0,0.6,0.6666666666666666,0.0,0.2,0.0,0.0,0.0,0.0,0.39795918367346933,0.951219512195122,0
0.32429361179361177,0.1506849315068493,0.5,0.26042130062710045,0.2,0.06666666666666667,0.6666666666666666,0.3571428571428571,0.8,0.0,0.0,0.0,0.0,0.7755102040816326,0.6341463414634146,0
0.05343980343980344,0.1780821917808219,0.5,0.07322731524789523,0.6,0.8,0.3333333333333333,0.07142857142857142,0.0,0.0,0.0,0.0,0.0,0.39795918367346933,0.951219512195122,1
0.7094594594594594,0.6986301369863013,0.5,0.15567196757093857,0.4,0.26666666666666666,0.0,0.3571428571428571,0.2,1.0,0.0,0.0,0.0,0.19387755102040813,0.951219512195122,0
0.4424447174447174,0.32876712328767127,0.5,0.065561445449191,0.6,0.8,0.3333333333333333,0.9285714285714285,0.0,0.0,0.0,0.0,0.43663911845730025,0.4183673469387755,0.951219512195122,1
0.3904176904176904,0.136986301369863,0.5,0.1402605411772858,0.9333333333333333,0.9333333333333333,0.3333333333333333,0.7142857142857142,0.0,0.0,0.0,0.0,0.0,0.4183673469387755,0.951219512195122,1
0.35936732186732184,0.6849315068493149,0.625,0.27628590236635137,0.7333333333333333,0.5333333333333333,1.0,0.2857142857142857,0.2,0.0,1.0,0.15831158311583116,0.0,0.39795918367346933,0.951219512195122,1
0.6596437346437346,0.547945205479452,0.5,0.37138966843363475,0.13333333333333333,0.4666666666666667,0.3333333333333333,0.07142857142857142,0.0,1.0,0.0,0.0,0.0,0.39795918367346933,0.951219512195122,0
0.1547911547911548,0.4931506849315069,0.875,0.09167515504278834,1.0,0.6,0.6666666666666666,0.7857142857142857,0.2,0.0,1.0,0.0,0.0,0.39795918367346933,0.951219512195122,0
0.5558660933660934,0.1780821917808219,0.25,0.04904618369538856,0.7333333333333333,0.5333333333333333,0.3333333333333333,0.5714285714285714,0.0,1.0,0.0,0.0,0.0,0.39795918367346933,0.951219512195122,0
0.6453009828009828,0.0547945205479452,0.5,0.14528635276998234,0.4,0.26666666666666666,0.6666666666666666,0.42857142857142855,0.4,0.0,0.0,0.0,0.0,0.39795918367346933,0.6341463414634146,0
0.7787469287469287,0.3835616438356165,0.5,0.062379517028721895,0.8,0.8666666666666667,0.3333333333333333,0.2857142857142857,0.0,0.0,0.0,0.15024150241502415,0.0,0.6020408163265305,0.951219512195122,1
0.6375921375921376,0.35616438356164376,0.5,0.16339881509198628,0.7333333333333333,0.5333333333333333,0.3333333333333333,0.5,0.0,0.0,0.0,0.0,0.0,0.39795918367346933,0.951219512195122,0
0.9203009828009828,0.2602739726027397,0.5,0.10954578526140733,0.7333333333333333,0.5333333333333333,0.3333333333333333,0.21428571428571427,0.0,0.0,0.0,0.0,0.0,0.44897959183673464,0.951219512195122,1
0.6941953316953317,0.0410958904109589,0.25,0.12635207705366733,1.0,0.6,0.6666666666666666,0.5714285714285714,0.2,0.0,0.0,0.0,0.0,0.39795918367346933,0.951219512195122,0
0.998556511056511,0.3972602739726027,0.5,0.02126390188130132,0.8,0.8666666666666667,0.3333333333333333,0.7142857142857142,1.0,0.0,1.0,0.0,0.0,0.21428571428571425,0.951219512195122,1
0.11148648648648649,0.1780821917808219,0.25,0.23577382808439873,0.6,0.8,0.0,0.7142857142857142,0.8,0.0,1.0,0.0,0.0,0.39795918367346933,0.951219512195122,0
0.7528255528255529,0.1506849315068493,0.5,0.11479749159823996,0.06666666666666667,0.4,0.3333333333333333,0.07142857142857142,1.0,0.0,1.0,0.0,0.0,0.39795918367346933,0.6341463414634146,0
0.7074324324324324,0.136986301369863,0.25,0.08398988324152028,0.7333333333333333,0.5333333333333333,0.6666666666666666,0.7142857142857142,0.6000000000000001,0.0,0.0,0.0,0.0,0.39795918367346933,0.951219512195122,0
0.15279484029484028,0.1643835616438356,0.5,0.045369504209541625,0.7333333333333333,0.5333333333333333,0.3333333333333333,0.07142857142857142,0.0,0.0,0.0,0.0,0.0,0.44897959183673464,0.951219512195122,0
0.0625,0.0821917808219178,0.5,0.3102664310709213,0.7333333333333333,0.5333333333333333,0.8333333333333333,0.2857142857142857,0.8,0.0,1.0,0.0,0.0,0.4183673469387755,0.951219512195122,0
0.9029176904176904,0.0547945205479452,0.5,0.17536014967259123,1.0,0.6,0.6666666666666666,0.8571428571428571,0.4,0.0,0.0,0.0,0.0,0.39795918367346933,0.951219512195122,0
0.9091216216216216,0.6575342465753424,0.0,0.10280913279977826,0.7333333333333333,0.5333333333333333,0.3333333333333333,0.0,0.0,0.0,0.0,0.0,0.0,0.19387755102040813,0.951219512195122,0
0.4711302211302211,0.0821917808219178,0.5,0.15621037314208502,0.6,0.8,0.6666666666666666,0.7142857142857142,0.2,0.0,0.0,0.0,0.0,0.37755102040816324,0.951219512195122,0
0.25113636363636366,0.30136986301369856,0.5,0.14707133700585526,0.7333333333333333,0.5333333333333333,0.3333333333333333,0.21428571428571427,0.0,0.0,0.0,0.07298072980729807,0.0,0.39795918367346933,0.951219512195122,1
0.07527641277641277,0.2465753424657534,0.5,0.11125662613033988,0.5333333333333333,0.6666666666666666,0.6666666666666666,0.5714285714285714,0.8,0.0,1.0,0.0,0.0,0.2959183673469387,0.951219512195122,0
0.595085995085995,0.2328767123287671,0.5,0.12061185600942383,0.7333333333333333,0.5333333333333333,0.8333333333333333,0.5714285714285714,0.2,0.0,1.0,0.0,0.0,0.39795918367346933,0.951219512195122,0
0.8716523341523341,0.0958904109589041,0.5,0.18231646052038944,0.7333333333333333,0.5333333333333333,0.3333333333333333,0.5,0.0,0.0,0.0,0.0,0.0,0.5,0.951219512195122,0
0.7986179361179361,0.2191780821917808,0.5,0.22790562311610021,0.6,0.8,0.3333333333333333,0.2857142857142857,0.0,0.0,0.0,0.0,0.0,0.5,0.951219512195122,1
0.8191953316953317,0.5753424657534245,0.5,0.1319315386480962,0.7333333333333333,0.5333333333333333,0.3333333333333333,0.21428571428571427,0.0,0.0,0.0,0.0,0.0,0.39795918367346933,0.951219512195122,0
0.6040847665847666,0.0273972602739726,0.5,0.0888154384506115,0.06666666666666667,0.4,0.6666666666666666,0.21428571428571427,0.4,0.0,0.0,0.0,0.0,0.24489795918367346,0.951219512195122,0
0.5724201474201474,0.2602739726027397,0.5,0.3165097183244985,0.7333333333333333,0.5333333333333333,0.0,0.8571428571428571,0.8,1.0,1.0,0.0,0.0,0.24489795918367346,0.951219512195122,0
0.3394348894348894,0.30136986301369856,0.5,0.028522329626164987,0.7333333333333333,0.5333333333333333,0.0,0.3571428571428571,0.2,0.0,1.0,0.0,0.0,0.39795918367346933,0.951219512195122,0
0.9919226044226044,0.41095890410958896,0.5,0.10268440564043932,0.7333333333333333,0.5333333333333333,0.3333333333333333,0.2857142857142857,1.0,0.0,1.0,0.0,0.0,0.2959183673469387,0.951219512195122,1
0.8800061425061425,0.0684931506849315,0.5,0.21043481273602885,1.0,0.6,0.6666666666666666,0.8571428571428571,0.2,0.0,1.0,0.0,0.0,0.39795918367346933,0.951219512195122,0
0.3357186732186732,0.1506849315068493,0.0,0.10727159338946055,0.0,0.33333333333333337,0.0,0.0,0.2,0.0,0.0,0.0,0.0,0.5,0.951219512195122,0
0.701443488943489,0.3424657534246575,0.5,0.27723660049197935,0.7333333333333333,0.5333333333333333,0.3333333333333333,0.42857142857142855,0.0,0.0,0.0,0.0,0.0,0.39795918367346933,0.951219512195122,0
0.341031941031941,0.136986301369863,0.5,0.11234729584589266,0.6,0.8,0.6666666666666666,0.7142857142857142,0.2,0.0,1.0,0.0,0.0,0.39795918367346933,0.951219512195122,0
0.9788390663390664,0.0136986301369863,0.0,0.13043689152201782,0.06666666666666667,0.4,0.6666666666666666,0.0,0.6000000000000001,0.0,1.0,0.0,0.0,0.24489795918367346,0.951219512195122,0
0.5641891891891891,0.1780821917808219,0.5,0.016186120638880225,0.06666666666666667,0.4,0.3333333333333333,0.42857142857142855,0.0,0.0,0.0,0.0,0.0,0.5,0.951219512195122,0
0.40343980343980346,0.32876712328767127,0.25,0.11139936943491667,1.0,0.6,0.0,0.5714285714285714,0.8,0.0,1.0,0.0,0.0,0.44897959183673464,0.951219512195122,0
0.6581695331695332,0.4794520547945205,0.25,0.015803624016907457,0.6666666666666666,1.0,0.3333333333333333,0.2857142857142857,0.0,0.0,0.0,0.0,0.0,0.39795918367346933,0.951219512195122,1
0.7781326781326782,0.5068493150684932,0.125,0.010495790458372308,0.7333333333333333,0.5333333333333333,0.3333333333333333,0.07142857142857142,0.0,0.0,0.0,0.0,0.0,0.39795918367346933,0.951219512195122,1
0.025583538083538082,0.7671232876712328,0.75,0.11440390811765928,0.7333333333333333,0.5333333333333333,0.3333333333333333,0.2857142857142857,0.0,0.0,0.0,0.0,0.0,0.39795918367346933,0.951219512195122,0
0.6231572481572482,0.3972602739726027,0.5,0.2713688805737449,0.7333333333333333,0.5333333333333333,0.3333333333333333,0.21428571428571427,0.0,1.0,0.0,0.0,0.43663911845730025,0.39795918367346933,0.951219512195122,1
0.5661855036855037,0.2602739726027397,0.75,0.2725697259467138,0.7333333333333333,0.5333333333333333,0.3333333333333333,0.21428571428571427,0.0,0.0,0.0,0.0,0.0,0.346938775510204,0.6341463414634146,0
0.9547604422604422,0.1780821917808219,0.5,0.03804316945570453,0.7333333333333333,0.5333333333333333,0.6666666666666666,0.42857142857142855,0.6000000000000001,1.0,1.0,0.0,0.0,0.07142857142857142,0.951219512195122,0
0.04566953316953317,0.1095890410958904,0.5,0.11246717250459065,0.7333333333333333,0.5333333333333333,0.6666666666666666,0.5714285714285714,0.6000000000000001,0.0,1.0,0.0,0.0,0.24489795918367346,0.951219512195122,0
0.059459459459459456,0.2876712328767123,0.25,0.1684987700516232,0.6,0.8,0.8333333333333333,0.7142857142857142,0.8,1.0,0.0,0.0,0.0,0.39795918367346933,0.951219512195122,0
0.4730651105651106,0.0821917808219178,0.5,0.1408994214045664,1.0,0.6,0.6666666666666666,0.5,0.8,1.0,0.0,0.0,0.0,0.39795918367346933,0.975609756097561,0
0.9478808353808353,0.3972602739726027,0.5,0.1088168243079375,0.7333333333333333,0.5333333333333333,0.8333333333333333,0.5714285714285714,0.2,1.0,1.0,0.0,0.0,0.44897959183673464,0.5609756097560976,0
0.414987714987715,0.6164383561643836,0.25,0.1281453764334962,0.7333333333333333,0.5333333333333333,1.0,0.5714285714285714,0.2,0.0,1.0,0.0,0.0,0.173469387755102,0.951219512195122,0
0.002733415233415233,0.35616438356164376,0.125,0.2761888923535322,0.6666666666666666,1.0,0.6666666666666666,0.7142857142857142,0.2,0.0,1.0,0.0,0.0,0.5,0.951219512195122,1
0.44265970515970515,0.2465753424657534,0.5,0.15664137477046738,0.7333333333333333,0.5333333333333333,0.3333333333333333,1.0,0.0,0.0,0.0,0.0,0.0,0.39795918367346933,0.951219512195122,0
0.7923218673218673,0.0684931506849315,0.5,0.19114229290094586,1.0,0.6,0.6666666666666666,0.8571428571428571,0.6000000000000001,0.0,1.0,0.0,0.0,0.346938775510204,0.951219512195122,0
0.18267813267813268,0.30136986301369856,0.5,0.21837646814260472,0.6,0.8,0.3333333333333333,0.7142857142857142,1.0,0.0,1.0,0.0,0.0,0.3571428571428571,0.951219512195122,1
0.38267813267813267,0.2054794520547945,0.5,0.1167681807157953,1.0,0.6,0.3333333333333333,1.0,0.0,0.0,0.0,0.0,0.0,0.6020408163265305,0.951219512195122,1
0.1101044226044226,0.1095890410958904,0.75,0.13657554654748294,0.7333333333333333,0.5333333333333333,0.6666666666666666,0.5714285714285714,0.4,0.0,0.0,0.0,0.0,0.31632653061224486,0.951219512195122,0
0.5885749385749386,0.3424657534246575,0.5,0.22181755188303365,0.6,0.8,0.6666666666666666,0.8571428571428571,0.2,0.0,0.0,0.0,0.0,0.39795918367346933,0.951219512195122,0
0.628531941031941,0.30136986301369856,0.5,0.12914042199355577,0.9333333333333333,0.9333333333333333,0.3333333333333333,0.7142857142857142,0.0,1.0,0.0,0.0,0.5544077134986226,0.673469387755102,0.4634146341463415,1
0.37890049140049137,0.136986301369863,0.5,0.03011329383639954,0.6,0.8,0.3333333333333333,0.2857142857142857,1.0,1.0,1.0,0.0,0.0,0.44897959183673464,0.951219512195122,1
0.28587223587223587,0.46575342465753417,0.5,0.11086581436441117,0.6,0.8,0.8333333333333333,0.8571428571428571,0.2,0.0,0.0,0.0,0.0,0.39795918367346933,0.951219512195122,0
0.4395884520884521,0.0547945205479452,0.5,0.05511138828257631,0.5333333333333333,0.6666666666666666,0.6666666666666666,0.5714285714285714,0.2,0.0,0.0,0.0,0.0,0.2959183673469387,0.951219512195122,0
0.3332923832923833,0.2328767123287671,0.5,0.098578110383536,1.0,0.6,0.6666666666666666,0.07142857142857142,0.8,0.0,1.0,0.0,0.0,0.37755102040816324,0.951219512195122,0
0.38786855036855034,0.4246575342465753,0.125,0.058600284100751826,1.0,0.6,0.6666666666666666,0.07142857142857142,0.2,0.0,0.0,0.0,0.0,0.2959183673469387,0.951219512195122,0
0.4800061425061425,0.1506849315068493,0.5,0.12408273568236149,0.6,0.8,0.3333333333333333,0.8571428571428571,0.0,0.0,0.0,0.0,0.0,0.44897959183673464,0.951219512195122,1
0.9952088452088452,0.2465753424657534,0.5,0.2547718532377092,0.7333333333333333,0.5333333333333333,0.0,0.5714285714285714,0.2,0.0,1.0,0.0,0.0,0.39795918367346933,0.951219512195122,0
0.06618550368550369,0.6712328767123288,0.0,0.0730991234452413,0.06666666666666667,0.4,0.3333333333333333,0.0,0.0,0.0,0.0,0.0,0.0,0.39795918367346933,0.951219512195122,0
0.6950859950859951,0.2465753424657534,0.5,0.10646502442573537,1.0,0.6,0.3333333333333333,0.21428571428571427,0.0,0.0,0.0,0.0,0.0,0.39795918367346933,0.951219512195122,0
0.189004914004914,0.136986301369863,0.5,0.08524616290752866,0.6,0.8,0.6666666666666666,0.8571428571428571,0.2,1.0,1.0,0.0,0.0,0.39795918367346933,0.951219512195122,0
0.37567567567567567,0.2054794520547945,0.5,0.08647126078370232,1.0,0.6,0.3333333333333333,0.2857142857142857,0.0,0.0,0.0,0.15024150241502415,0.0,0.6020408163265305,0.951219512195122,1
0.986517199017199,0.27397260273972607,0.5,0.18062224993936876,0.7333333333333333,0.5333333333333333,0.0,0.21428571428571427,0.2,0.0,0.0,0.0,0.0,0.39795918367346933,0.951219512195122,0
0.994441031941032,0.1095890410958904,0.5,0.18120569587360982,0.7333333333333333,0.5333333333333333,0.6666666666666666,0.21428571428571427,0.6000000000000001,0.0,0.0,0.0,0.0,0.36734693877551017,0.951219512195122,0
0.830558968058968,0.3835616438356165,0.25,0.17016249177147214,0.06666666666666667,0.4,0.3333333333333333,0.5714285714285714,0.0,1.0,0.0,0.0,0.0,0.5,0.951219512195122,0
0.5941953316953317,0.32876712328767127,0.5,0.2856203443855455,1.0,0.6,0.3333333333333333,0.21428571428571427,0.0,1.0,0.0,0.0,0.0,0.44897959183673464,0.951219512195122,1
0.4506756756756757,0.547945205479452,0.625,0.27763364861587503,1.0,0.6,0.3333333333333333,0.7142857142857142,0.0,0.0,0.0,0.0,0.0,0.39795918367346933,0.951219512195122,0
0.2667076167076167,0.30136986301369856,0.5,0.2332917576135537,0.7333333333333333,0.5333333333333333,0.3333333333333333,0.42857142857142855,0.0,0.0,0.0,0.0,0.0,0.39795918367346933,0.951219512195122,0
0.34124692874692875,0.1506849315068493,0.5,0.17415306794165542,0.6,0.8,0.3333333333333333,0.2857142857142857,0.0,0.0,0.0,0.0,0.0,0.39795918367346933,0.951219512195122,1
0.38215601965601964,0.1506849315068493,0.5,0.14047673492013998,0.7333333333333333,0.5333333333333333,0.3333333333333333,1.0,0.0,0.0,0.0,0.0,0.0,0.5,0.951219512195122,0
0.4320638820638821,0.5342465753424657,0.5,0.08145445726362471,0.7333333333333333,0.5333333333333333,0.3333333333333333,0.5714285714285714,1.0,0.0,1.0,0.0,0.0,0.09183673469387754,0.951219512195122,0
0.42106879606879605,0.30136986301369856,0.5,0.09848248622804281,0.7333333333333333,0.5333333333333333,0.3333333333333333,0.07142857142857142,0.0,0.0,0.0,0.0,0.0,0.39795918367346933,0.951219512195122,1
0.4822481572481572,0.0136986301369863,0.5,0.09176177112566261,0.7333333333333333,0.5333333333333333,0.6666666666666666,0.8571428571428571,0.2,0.0,1.0,0.0,0.3950872359963269,0.39795918367346933,0.951219512195122,0
0.17245085995085996,0.3698630136986301,0.5,0.32159235006756054,1.0,0.6,0.0,0.3571428571428571,0.2,0.0,1.0,0.0,0.0,0.39795918367346933,0.951219512195122,0
0.06286855036855037,0.4931506849315069,0.5,0.1067685271801268,1.0,0.6,0.6666666666666666,0.21428571428571427,0.2,0.0,0.0,0.0,0.0,0.39795918367346933,0.951219512195122,0
0.12822481572481573,0.4383561643835617,0.625,0.19223365554516164,0.7333333333333333,0.5333333333333333,0.8333333333333333,0.5714285714285714,0.2,0.0,0.0,0.0,0.0,0.44897959183673464,0.951219512195122,0
0.9433660933660933,0.0136986301369863,0.5,0.13423621938121472,1.0,0.6,0.6666666666666666,0.8571428571428571,0.8,0.0,0.0,0.021760217602176023,0.0,0.39795918367346933,0.951219512195122,0
0.13556511056511056,0.46575342465753417,0.5,0.12654471122197972,0.7333333333333333,0.5333333333333333,0.6666666666666666,0.07142857142857142,0.2,0.0,1.0,0.0,0.0,0.39795918367346933,0.951219512195122,0
0.49474815724815724,0.35616438356164376,0.5,0.06902262412084675,0.6,0.8,0.3333333333333333,0.7142857142857142,0.0,0.0,0.0,0.0,0.0,0.5,0.951219512195122,1
0.4448710073710074,0.2191780821917808,0.25,0.17830371063299033,0.26666666666666666,0.13333333333333336,0.6666666666666666,0.5714285714285714,0.8,1.0,1.0,0.0,0.0,0.39795918367346933,0.1951219512195122,0
0.6743857493857494,0.35616438356164376,0.5,0.0731940546720715,0.8,0.8666666666666667,0.6666666666666666,0.07142857142857142,0.2,0.0,0.0,0.0,0.0,0.39795918367346933,0.951219512195122,0
0.1618243243243243,0.5753424657534245,0.5,0.021436441118386863,0.4,0.26666666666666666,0.3333333333333333,1.0,0.0,0.0,0.0,0.0,0.0,0.6020408163265305,0.951219512195122,1
0.18369164619164619,0.3698630136986301,0.25,0.15524096594255624,0.7333333333333333,0.5333333333333333,0.0,1.0,0.6000000000000001,0.0,0.0,0.0,0.0,0.24489795918367346,0.951219512195122,0
0.1499078624078624,0.1095890410958904,0.5,0.20500918130478468,0.6,0.8,0.6666666666666666,0.21428571428571427,0.2,0.0,0.0,0.0,0.0,0.39795918367346933,0.6341463414634146,0
0.7135442260442261,0.6027397260273972,0.5,0.05068703876935869,0.7333333333333333,0.5333333333333333,0.3333333333333333,1.0,0.0,0.0,0.0,0.0,0.0,0.39795918367346933,0.951219512195122,0
0.812561425061425,0.32876712328767127,0.625,0.05608703184007206,0.6,0.8,0.3333333333333333,0.2857142857142857,0.0,1.0,0.0,0.0,0.45385674931129477,0.6020408163265305,0.8780487804878049,1
0.2132985257985258,0.1917808219178082,0.5,0.15060873783044038,1.0,0.6,0.3333333333333333,0.21428571428571427,0.0,0.0,0.0,0.0,0.0,0.44897959183673464,0.6341463414634146,0
0.11323710073710073,0.0958904109589041,0.5,0.20505144995322733,0.3333333333333333,0.2,0.6666666666666666,0.42857142857142855,0.4,0.0,0.0,0.0,0.0,0.39795918367346933,0.6341463414634146,0
0.31388206388206386,0.1917808219178082,0.5,0.080591761078197,0.4,0.26666666666666666,0.0,1.0,0.2,0.0,0.0,0.0,0.0,0.39795918367346933,0.951219512195122,0
0.7218366093366093,0.30136986301369856,0.5,0.21015140491286424,0.7333333333333333,0.5333333333333333,0.3333333333333333,1.0,0.0,1.0,0.0,0.0,0.0,0.39795918367346933,0.12195121951219512,0
0.649017199017199,0.3835616438356165,0.5,0.18279596715518137,0.5333333333333333,0.6666666666666666,0.3333333333333333,0.7142857142857142,0.0,0.0,0.0,0.0,0.0,0.2346938775510204,0.951219512195122,1
0.6455159705159705,0.0821917808219178,0.5,0.2315732945293282,0.7333333333333333,0.5333333333333333,0.6666666666666666,0.07142857142857142,0.2,0.0,1.0,0.0,0.0,0.5,0.951219512195122,0
0.2489250614250614,0.2054794520547945,0.625,0.0701645705574611,0.9333333333333333,0.9333333333333333,0.3333333333333333,0.7142857142857142,0.0,0.0,0.0,0.0,0.0,0.39795918367346933,0.951219512195122,1
0.8431511056511056,0.2054794520547945,0.75,0.1335876381526522,0.7333333333333333,0.5333333333333333,0.3333333333333333,1.0,0.0,0.0,0.0,0.0,0.0,0.47959183673469385,0.951219512195122,0
0.7382063882063882,0.3972602739726027,0.5,0.17833697120881406,1.0,0.6,0.3333333333333333,0.21428571428571427,0.0,0.0,0.0,0.04386043860438604,0.0,0.37755102040816324,0.951219512195122,1
0.8223587223587223,0.0273972602739726,0.0,0.205799119980598,1.0,0.6,0.6666666666666666,0.0,0.2,0.0,0.0,0.0,0.0,0.39795918367346933,0.951219512195122,0
0.020792383292383292,0.2054794520547945,0.5,0.1482742611648131,1.0,0.6,0.3333333333333333,0.07142857142857142,0.0,0.0,0.0,0.0,0.0,0.39795918367346933,0.6341463414634146,0
0.5898955773955774,0.3972602739726027,0.875,0.19852475487648547,1.0,0.6,0.6666666666666666,0.5714285714285714,0.6000000000000001,1.0,1.0,0.0,0.0,0.39795918367346933,0.951219512195122,0
0.1129914004914005,0.0136986301369863,0.5,0.06582267955513979,0.06666666666666667,0.4,0.6666666666666666,0.8571428571428571,0.6000000000000001,0.0,1.0,0.0,0.0,0.19387755102040813,0.951219512195122,0
0.8807432432432433,0.27397260273972607,0.5,0.11937151370266431,1.0,0.6,0.0,0.9285714285714285,0.8,0.0,1.0,0.0,0.0,0.39795918367346933,0.951219512195122,0
0.7337530712530712,0.4383561643835617,0.5,0.08736791047361674,0.8,0.8666666666666667,0.5,0.7857142857142857,0.2,1.0,0.0,0.0,0.0,0.39795918367346933,0.4634146341463415,0
0.1476044226044226,0.2602739726027397,0.5,0.1189114090704362,0.7333333333333333,0.5333333333333333,0.0,1.0,0.2,0.0,0.0,0.08614086140861409,0.0,0.44897959183673464,0.951219512195122,1
0.24474815724815724,0.0547945205479452,0.5,0.1126854450334338,0.7333333333333333,0.5333333333333333,0.6666666666666666,0.07142857142857142,0.6000000000000001,0.0,1.0,0.0,0.0,0.39795918367346933,0.951219512195122,0
0.20967444717444716,0.0410958904109589,0.5,0.06955825797734123,1.0,0.6,0.6666666666666666,0.5714285714285714,0.6000000000000001,0.0,1.0,0.0,0.0,0.19387755102040813,0.951219512195122,0
0.6163390663390663,0.0958904109589041,0.0,0.07068357412604372,0.4,0.26666666666666666,0.6666666666666666,0.0,0.6000000000000001,0.0,0.0,0.0,0.0,0.39795918367346933,0.951219512195122,0
0.8851044226044226,0.4931506849315069,0.5,0.0792065966808717,1.0,0.6,0.3333333333333333,0.21428571428571427,0.0,1.0,0.0,0.07688076880768807,0.0,0.39795918367346933,0.951219512195122,1
0.6839066339066339,0.7123287671232876,0.5,0.07840626407511346,0.7333333333333333,0.5333333333333333,0.0,0.5714285714285714,0.2,0.0,1.0,0.0,0.0,0.31632653061224486,0.951219512195122,0
0.03541154791154791,0.46575342465753417,0.5,0.2013387381769047,0.7333333333333333,0.5333333333333333,0.3333333333333333,0.21428571428571427,0.0,0.0,0.0,0.0,0.0,0.5408163265306122,0.951219512195122,0
0.020577395577395578,0.4246575342465753,0.125,0.06802619270346118,1.0,0.6,0.0,0.2857142857142857,0.2,0.0,0.0,0.0,0.0,0.39795918367346933,0.951219512195122,0
0.7061732186732187,0.1780821917808219,0.5,0.16294841146104008,1.0,0.6,0.3333333333333333,0.5,0.0,0.0,0.0,0.0,0.0,0.39795918367346933,0.6585365853658537,0
0.8337223587223587,0.136986301369863,0.5,0.039823996119599483,1.0,0.6,0.6666666666666666,0.07142857142857142,0.2,0.0,1.0,0.0,0.0,0.6020408163265305,0.951219512195122,0
0.7003378378378379,0.30136986301369856,0.75,0.06517825589855523,1.0,0.6,0.0,0.8571428571428571,0.8,0.0,0.0,0.0,0.0,0.4693877551020408,0.951219512195122,0
0.2656326781326781,0.1917808219178082,0.5,0.15628243772303643,0.7333333333333333,0.5333333333333333,0.5,0.6428571428571428,0.4,1.0,1.0,0.0,0.0,0.6020408163265305,0.5609756097560976,0
0.9421683046683046,0.0136986301369863,0.0,0.1614447562623428,1.0,0.6,0.6666666666666666,0.0,0.6000000000000001,0.0,0.0,0.0,0.0,0.1530612244897959,0.951219512195122,0
0.9123157248157248,0.1095890410958904,0.5,0.1518012680594533,0.7333333333333333,0.5333333333333333,0.6666666666666666,0.07142857142857142,0.2,0.0,1.0,0.0,0.0,0.39795918367346933,0.951219512195122,0
0.7162469287469287,0.0821917808219178,0.5,0.14128538266985416,1.0,0.6,0.6666666666666666,0.8571428571428571,0.6000000000000001,0.0,0.0,0.0,0.0,0.3571428571428571,0.4878048780487805,0
0.8806818181818181,0.4383561643835617,0.25,0.07457228978276687,0.6,0.8,0.3333333333333333,0.7142857142857142,1.0,0.0,1.0,0.07688076880768807,0.0,0.2959183673469387,0.951219512195122,1
0.46038083538083535,0.4794520547945205,0.875,0.16768873644458304,0.6666666666666666,1.0,0.3333333333333333,0.7142857142857142,0.0,0.0,0.0,0.0,0.4331955922865014,0.7040816326530611,0.2682926829268293,1
0.5597972972972973,0.2328767123287671,0.5,0.086982642136992,1.0,0.6,0.8333333333333333,0.8571428571428571,0.2,0.0,0.0,0.0,0.0,0.44897959183673464,0.951219512195122,0
0.9441646191646191,0.0547945205479452,0.5,0.07326889096767487,0.7333333333333333,0.5333333333333333,0.6666666666666666,0.3571428571428571,0.6000000000000001,0.0,0.0,0.0,0.0,0.2346938775510204,0.951219512195122,0
0.7387592137592137,0.6164383561643836,0.0,0.1463202023351696,0.13333333333333333,0.4666666666666667,0.0,0.0,0.2,0.0,0.0,0.0,0.0,0.39795918367346933,0.04878048780487805,0
0.6756142506142506,0.5342465753424657,0.5,0.12235110695353914,0.6,0.8,0.6666666666666666,0.2857142857142857,0.2,0.0,1.0,0.08614086140861409,0.0,0.5510204081632653,0.951219512195122,1
0.3303132678132678,0.0821917808219178,0.5,0.05044728545196272,1.0,0.6,0.6666666666666666,0.5714285714285714,0.6000000000000001,0.0,1.0,0.0,0.0,0.36734693877551017,0.951219512195122,0
0.3868857493857494,0.547945205479452,0.5,0.11675432214253544,0.6,0.8,0.3333333333333333,0.7142857142857142,0.0,0.0,0.0,0.07298072980729807,0.0,0.39795918367346933,0.951219512195122,1
0.675522113022113,0.1232876712328767,0.5,0.11354398364688355,0.26666666666666666,0.13333333333333336,0.8333333333333333,0.21428571428571427,0.2,1.0,0.0,0.0,0.0,0.346938775510204,0.6341463414634146,0
0.054146191646191645,0.1506849315068493,0.5,0.14107196064165195,0.0,0.33333333333333337,0.6666666666666666,0.5,0.6000000000000001,1.0,0.0,0.0,0.0,0.44897959183673464,0.951219512195122,0
0.9408783783783784,0.3424657534246575,0.5,0.03722482070470845,0.0,0.33333333333333337,0.6666666666666666,1.0,0.2,1.0,0.0,0.0,0.0,0.39795918367346933,0.951219512195122,0
0.7422604422604422,0.4383561643835617,0.5,0.18184873367286838,0.7333333333333333,0.5333333333333333,0.3333333333333333,0.21428571428571427,0.0,1.0,0.0,0.0,0.0,0.39795918367346933,0.951219512195122,0
0.11581695331695331,0.46575342465753417,0.5,0.12668121816858954,0.7333333333333333,0.5333333333333333,0.0,0.6428571428571428,0.6000000000000001,0.0,1.0,0.0,0.0,0.39795918367346933,0.951219512195122,0
0.9872235872235872,0.4931506849315069,0.5,0.032359768561826555,1.0,0.6,0.3333333333333333,0.7142857142857142,1.0,0.0,1.0,0.0,0.0,0.2346938775510204,0.951219512195122,0
0.7607493857493858,0.5616438356164384,0.625,0.1176433496171569,0.6666666666666666,1.0,0.3333333333333333,0.7142857142857142,0.0,0.0,0.0,0.0,0.0,0.2346938775510204,0.951219512195122,1
0.21845823095823094,0.0821917808219178,0.5,0.29348993521117,0.7333333333333333,0.5333333333333333,0.6666666666666666,0.8571428571428571,0.2,0.0,0.0,0.0,0.38314967860422405,0.5510204081632653,0.951219512195122,0
0.6034398034398034,0.3698630136986301,0.5,0.05971728510549838,0.0,0.33333333333333337,0.6666666666666666,0.3571428571428571,0.8,0.0,0.0,0.0,0.0,0.346938775510204,0.951219512195122,0
0.4893120393120393,0.4794520547945205,0.5,0.17590201988705265,0.6,0.8,0.3333333333333333,0.2857142857142857,0.0,0.0,0.0,0.0,0.0,0.39795918367346933,0.0,1
0.8190724815724816,0.1506849315068493,0.5,0.28192564875446074,0.3333333333333333,0.2,0.8333333333333333,0.42857142857142855,0.2,0.0,0.0,0.0,0.0,0.39795918367346933,0.6341463414634146,0
0.5013513513513513,0.6027397260273972,0.5,0.10239891903128573,0.7333333333333333,0.5333333333333333,0.3333333333333333,0.07142857142857142,0.0,0.0,0.0,0.0,0.0,0.39795918367346933,0.951219512195122,0
0.5846437346437346,0.2602739726027397,0.5,0.18562450195752347,0.8,0.8666666666666667,0.3333333333333333,0.2857142857142857,0.0,0.0,0.0,0.0,0.0,0.5,0.951219512195122,1
0.008875921375921376,0.4520547945205479,0.5,0.1258351522710737,0.3333333333333333,0.2,0.3333333333333333,0.21428571428571427,0.0,0.0,0.0,0.0,0.0,0.39795918367346933,0.17073170731707318,0
0.20095208845208845,0.7945205479452053,0.75,0.15925094411530333,0.7333333333333333,0.5333333333333333,0.0,0.8571428571428571,0.2,0.0,0.0,0.023460234602346024,0.0,0.14285714285714282,0.951219512195122,0
0.9089066339066338,0.8767123287671232,0.75,0.12538682742611648,0.2,0.06666666666666667,1.0,0.8571428571428571,0.4,0.0,0.0,0.0,0.0,0.44897959183673464,0.6341463414634146,0
0.9012285012285012,0.0410958904109589,0.5,0.07811038353601496,0.7333333333333333,0.5333333333333333,0.6666666666666666,0.5714285714285714,0.6000000000000001,0.0,1.0,0.0,0.0,0.2959183673469387,0.951219512195122,0
0.3375921375921376,0.0273972602739726,0.5,0.1291501229948377,0.3333333333333333,0.2,0.6666666666666666,0.5714285714285714,0.2,0.0,1.0,0.0,0.0,0.39795918367346933,0.951219512195122,0
0.8992014742014742,0.6438356164383561,0.5,0.0711700100474656,1.0,0.6,0.8333333333333333,0.5714285714285714,0.2,0.0,0.0,0.0,0.0,0.39795918367346933,0.951219512195122,0
0.45006142506142505,0.2191780821917808,0.5,0.0976100890413332,0.7333333333333333,0.5333333333333333,0.6666666666666666,0.42857142857142855,0.6000000000000001,0.0,0.0,0.04416044160441605,0.0,0.39795918367346933,0.951219512195122,0
0.4273955773955774,0.7123287671232876,0.25,0.013859959117208881,0.0,0.33333333333333337,0.3333333333333333,1.0,0.0,0.0,0.0,0.0,0.0,0.24489795918367346,0.951219512195122,0
0.7566339066339066,0.0958904109589041,0.0,0.014087932647333956,0.6,0.8,0.0,0.0,0.2,0.0,1.0,0.0,0.0,0.39795918367346933,0.951219512195122,0
0.33685503685503687,0.2602739726027397,0.5,0.043507604892076356,1.0,0.6,0.6666666666666666,0.21428571428571427,0.2,1.0,0.0,0.0,0.0,0.5510204081632653,0.951219512195122,0
0.4598280098280098,0.136986301369863,0.5,0.16851401448220907,0.26666666666666666,0.13333333333333336,0.6666666666666666,0.5714285714285714,0.4,0.0,0.0,0.0,0.0,0.39795918367346933,0.6341463414634146,0
0.34917076167076166,0.1506849315068493,0.5,0.20918961992862836,0.0,0.33333333333333337,0.6666666666666666,0.42857142857142855,0.4,1.0,0.0,0.0,0.0,0.39795918367346933,0.951219512195122,0
0.9218366093366093,0.1232876712328767,0.5,0.09402834078231646,0.06666666666666667,0.4,0.0,0.21428571428571427,0.2,0.0,1.0,0.0,0.0,0.39795918367346933,0.951219512195122,0
0.033753071253071254,0.35616438356164376,0.5,0.11777639192045179,1.0,0.6,0.0,0.7142857142857142,0.8,0.0,1.0,0.0,0.0,0.39795918367346933,0.951219512195122,0
0.07619778869778869,0.3698630136986301,0.625,0.0975969233967363,0.6,0.8,0.3333333333333333,0.2857142857142857,0.0,0.0,0.0,0.07688076880768807,0.0,0.520408163265306,0.951219512195122,1
0.027303439803439803,0.1643835616438356,0.5,0.11421820323597685,0.5333333333333333,0.6666666666666666,0.0,0.9285714285714285,0.2,0.0,1.0,0.021740217402174022,0.0,0.44897959183673464,0.951219512195122,0
0.30482186732186733,0.7123287671232876,0.5,0.07661365762394762,0.7333333333333333,0.5333333333333333,0.3333333333333333,0.21428571428571427,0.0,0.0,0.0,0.0,0.0,0.1530612244897959,0.951219512195122,0
0.1796990171990172,0.2602739726027397,0.5,0.19081384471468663,0.7333333333333333,0.5333333333333333,0.6666666666666666,0.07142857142857142,0.6000000000000001,1.0,0.0,0.0,0.0,0.39795918367346933,0.951219512195122,0
0.3806203931203931,0.32876712328767127,0.5,0.031145757544260813,0.6,0.8,0.3333333333333333,0.8571428571428571,0.0,0.0,0.0,0.0,0.0,0.7040816326530611,0.951219512195122,0
0.15958230958230957,0.3150684931506849,0.875,0.34233724838027924,0.6666666666666666,1.0,0.3333333333333333,0.7142857142857142,0.0,1.0,0.0,0.0,0.0,0.39795918367346933,0.8780487804878049,1
0.9942260442260442,0.46575342465753417,0.5,0.019648685167861966,1.0,0.6,0.3333333333333333,0.2857142857142857,0.0,0.0,0.0,0.0,0.0,0.6020408163265305,0.951219512195122,1
0.1627149877149877,0.2191780821917808,0.5,0.06087378304403561,0.7333333333333333,0.5333333333333333,0.3333333333333333,0.07142857142857142,1.0,0.0,1.0,0.0,0.39944903581267216,0.24489795918367346,0.951219512195122,0
0.6424447174447174,0.4383561643835617,0.5,0.1251491528947095,0.7333333333333333,0.5333333333333333,0.3333333333333333,0.21428571428571427,0.0,0.0,0.0,0.0,0.0,0.39795918367346933,0.951219512195122,1
0.27214373464373465,0.3424657534246575,0.5,0.1762983750822853,1.0,0.6,0.8333333333333333,0.07142857142857142,0.8,1.0,1.0,0.0,0.0,0.4081632653061224,0.951219512195122,0
0.8528255528255528,0.136986301369863,0.5,0.2577853999930707,1.0,0.6,0.6666666666666666,0.21428571428571427,0.2,0.0,0.0,0.0,0.0,0.44897959183673464,0.951219512195122,0
0.08525798525798525,0.1232876712328767,0.5,0.12228943630253265,0.6,0.8,0.6666666666666666,0.8571428571428571,0.6000000000000001,0.0,0.0,0.0,0.0,0.39795918367346933,0.951219512195122,0
0.3207616707616708,0.6301369863013697,0.625,0.04731801960988116,0.6,0.8,0.3333333333333333,0.3571428571428571,0.0,0.0,0.0,0.0,0.0,0.39795918367346933,0.951219512195122,1
0.01167076167076167,0.5068493150684932,0.5,0.11227800297959324,0.7333333333333333,0.5333333333333333,0.0,1.0,0.2,0.0,0.0,0.0,0.0,0.39795918367346933,0.951219512195122,0
0.7719594594594594,0.3150684931506849,0.5,0.024048089249211792,0.6666666666666666,1.0,0.3333333333333333,0.7142857142857142,1.0,0.0,1.0,0.0,0.45385674931129477,0.19387755102040813,0.951219512195122,1
0.9523341523341523,0.41095890410958896,0.875,0.12112531614870249,0.6,0.8,0.3333333333333333,0.2857142857142857,0.0,0.0,0.0,0.0,0.0,0.39795918367346933,0.951219512195122,1
0.9786547911547911,0.136986301369863,0.5,0.1377174929840973,0.2,0.06666666666666667,0.6666666666666666,0.21428571428571427,0.2,0.0,0.0,0.0,0.0,0.39795918367346933,0.6341463414634146,0
0.8281326781326781,0.6027397260273972,0.5,0.058465855940130956,1.0,0.6,0.3333333333333333,0.07142857142857142,1.0,0.0,1.0,0.15024150241502415,0.0,0.336734693877551,0.951219512195122,1
0.5372235872235872,0.1232876712328767,0.5,0.1647458684128469,1.0,0.6,0.3333333333333333,0.07142857142857142,0.0,0.0,0.0,0.0,0.0,0.39795918367346933,0.951219512195122,1
0.9998464373464373,0.0684931506849315,0.5,0.20640058206007691,1.0,0.6,0.6666666666666666,0.7857142857142857,0.2,0.0,0.0,0.0,0.0,0.39795918367346933,0.951219512195122,0
0.7971437346437347,0.0958904109589041,0.5,0.18764993243945538,0.7333333333333333,0.5333333333333333,0.6666666666666666,0.07142857142857142,0.4,1.0,0.0,0.0,0.0,0.39795918367346933,0.5609756097560976,0
0.9015970515970516,0.4794520547945205,0.75,0.08753490628139833,0.7333333333333333,0.5333333333333333,0.3333333333333333,0.8571428571428571,0.0,0.0,0.0,0.07688076880768807,0.0,0.5510204081632653,0.951219512195122,1
0.07558353808353808,0.1232876712328767,0.75,0.18851678619686105,0.4666666666666667,0.7333333333333334,0.6666666666666666,0.21428571428571427,0.2,0.0,0.0,0.0,0.0,0.39795918367346933,0.951219512195122,0
0.5916769041769042,0.27397260273972607,0.5,0.13874302740532862,0.7333333333333333,0.5333333333333333,0.3333333333333333,0.5,0.0,0.0,0.0,0.034640346403464035,0.0,0.5,0.951219512195122,0
0.6461916461916462,0.1780821917808219,0.5,0.10179260645116585,0.6,0.8,0.3333333333333333,0.7142857142857142,0.0,0.0,0.0,0.0,0.43663911845730025,0.5510204081632653,0.951219512195122,1
0.7167997542997543,0.1643835616438356,0.875,0.13320236981602745,0.8,0.8666666666666667,0.3333333333333333,0.7142857142857142,0.0,0.0,0.0,0.0,0.0,0.14285714285714282,0.951219512195122,0
0.3393427518427518,0.5205479452054793,0.5,0.25616186813567543,0.6,0.8,0.3333333333333333,0.21428571428571427,0.4,0.0,0.0,0.0,0.0,0.39795918367346933,0.951219512195122,0
0.14087837837837838,0.6575342465753424,0.5,0.09096005266257838,1.0,0.6,0.8333333333333333,0.07142857142857142,0.2,0.0,1.0,0.0,0.0,0.37755102040816324,0.951219512195122,0
0.7293304668304668,0.0273972602739726,0.5,0.01633925787340193,1.0,0.6,0.6666666666666666,0.5714285714285714,0.2,0.0,1.0,0.0,0.0,0.2959183673469387,0.951219512195122,0
0.6123771498771499,0.0684931506849315,0.5,0.023750822852787304,0.5333333333333333,0.6666666666666666,0.3333333333333333,0.5,0.0,0.0,0.0,0.0,0.0,0.39795918367346933,0.951219512195122,0
0.15267199017199018,0.3972602739726027,0.875,0.012064580951391053,0.7333333333333333,0.5333333333333333,0.3333333333333333,1.0,0.0,0.0,0.0,0.0,0.0,0.39795918367346933,0.951219512195122,0
0.763943488943489,0.6301369863013697,0.75,0.22994352631396597,0.6,0.8,0.3333333333333333,0.8571428571428571,0.0,0.0,0.0,0.0,0.0,0.5,0.951219512195122,1
0.5945331695331695,0.30136986301369856,0.5,0.19989259605723592,0.7333333333333333,0.5333333333333333,0.0,0.9285714285714285,0.8,0.0,1.0,0.0,0.0,0.5,0.951219512195122,0
0.3127149877149877,0.30136986301369856,0.5,0.06920486435921422,1.0,0.6,0.3333333333333333,0.8571428571428571,0.0,0.0,0.0,0.0,0.0,0.2551020408163265,0.0,0
0.6562039312039312,0.1506849315068493,0.5,0.12341475245123514,0.6,0.8,0.6666666666666666,0.8571428571428571,0.2,0.0,0.0,0.0,0.0,0.39795918367346933,0.951219512195122,0
0.4933353808353808,0.6575342465753424,0.0,0.1305921075425285,0.7333333333333333,0.5333333333333333,0.3333333333333333,0.0,0.0,0.0,0.0,0.0,0.0,0.24489795918367346,0.951219512195122,0
0.6856265356265356,0.136986301369863,0.5,0.027539063853376296,0.6,0.8,0.3333333333333333,0.2857142857142857,1.0,1.0,1.0,0.0,0.0,0.39795918367346933,0.8536585365853658,0
0.6277334152334152,0.0,0.5,0.05609257526937601,0.13333333333333333,0.4666666666666667,0.6666666666666666,0.5714285714285714,0.6000000000000001,0.0,1.0,0.0,0.3950872359963269,0.24489795918367346,0.951219512195122,0
0.8656941031941032,0.1643835616438356,0.5,0.337395281155805,1.0,0.6,0.3333333333333333,0.7142857142857142,0.0,0.0,0.0,0.0,0.0,0.39795918367346933,0.951219512195122,0
0.41686117936117933,0.2465753424657534,0.5,0.15429927588954717,0.7333333333333333,0.5333333333333333,0.6666666666666666,0.5,0.4,0.0,0.0,0.0,0.0,0.39795918367346933,0.6341463414634146,0
0.45374692874692873,0.4794520547945205,0.5,0.07970758410421647,0.8,0.8666666666666667,0.3333333333333333,0.7142857142857142,0.0,0.0,0.0,0.0,0.0,0.39795918367346933,0.951219512195122,1
0.8634520884520884,0.0410958904109589,0.5,0.13038492187229325,0.3333333333333333,0.2,0.6666666666666666,0.5,0.6000000000000001,0.0,1.0,0.0,0.0,0.520408163265306,0.951219512195122,0
0.16164004914004915,0.0547945205479452,0.5,0.06464470082804975,1.0,0.6,0.6666666666666666,0.5714285714285714,0.6000000000000001,0.0,1.0,0.0,0.0,0.2959183673469387,0.951219512195122,0
0.663022113022113,0.27397260273972607,0.5,0.14081557703634412,0.7333333333333333,0.5333333333333333,0.3333333333333333,0.2857142857142857,0.0,0.0,0.0,0.04386043860438604,0.0,0.44897959183673464,0.951219512195122,1
0.1632063882063882,0.3424657534246575,0.75,0.03795863215881925,0.7333333333333333,0.5333333333333333,0.3333333333333333,0.3571428571428571,0.0,0.0,0.0,0.0,0.0,0.6020408163265305,0.951219512195122,0
0.7394041769041769,0.1643835616438356,0.5,0.12656688493919552,0.6,0.8,0.3333333333333333,0.2857142857142857,0.0,0.0,0.0,0.0,0.0,0.39795918367346933,0.951219512195122,0
0.5780405405405405,0.0958904109589041,0.5,0.14015868066382567,1.0,0.6,0.3333333333333333,0.42857142857142855,0.0,0.0,0.0,0.0,0.0,0.39795918367346933,0.951219512195122,0
0.40829238329238327,0.1095890410958904,0.25,0.04984859508713578,0.6,0.8,0.6666666666666666,0.7142857142857142,0.2,0.0,1.0,0.0,0.0,0.39795918367346933,0.951219512195122,0
0.576044226044226,0.0821917808219178,0.5,0.047392855905484525,1.0,0.6,0.3333333333333333,0.8571428571428571,0.6000000000000001,0.0,1.0,0.0,0.0,0.1530612244897959,0.951219512195122,0
0.40792383292383294,0.2465753424657534,0.75,0.05964383466722101,0.6,0.8,0.3333333333333333,0.7142857142857142,0.0,0.0,0.0,0.0,0.0,0.39795918367346933,0.951219512195122,0
0.4125921375921376,0.2876712328767123,0.5,0.1237639884973842,0.6,0.8,0.3333333333333333,0.2857142857142857,0.0,0.0,0.0,0.07298072980729807,0.0,0.5,0.951219512195122,1
0.7383292383292384,0.136986301369863,0.5,0.07341232720091466,1.0,0.6,0.6666666666666666,0.07142857142857142,0.6000000000000001,0.0,1.0,0.0,0.0,0.39795918367346933,0.951219512195122,0
0.08513513513513514,0.0410958904109589,0.5,0.2937795793923016,1.0,0.6,0.6666666666666666,0.5714285714285714,0.6000000000000001,0.0,0.0,0.0,0.0,0.346938775510204,0.951219512195122,0
0.65497542997543,0.0410958904109589,0.5,0.01781935349755743,1.0,0.6,0.6666666666666666,0.5714285714285714,0.6000000000000001,0.0,1.0,0.0,0.0,0.19387755102040813,0.951219512195122,0
0.7492014742014742,0.1506849315068493,0.5,0.08759103350310085,0.6,0.8,0.3333333333333333,0.7142857142857142,0.0,0.0,0.0,0.0,0.4331955922865014,0.39795918367346933,0.951219512195122,1
0.07285012285012285,0.7808219178082192,0.0,0.22773377680767765,0.4,0.26666666666666666,0.3333333333333333,0.0,0.0,0.0,0.0,0.03471034710347103,0.0,0.39795918367346933,0.951219512195122,0
0.48415233415233416,0.2191780821917808,0.5,0.0834424695977549,0.4,0.26666666666666666,0.8333333333333333,0.07142857142857142,0.2,0.0,0.0,0.0,0.0,0.47959183673469385,0.951219512195122,0
0.7330159705159704,0.2054794520547945,0.625,0.23088660222430102,1.0,0.6,0.3333333333333333,0.2857142857142857,0.0,0.0,0.0,0.0,0.0,0.5510204081632653,0.951219512195122,1
0.5748464373464374,0.1232876712328767,0.5,0.10395107923639262,1.0,0.6,0.6666666666666666,0.5,0.2,1.0,0.0,0.0,0.0,0.39795918367346933,0.7317073170731707,0
0.22463144963144963,0.0547945205479452,0.5,0.19400547413643765,0.7333333333333333,0.5333333333333333,0.6666666666666666,0.21428571428571427,0.2,0.0,0.0,0.0,0.0,0.346938775510204,0.951219512195122,0
0.2646191646191646,0.0821917808219178,0.5,0.15806603610158335,0.6,0.8,0.6666666666666666,0.8571428571428571,0.2,1.0,0.0,0.0,0.0,0.14285714285714282,0.951219512195122,0
0.5011056511056511,0.1095890410958904,0.5,0.09424869209714859,0.6,0.8,0.6666666666666666,0.7142857142857142,0.6000000000000001,0.0,1.0,0.0,0.0,0.14285714285714282,0.951219512195122,0
0.22205159705159705,0.136986301369863,0.5,0.08539306378408343,0.7333333333333333,0.5333333333333333,0.3333333333333333,0.5,1.0,0.0,1.0,0.0,0.0,0.39795918367346933,0.14634146341463417,0
0.5201167076167076,0.1095890410958904,0.5,0.03981152340366559,0.0,0.33333333333333337,0.6666666666666666,0.5,0.6000000000000001,0.0,0.0,0.0,0.0,0.39795918367346933,0.951219512195122,0
0.0008292383292383292,0.5068493150684932,0.0,0.11636073866195475,1.0,0.6,0.3333333333333333,0.0,0.0,1.0,0.0,0.0,0.0,0.6020408163265305,0.8536585365853658,1
0.4235257985257985,0.5753424657534245,0.5,0.10927277136818764,0.6,0.8,0.3333333333333333,0.2857142857142857,0.0,0.0,0.0,0.0,0.4595959595959596,0.5,0.951219512195122,0
0.73495085995086,0.3424657534246575,0.5,0.10057166614697016,0.6,0.8,0.0,0.2857142857142857,0.8,0.0,1.0,0.0,0.0,0.44897959183673464,0.951219512195122,0
0.4602272727272727,0.4520547945205479,0.25,0.07477046738038319,0.8,0.8666666666666667,0.0,0.7142857142857142,0.2,0.0,1.0,0.0,0.0,0.44897959183673464,0.951219512195122,0
0.2703316953316953,0.4520547945205479,0.5,0.11657623947614594,1.0,0.6,0.6666666666666666,0.42857142857142855,0.2,0.0,0.0,0.0,0.0,0.37755102040816324,0.951219512195122,0
0.26253071253071253,0.1232876712328767,0.5,0.2801455150192288,0.7333333333333333,0.5333333333333333,0.3333333333333333,0.5,0.0,1.0,0.0,0.0,0.0,0.44897959183673464,0.951219512195122,0
0.845485257985258,0.1917808219178082,0.5,0.06901430897689083,0.7333333333333333,0.5333333333333333,0.6666666666666666,0.21428571428571427,0.4,0.0,0.0,0.0,0.0,0.39795918367346933,0.951219512195122,0
0.5088759213759214,0.6438356164383561,0.25,0.05020406749125177,0.7333333333333333,0.5333333333333333,0.3333333333333333,0.5714285714285714,0.0,1.0,0.0,0.0,0.0,0.346938775510204,0.951219512195122,1
0.07334152334152334,0.136986301369863,0.5,0.13041956830544296,0.3333333333333333,0.2,0.3333333333333333,1.0,0.0,0.0,0.0,0.0,0.0,0.44897959183673464,0.951219512195122,0
0.5581081081081081,0.4931506849315069,0.125,0.11428264560163531,1.0,0.6,0.6666666666666666,0.7142857142857142,0.8,0.0,1.0,0.0,0.0,0.39795918367346933,0.951219512195122,0
0.5312653562653562,0.2602739726027397,0.75,0.05028098257284412,0.7333333333333333,0.5333333333333333,0.8333333333333333,0.5714285714285714,0.2,0.0,1.0,0.0,0.0,0.1530612244897959,0.951219512195122,0
0.8405405405405405,0.4931506849315069,0.625,0.19812909260991582,0.6,0.8,0.3333333333333333,0.8571428571428571,0.0,0.0,0.0,0.0,0.0,0.44897959183673464,0.951219512195122,1
0.542997542997543,0.0821917808219178,0.5,0.11625056300453868,0.7333333333333333,0.5333333333333333,0.6666666666666666,0.5714285714285714,0.6000000000000001,0.0,0.0,0.0,0.0,0.39795918367346933,0.951219512195122,0
0.7574938574938574,0.0273972602739726,0.5,0.23526106087378304,0.7333333333333333,0.5333333333333333,0.6666666666666666,0.5,0.6000000000000001,0.0,0.0,0.0,0.0,0.346938775510204,0.951219512195122,0
0.8874692874692874,0.27397260273972607,0.5,0.39893150400166305,0.6,0.8,0.3333333333333333,0.2857142857142857,0.0,0.0,0.0,0.15024150241502415,0.0,0.39795918367346933,0.951219512195122,1
0.9562039312039312,0.0136986301369863,0.5,0.030716141773204447,1.0,0.6,0.6666666666666666,0.7857142857142857,0.6000000000000001,0.0,1.0,0.0,0.0,0.19387755102040813,0.951219512195122,0
0.398556511056511,0.3698630136986301,0.5,0.11069327512732564,0.7333333333333333,0.5333333333333333,0.3333333333333333,1.0,0.0,0.0,0.0,0.0,0.0,0.39795918367346933,0.951219512195122,0
0.18495085995085994,0.46575342465753417,0.25,0.2125690330180508,0.7333333333333333,0.5333333333333333,0.3333333333333333,1.0,0.0,1.0,0.0,0.0,0.0,0.6020408163265305,0.951219512195122,0
0.20902948402948401,0.0136986301369863,0.5,0.07351349478571181,1.0,0.6,0.6666666666666666,0.8571428571428571,0.6000000000000001,0.0,1.0,0.0,0.0,0.14285714285714282,0.951219512195122,0
0.5508292383292384,0.0821917808219178,0.5,0.08905034126736652,0.6,0.8,0.6666666666666666,0.07142857142857142,0.2,0.0,1.0,0.0,0.0,0.39795918367346933,0.951219512195122,0
0.1988943488943489,0.32876712328767127,0.25,0.13718185912760283,0.8,0.8666666666666667,0.6666666666666666,0.7142857142857142,0.2,1.0,1.0,0.0,0.0,0.39795918367346933,0.951219512195122,0
0.955620393120393,0.1643835616438356,0.5,0.19243044728545197,0.7333333333333333,0.5333333333333333,0.6666666666666666,1.0,0.8,0.0,0.0,0.0,0.0,0.5510204081632653,0.951219512195122,0
0.7589987714987715,0.6986301369863013,0.5,0.07272355610989849,0.6,0.8,0.3333333333333333,0.2857142857142857,0.0,0.0,0.0,0.20051200512005118,0.0,0.44897959183673464,0.951219512195122,1
0.0433046683046683,0.4246575342465753,0.5,0.22,0.7333333333333333,0.5333333333333333,1.0,0.5714285714285714,0.8,0.0,1.0,0.0,0.0,0.39795918367346933,0.951219512195122,0
0.5029791154791154,0.5068493150684932,0.75,0.09874233447666562,0.6,0.8,0.0,0.2857142857142857,0.2,0.0,0.0,0.0,0.0,0.5,0.951219512195122,0
0.12275798525798526,0.27397260273972607,0.5,0.1965589162595711,0.7333333333333333,0.5333333333333333,0.3333333333333333,0.21428571428571427,0.0,0.0,0.0,0.0,0.37373737373737376,0.39795918367346933,0.951219512195122,0
0.5744164619164619,0.7671232876712328,0.125,0.08008384436822229,1.0,0.6,1.0,0.9285714285714285,0.2,0.0,1.0,0.032730327303273035,0.0,0.39795918367346933,0.951219512195122,0
0.3037162162162162,0.0684931506849315,0.5,0.14329834043585213,1.0,0.6,0.3333333333333333,0.8571428571428571,0.0,0.0,0.0,0.0,0.0,0.5510204081632653,0.951219512195122,0
0.10583538083538083,0.2191780821917808,0.5,0.15763849911651595,0.8666666666666667,0.0,0.3333333333333333,0.3571428571428571,0.0,0.0,0.0,0.0,0.0,0.39795918367346933,0.6341463414634146,0
0.11833538083538084,0.0410958904109589,0.5,0.12306620933374908,0.13333333333333333,0.4666666666666667,0.6666666666666666,0.5714285714285714,0.2,0.0,0.0,0.0,0.0,0.39795918367346933,0.951219512195122,0
0.45476044226044227,0.2191780821917808,0.5,0.06450126459480997,0.7333333333333333,0.5333333333333333,0.0,0.7857142857142857,0.2,0.0,0.0,0.0,0.0,0.7040816326530611,0.951219512195122,0
0.9008292383292383,0.27397260273972607,0.5,0.14709558950906004,0.7333333333333333,0.5333333333333333,0.6666666666666666,0.21428571428571427,0.8,0.0,0.0,0.0,0.0,0.39795918367346933,0.951219512195122,0
0.523095823095823,0.2602739726027397,0.125,0.053215535460624325,0.5333333333333333,0.6666666666666666,0.3333333333333333,0.9285714285714285,0.0,0.0,0.0,0.0,0.0,0.39795918367346933,0.951219512195122,0
0.8088144963144963,0.1232876712328767,0.5,0.1117749367702595,0.8,0.8666666666666667,0.3333333333333333,0.5,0.0,0.0,0.0,0.0,0.0,0.19387755102040813,0.04878048780487805,0
0.5792997542997543,0.27397260273972607,0.75,0.0661414267401171,0.7333333333333333,0.5333333333333333,0.3333333333333333,0.21428571428571427,0.0,0.0,0.0,0.0,0.0,0.44897959183673464,0.951219512195122,0
0.5443181818181818,0.0136986301369863,0.0,0.07135294321449606,0.06666666666666667,0.4,0.6666666666666666,0.0,0.6000000000000001,0.0,0.0,0.0,0.0,0.11224489795918367,0.951219512195122,0
0.6187960687960687,0.3424657534246575,0.25,0.14939888438485258,0.6,0.8,0.3333333333333333,0.2857142857142857,0.0,0.0,0.0,0.0,0.3409090909090909,0.39795918367346933,0.951219512195122,0
0.6171990171990172,0.1506849315068493,0.5,0.12281814087239719,0.4666666666666667,0.7333333333333334,0.3333333333333333,0.7142857142857142,0.0,0.0,0.0,0.0,0.0,0.39795918367346933,0.951219512195122,1
0.5952088452088452,0.0,0.5,0.05762464054325607,0.0,0.33333333333333337,0.6666666666666666,0.5714285714285714,0.6000000000000001,0.0,0.0,0.0,0.0,0.14285714285714282,0.951219512195122,0
0.9758906633906633,0.6027397260273972,0.0,0.06189030939264803,0.6666666666666666,1.0,0.3333333333333333,0.0,0.0,0.0,0.0,0.0,0.0,0.24489795918367346,0.951219512195122,1
0.7601044226044226,0.3424657534246575,0.5,0.2916432803242906,1.0,0.6,0.3333333333333333,0.21428571428571427,0.0,0.0,0.0,0.0,0.0,0.6020408163265305,0.951219512195122,1
0.509490171990172,0.2328767123287671,0.5,0.17991754148910372,0.8,0.8666666666666667,0.6666666666666666,0.2857142857142857,0.8,0.0,1.0,0.0,0.0,0.5,0.951219512195122,0
0.025337837837837836,0.547945205479452,0.5,0.015233343727263279,0.7333333333333333,0.5333333333333333,1.0,1.0,0.8,0.0,0.0,0.0,0.14990817263544537,0.4183673469387755,0.951219512195122,1
0.45104422604422606,0.1780821917808219,0.5,0.028410075182759932,0.7333333333333333,0.5333333333333333,0.3333333333333333,0.8571428571428571,0.0,0.0,0.0,0.0,0.0,0.520408163265306,0.951219512195122,1
0.2868550368550368,0.3150684931506849,0.0,0.04985413851643973,0.7333333333333333,0.5333333333333333,0.6666666666666666,0.0,0.2,0.0,1.0,0.0,0.0,0.030612244897959183,0.951219512195122,0
0.8065724815724815,0.5890410958904109,0.5,0.11537747288916606,0.7333333333333333,0.5333333333333333,1.0,0.42857142857142855,0.2,0.0,1.0,0.0,0.0,0.39795918367346933,0.951219512195122,0
0.9289312039312039,0.4383561643835617,0.25,0.19828846620240448,0.9333333333333333,0.9333333333333333,0.3333333333333333,0.7142857142857142,1.0,0.0,1.0,0.0,0.45385674931129477,0.6020408163265305,0.951219512195122,1
0.6601658476658476,0.32876712328767127,0.5,0.01458337664137477,0.7333333333333333,0.5333333333333333,0.3333333333333333,0.21428571428571427,0.0,0.0,0.0,0.0,0.0,0.44897959183673464,0.951219512195122,0
0.7556203931203931,0.2465753424657534,0.75,0.06928316529813255,0.6,0.8,0.3333333333333333,0.2857142857142857,0.0,0.0,0.0,0.0,0.0,0.5,0.951219512195122,1
0.28538083538083536,0.4246575342465753,0.5,0.11970758410421646,0.3333333333333333,0.2,0.3333333333333333,1.0,0.0,0.0,0.0,0.0,0.3838383838383838,0.5510204081632653,0.951219512195122,0
0.3087530712530712,0.35616438356164376,0.75,0.14751065377819356,0.06666666666666667,0.4,0.3333333333333333,0.21428571428571427,0.0,0.0,0.0,0.0,0.0,0.5510204081632653,0.951219512195122,0
0.7218980343980343,0.3424657534246575,0.5,0.05954058829643488,0.6,0.8,0.3333333333333333,0.2857142857142857,0.0,0.0,0.0,0.15024150241502415,0.0,0.44897959183673464,0.951219512195122,1
0.021253071253071253,0.3424657534246575,0.5,0.17332917576135537,1.0,0.6,0.3333333333333333,0.7142857142857142,0.0,0.0,0.0,0.0,0.0,0.5,0.951219512195122,0
0.18605651105651105,0.5342465753424657,0.5,0.1257894189793161,0.4,0.26666666666666666,0.0,0.21428571428571427,0.2,0.0,0.0,0.0,0.0,0.39795918367346933,0.951219512195122,0
0.7374692874692874,0.1232876712328767,0.5,0.004533139313307694,1.0,0.6,0.6666666666666666,1.0,0.2,0.0,0.0,0.0,0.0,0.39795918367346933,0.951219512195122,0
0.4312346437346437,0.4520547945205479,0.625,0.06414024876139002,0.9333333333333333,0.9333333333333333,0.3333333333333333,0.7142857142857142,0.0,1.0,0.0,0.0,0.0,0.39795918367346933,0.4634146341463415,0
0.6652027027027027,0.2876712328767123,0.5,0.08282091258704916,0.5333333333333333,0.6666666666666666,0.0,0.21428571428571427,0.8,0.0,0.0,0.0,0.0,0.39795918367346933,0.951219512195122,0
0.6240479115479115,0.4520547945205479,0.5,0.018033468454422615,0.3333333333333333,0.2,0.0,0.5714285714285714,0.4,0.0,1.0,0.0,0.0,0.39795918367346933,0.951219512195122,0
0.40755528255528256,0.32876712328767127,0.5,0.061884073034681075,0.8,0.8666666666666667,0.3333333333333333,0.7142857142857142,0.0,0.0,0.0,0.15024150241502415,0.0,0.5,0.951219512195122,1
0.05773955773955774,0.0958904109589041,0.5,0.1870332259293906,0.7333333333333333,0.5333333333333333,0.6666666666666666,0.5714285714285714,0.8,0.0,0.0,0.0,0.0,0.39795918367346933,0.1951219512195122,0
0.4080159705159705,0.4931506849315069,0.5,0.14646779614038735,0.7333333333333333,0.5333333333333333,1.0,0.5,0.2,0.0,0.0,0.06849068490684906,0.0,0.39795918367346933,0.951219512195122,0
0.5633599508599508,0.0410958904109589,0.5,0.07626442157779856,0.7333333333333333,0.5333333333333333,0.6666666666666666,0.5,0.6000000000000001,0.0,0.0,0.0,0.0,0.39795918367346933,0.951219512195122,0
0.45826167076167074,0.2328767123287671,0.75,0.20887918788760698,1.0,0.6,0.3333333333333333,0.3571428571428571,0.0,0.0,0.0,0.0,0.0,0.5,0.951219512195122,0
0.15027641277641277,0.1780821917808219,0.5,0.1000817655822333,0.7333333333333333,0.5333333333333333,0.6666666666666666,0.9285714285714285,0.2,0.0,1.0,0.0,0.0,0.39795918367346933,0.951219512195122,0
0.41477272727272724,0.41095890410958896,0.5,0.15329383639954267,0.8,0.8666666666666667,0.0,0.8571428571428571,0.2,0.0,0.0,0.27828278282782826,0.0,0.6020408163265305,0.951219512195122,1
0.16538697788697787,0.6027397260273972,0.5,0.11200429615771056,0.4,0.26666666666666666,0.0,0.42857142857142855,0.2,0.0,0.0,0.0,0.0,0.39795918367346933,0.8048780487804879,1
0.3364864864864865,0.0547945205479452,0.5,0.11985309912344523,0.7333333333333333,0.5333333333333333,0.6666666666666666,0.8571428571428571,0.6000000000000001,0.0,0.0,0.0,0.0,0.39795918367346933,0.951219512195122,0
0.16133292383292383,0.1780821917808219,0.25,0.09884627377611474,0.4666666666666667,0.7333333333333334,0.6666666666666666,0.7857142857142857,0.2,1.0,0.0,0.0,0.0,0.39795918367346933,0.951219512195122,0
0.5632063882063882,0.2054794520547945,0.5,0.06578179676402314,0.6,0.8,0.6666666666666666,0.07142857142857142,0.2,1.0,0.0,0.0,0.0,0.39795918367346933,0.951219512195122,0
0.00042997542997542996,0.3150684931506849,0.5,0.07586668052523993,0.5333333333333333,0.6666666666666666,0.3333333333333333,0.21428571428571427,0.0,1.0,0.0,0.0,0.0,0.39795918367346933,0.0,1
0.03406019656019656,0.32876712328767127,0.5,0.19506357620482973,0.5333333333333333,0.6666666666666666,0.3333333333333333,1.0,0.0,0.0,0.0,0.0,0.0,0.5510204081632653,0.951219512195122,0
0.25595823095823095,0.6027397260273972,0.5,0.09805287045698645,0.7333333333333333,0.5333333333333333,0.3333333333333333,0.07142857142857142,1.0,1.0,1.0,0.0,0.0,0.39795918367346933,0.951219512195122,0
0.8966523341523341,0.4246575342465753,0.5,0.09924401482867339,0.7333333333333333,0.5333333333333333,0.6666666666666666,0.07142857142857142,0.2,1.0,1.0,0.0,0.0,0.1530612244897959,0.926829268292683,0
0.9682125307125307,0.3424657534246575,0.5,0.1243668364341891,0.7333333333333333,0.5333333333333333,0.0,0.5714285714285714,0.4,1.0,1.0,0.0,0.0,0.346938775510204,0.951219512195122,0
0.8454545454545455,0.0684931506849315,0.5,0.167694279873887,0.13333333333333333,0.4666666666666667,0.6666666666666666,0.42857142857142855,0.2,0.0,0.0,0.0,0.0,0.39795918367346933,0.951219512195122,0
0.797113022113022,0.1780821917808219,0.5,0.0693607733083879,0.7333333333333333,0.5333333333333333,0.3333333333333333,1.0,0.0,0.0,0.0,0.0,0.0,0.44897959183673464,0.951219512195122,0
0.43722358722358723,0.30136986301369856,0.625,0.015171673076256798,0.5333333333333333,0.6666666666666666,0.3333333333333333,0.3571428571428571,0.0,0.0,0.0,0.0,0.0,0.6020408163265305,0.951219512195122,1
0.5670454545454545,0.7808219178082192,0.5,0.12224924644007899,0.9333333333333333,0.9333333333333333,0.3333333333333333,0.7142857142857142,0.0,0.0,0.0,1.0,0.0,0.5,0.951219512195122,1
0.2759213759213759,0.0821917808219178,0.5,0.1377292727713682,1.0,0.6,0.6666666666666666,0.9285714285714285,0.2,0.0,1.0,0.04101041010410104,0.0,0.39795918367346933,0.951219512195122,0
0.701044226044226,0.0547945205479452,0.5,0.10710321172435297,0.7333333333333333,0.5333333333333333,0.6666666666666666,0.5,0.4,0.0,0.0,0.0,0.0,0.39795918367346933,0.951219512195122,0
0.40463759213759215,0.1643835616438356,0.5,0.013616048227834946,0.7333333333333333,0.5333333333333333,0.0,0.7142857142857142,0.2,0.0,1.0,0.0,0.0,0.39795918367346933,0.951219512195122,0
0.5108722358722358,0.6164383561643836,0.75,0.07129612306413055,0.7333333333333333,0.5333333333333333,0.3333333333333333,0.3571428571428571,0.0,0.0,0.0,0.0,0.0,0.6530612244897959,0.951219512195122,0
0.4868243243243243,0.136986301369863,0.5,0.03863215881924956,1.0,0.6,0.6666666666666666,0.2857142857142857,0.2,0.0,0.0,0.0,0.0,0.44897959183673464,0.951219512195122,0
0.6790847665847666,0.5205479452054793,0.5,0.11014586148356026,0.7333333333333333,0.5333333333333333,0.0,0.2857142857142857,0.2,0.0,0.0,0.0,0.0,0.6020408163265305,0.951219512195122,1
0.8073095823095823,0.4520547945205479,0.5,0.22572012611301667,1.0,0.6,0.6666666666666666,0.5714285714285714,0.2,0.0,0.0,0.0,0.0,0.31632653061224486,0.951219512195122,0
0.4962223587223587,0.2191780821917808,0.5,0.20584485327235563,0.7333333333333333,0.5333333333333333,0.3333333333333333,0.07142857142857142,0.0,0.0,0.0,0.0,0.0,0.39795918367346933,0.951219512195122,0
0.3951167076167076,0.5753424657534245,0.5,0.22241970689117557,0.8,0.8666666666666667,0.3333333333333333,0.21428571428571427,1.0,1.0,1.0,0.0,0.0,0.346938775510204,0.7317073170731707,0
0.2753992628992629,0.2876712328767123,0.25,0.2835193846793473,0.6,0.8,0.3333333333333333,0.2857142857142857,0.0,1.0,0.0,0.0,0.0,0.5,0.951219512195122,1
0.4718980343980344,0.0958904109589041,0.5,0.12210788899282819,0.6,0.8,0.16666666666666666,0.7142857142857142,1.0,0.0,1.0,0.0,0.0,0.39795918367346933,0.951219512195122,1
0.902027027027027,0.5342465753424657,0.25,0.10064095901326958,1.0,0.6,0.0,0.7857142857142857,0.2,1.0,0.0,0.0,0.0,0.47959183673469385,0.951219512195122,0
0.016891891891891893,0.3972602739726027,0.75,0.16175657416069017,1.0,0.6,0.0,0.2857142857142857,0.2,0.0,0.0,0.0,0.0,0.5,0.951219512195122,0
0.7117628992628993,0.3972602739726027,0.5,0.058063957315594356,0.4,0.26666666666666666,0.8333333333333333,0.21428571428571427,0.8,0.0,1.0,0.0,0.0,0.39795918367346933,0.951219512195122,0
0.9761977886977887,0.1232876712328767,0.5,0.19258427744863668,1.0,0.6,0.8333333333333333,0.3571428571428571,0.6000000000000001,0.0,0.0,0.0,0.0,0.39795918367346933,0.951219512195122,0
0.9034398034398035,0.4794520547945205,0.5,0.09257111180403978,1.0,0.6,0.3333333333333333,0.8571428571428571,0.0,0.0,0.0,0.0,0.0,0.6530612244897959,0.951219512195122,0
0.391492628992629,0.1780821917808219,0.5,0.18555520909122405,1.0,0.6,0.6666666666666666,0.8571428571428571,0.2,0.0,1.0,0.0,0.0,0.47959183673469385,0.951219512195122,0
0.39803439803439805,0.27397260273972607,0.25,0.07308665072930741,0.5333333333333333,0.6666666666666666,0.6666666666666666,0.7857142857142857,0.2,0.0,0.0,0.04650046500465005,0.0,0.39795918367346933,0.951219512195122,0
0.9756756756756757,0.3835616438356165,0.5,0.025647368603402276,0.6,0.8,0.6666666666666666,0.9285714285714285,0.6000000000000001,0.0,0.0,0.0,0.0,0.39795918367346933,0.951219512195122,0
0.20193488943488944,0.3835616438356165,0.5,0.06782801510584485,0.7333333333333333,0.5333333333333333,0.6666666666666666,0.42857142857142855,0.2,0.0,0.0,0.0,0.0,0.39795918367346933,0.951219512195122,0
0.2512285012285012,0.5616438356164384,0.5,0.057136125835845195,0.13333333333333333,0.4666666666666667,0.3333333333333333,0.5714285714285714,1.0,0.0,1.0,0.0,0.0,0.2346938775510204,0.951219512195122,0
0.33636363636363636,0.3972602739726027,0.5,0.10563558881613137,0.8,0.8666666666666667,0.3333333333333333,0.7142857142857142,0.0,0.0,0.0,0.0,0.0,0.4081632653061224,0.951219512195122,0
0.971468058968059,0.3835616438356165,0.5,0.22118075044174204,0.6,0.8,0.3333333333333333,0.7142857142857142,0.0,0.0,0.0,0.0,0.0,0.5,0.951219512195122,0
0.1714987714987715,0.2191780821917808,0.5,0.07689290787513425,0.6,0.8,0.3333333333333333,0.2857142857142857,0.0,0.0,0.0,0.0,0.0,0.5510204081632653,0.951219512195122,1
0.777487714987715,0.6438356164383561,0.75,0.14369677441707376,0.9333333333333333,0.9333333333333333,0.3333333333333333,0.7142857142857142,0.0,0.0,0.0,0.0,0.0,0.08163265306122448,0.951219512195122,1
0.6674140049140049,0.3835616438356165,0.75,0.02158403492360461,0.6,0.8,0.6666666666666666,0.2857142857142857,0.2,0.0,1.0,0.0,0.0,0.39795918367346933,0.951219512195122,0
0.12779484029484028,0.1917808219178082,0.75,0.148521636697502,0.4,0.26666666666666666,0.3333333333333333,0.21428571428571427,0.0,0.0,0.0,0.0,0.0,0.6020408163265305,0.951219512195122,0
0.037315724815724816,0.6301369863013697,0.0,0.09569622007414337,0.6,0.8,1.0,0.0,0.2,0.0,1.0,0.0,0.0,0.39795918367346933,0.951219512195122,1
0.9557739557739557,0.30136986301369856,0.5,0.13193223157675918,0.6,0.8,0.3333333333333333,0.07142857142857142,0.0,0.0,0.0,0.0,0.0,0.39795918367346933,0.951219512195122,0
0.27917690417690416,0.1917808219178082,0.5,0.10033121990091119,0.0,0.33333333333333337,0.6666666666666666,0.07142857142857142,0.8,0.0,1.0,0.0,0.0,0.39795918367346933,0.951219512195122,0
0.9131756756756757,0.2191780821917808,0.5,0.03242767557079999,0.6,0.8,0.3333333333333333,0.07142857142857142,0.0,0.0,0.0,0.0,0.43663911845730025,0.44897959183673464,0.951219512195122,1
0.0835995085995086,0.0273972602739726,0.5,0.18265876727990854,0.06666666666666667,0.4,0.6666666666666666,0.42857142857142855,0.6000000000000001,0.0,0.0,0.0,0.0,0.39795918367346933,0.6341463414634146,0
0.24284398034398033,0.0684931506849315,0.5,0.13627204379309152,1.0,0.6,0.6666666666666666,0.8571428571428571,0.6000000000000001,0.0,0.0,0.0,0.0,0.39795918367346933,0.951219512195122,0
0.31646191646191646,0.1780821917808219,0.5,0.13458545542736378,0.6,0.8,0.6666666666666666,0.2857142857142857,0.2,0.0,0.0,0.0,0.0,0.43877551020408156,0.951219512195122,0
0.3040847665847666,0.1643835616438356,0.5,0.012089526383258843,0.6,0.8,0.3333333333333333,0.7142857142857142,1.0,0.0,1.0,0.0,0.0,0.2346938775510204,0.951219512195122,0
0.1835995085995086,0.2054794520547945,0.5,0.09783182621349132,0.7333333333333333,0.5333333333333333,0.6666666666666666,0.3571428571428571,0.2,0.0,0.0,0.0,0.0,0.346938775510204,0.951219512195122,0
0.32718058968058966,0.2876712328767123,0.5,0.1959893288985899,1.0,0.6,0.3333333333333333,0.5,0.0,0.0,0.0,0.0,0.0,0.39795918367346933,0.951219512195122,0
0.21818181818181817,0.35616438356164376,0.5,0.16027093510723073,0.6,0.8,0.3333333333333333,0.7142857142857142,0.0,0.0,0.0,0.0,0.0,0.39795918367346933,0.951219512195122,1
0.609029484029484,0.3424657534246575,0.0,0.15382461975539619,0.7333333333333333,0.5333333333333333,0.5,0.0,0.2,0.0,0.0,0.0,0.0,0.346938775510204,0.951219512195122,0
0.07337223587223587,0.2602739726027397,0.25,0.1591497765305062,0.6,0.8,0.3333333333333333,0.07142857142857142,0.0,0.0,0.0,0.0,0.0,0.39795918367346933,0.951219512195122,0
0.12493857493857494,0.1095890410958904,0.5,0.06844264282992066,0.4666666666666667,0.7333333333333334,0.6666666666666666,0.2857142857142857,0.6000000000000001,0.0,0.0,0.0,0.0,0.39795918367346933,0.951219512195122,0
0.9798525798525798,0.5205479452054793,0.5,0.06081765582233309,0.0,0.33333333333333337,0.6666666666666666,0.5714285714285714,0.2,0.0,0.0,0.0,0.0,0.39795918367346933,0.951219512195122,0
0.513022113022113,0.0273972602739726,0.5,0.16670269895714238,0.5333333333333333,0.6666666666666666,0.6666666666666666,0.7142857142857142,0.6000000000000001,0.0,1.0,0.0,0.0,0.39795918367346933,0.951219512195122,0
0.3802211302211302,0.0273972602739726,0.5,0.12117659286976405,1.0,0.6,0.6666666666666666,0.8571428571428571,0.6000000000000001,0.0,1.0,0.0,0.0,0.24489795918367346,0.951219512195122,0
0.6578624078624078,0.0,0.5,0.09055122475141184,0.06666666666666667,0.4,0.6666666666666666,0.5714285714285714,0.6000000000000001,0.0,0.0,0.0,0.0,0.19387755102040813,0.951219512195122,0
0.9321560196560197,0.6986301369863013,0.5,0.11062467518968921,0.3333333333333333,0.2,0.3333333333333333,0.21428571428571427,0.0,0.0,0.0,0.0,0.0,0.39795918367346933,0.951219512195122,0
0.9202088452088452,0.3835616438356165,0.5,0.02161521671343935,1.0,0.6,0.3333333333333333,1.0,0.0,0.0,0.0,0.0,0.0,0.47959183673469385,0.951219512195122,0
0.919041769041769,0.27397260273972607,0.5,0.07090046079756089,0.7333333333333333,0.5333333333333333,0.3333333333333333,0.3571428571428571,0.0,0.0,0.0,0.0,0.0,0.39795918367346933,0.951219512195122,0
0.9598587223587224,0.35616438356164376,0.0,0.14014897966254375,0.7333333333333333,0.5333333333333333,0.3333333333333333,0.0,0.0,0.0,0.0,0.0,0.0,0.346938775510204,0.951219512195122,0
0.3186117936117936,0.1095890410958904,0.5,0.0958098603748744,0.4,0.26666666666666666,0.5,0.07142857142857142,0.8,1.0,1.0,0.0,0.0,0.39795918367346933,0.975609756097561,0
0.07002457002457002,0.0547945205479452,0.875,0.1706025014724734,1.0,0.6,0.6666666666666666,0.7142857142857142,0.2,0.0,1.0,0.0,0.0,0.19387755102040813,0.951219512195122,0
0.984029484029484,0.3424657534246575,0.625,0.10341752416588712,0.6,0.8,0.3333333333333333,0.21428571428571427,0.0,1.0,0.0,0.0,0.0,0.6020408163265305,0.951219512195122,0
0.7998771498771499,0.3424657534246575,0.5,0.11482105117278175,0.7333333333333333,0.5333333333333333,0.3333333333333333,1.0,0.0,0.0,0.0,0.0,0.0,0.39795918367346933,0.951219512195122,0
0.6377149877149877,0.1780821917808219,0.125,0.10551016872812943,0.6,0.8,0.6666666666666666,0.7142857142857142,0.2,0.0,0.0,0.0,0.43067033976124885,0.39795918367346933,0.951219512195122,0
0.06501842751842751,0.3835616438356165,0.25,0.08557045352180993,0.8,0.8666666666666667,0.0,0.7142857142857142,0.2,0.0,1.0,0.0,0.0,0.2959183673469387,0.951219512195122,0
0.48399877149877146,0.3424657534246575,0.5,0.2148771783944843,0.5333333333333333,0.6666666666666666,0.3333333333333333,0.5,0.0,0.0,0.0,0.024070240702407025,0.0,0.39795918367346933,0.951219512195122,0
0.12371007371007371,0.1232876712328767,0.5,0.1267581332501819,0.7333333333333333,0.5333333333333333,0.0,0.5714285714285714,0.2,0.0,1.0,0.0,0.0,0.11224489795918367,0.951219512195122,0
0.35528255528255526,0.2054794520547945,0.5,0.20887918788760698,0.7333333333333333,0.5333333333333333,0.3333333333333333,0.07142857142857142,0.0,0.0,0.0,0.0,0.0,0.39795918367346933,0.951219512195122,0
0.7266277641277641,0.2876712328767123,0.5,0.15017427155874305,0.7333333333333333,0.5333333333333333,0.3333333333333333,0.5714285714285714,0.0,0.0,0.0,0.0,0.0,0.44897959183673464,0.951219512195122,0
0.7418611793611793,0.726027397260274,0.0,0.20391366108859094,0.7333333333333333,0.5333333333333333,0.3333333333333333,0.0,0.0,0.0,0.0,0.0,0.0,0.39795918367346933,0.951219512195122,0
0.6513820638820639,0.4931506849315069,0.5,0.1429823649655268,0.7333333333333333,0.5333333333333333,0.3333333333333333,0.5,0.0,0.0,0.0,0.0,0.0,0.39795918367346933,0.951219512195122,1
0.4316031941031941,0.30136986301369856,0.0,0.11681599279354189,0.06666666666666667,0.4,0.6666666666666666,0.0,0.2,1.0,1.0,0.0,0.0,0.39795918367346933,0.951219512195122,0
0.3927518427518427,0.0958904109589041,0.875,0.1361888923535322,0.6666666666666666,1.0,0.6666666666666666,0.7142857142857142,0.2,0.0,1.0,0.0,0.0,0.9999999999999999,0.21951219512195122,0
0.792536855036855,0.0273972602739726,0.5,0.1789599140768458,0.7333333333333333,0.5333333333333333,0.6666666666666666,0.5714285714285714,0.6000000000000001,0.0,0.0,0.0,0.0,0.19387755102040813,0.951219512195122,0
0.012991400491400492,0.1643835616438356,0.5,0.12203582441187678,0.7333333333333333,0.5333333333333333,0.0,0.3571428571428571,0.2,0.0,0.0,0.0,0.0,0.39795918367346933,0.951219512195122,0
0.3828009828009828,0.136986301369863,0.5,0.061964452759588395,0.7333333333333333,0.5333333333333333,0.6666666666666666,0.8571428571428571,0.6000000000000001,1.0,0.0,0.0,0.0,0.39795918367346933,0.951219512195122,0
0.9902948402948403,0.5616438356164384,0.75,0.06018501195301944,0.7333333333333333,0.5333333333333333,0.0,0.3571428571428571,0.8,0.0,1.0,0.0,0.0,0.09183673469387754,0.951219512195122,0
0.45417690417690415,0.1917808219178082,0.25,0.08019332709697537,0.6,0.8,0.6666666666666666,0.8571428571428571,0.6000000000000001,0.0,1.0,0.0,0.0,0.39795918367346933,0.951219512195122,0
0.09345823095823096,0.0547945205479452,0.5,0.1264165194193258,1.0,0.6,0.6666666666666666,0.07142857142857142,0.4,0.0,1.0,0.0,0.0,0.39795918367346933,0.6341463414634146,0
0.5233415233415233,0.3972602739726027,0.5,0.11153241173821155,0.7333333333333333,0.5333333333333333,0.3333333333333333,0.21428571428571427,0.0,0.0,0.0,0.0,0.0,0.39795918367346933,0.951219512195122,0
0.14794226044226044,0.136986301369863,0.5,0.07223504140248761,0.6,0.8,0.6666666666666666,0.2857142857142857,0.2,0.0,1.0,0.0,0.0,0.39795918367346933,0.951219512195122,0
0.2879914004914005,0.5205479452054793,0.5,0.09964591345320999,1.0,0.6,1.0,0.07142857142857142,0.8,0.0,1.0,0.0,0.0,0.39795918367346933,0.951219512195122,0
0.6038697788697789,0.1780821917808219,0.875,0.12341059487925717,1.0,0.6,0.6666666666666666,0.07142857142857142,0.2,0.0,1.0,0.0,0.0,0.36734693877551017,0.951219512195122,0
0.3070638820638821,0.27397260273972607,0.5,0.07931122890898382,0.2,0.06666666666666667,0.3333333333333333,0.5714285714285714,0.0,0.0,0.0,0.0,0.0,0.5306122448979591,0.6341463414634146,0
0.705558968058968,0.0410958904109589,0.5,0.1934116342722517,0.06666666666666667,0.4,0.6666666666666666,0.42857142857142855,0.6000000000000001,1.0,0.0,0.0,0.0,0.39795918367346933,0.951219512195122,0
0.5748771498771499,0.3150684931506849,0.5,0.10475002598482486,1.0,0.6,0.3333333333333333,0.9285714285714285,0.0,0.0,0.0,0.0,0.0,0.5510204081632653,0.951219512195122,1
0.12051597051597052,0.4520547945205479,0.5,0.07206596680871703,0.4666666666666667,0.7333333333333334,0.3333333333333333,0.07142857142857142,0.0,0.0,0.0,0.0,0.0,0.6020408163265305,0.0975609756097561,0
0.22484643734643733,0.0410958904109589,0.5,0.07000103939299449,0.3333333333333333,0.2,0.6666666666666666,0.5,0.4,0.0,0.0,0.0,0.0,0.39795918367346933,0.951219512195122,0
0.0057739557739557735,0.1917808219178082,0.5,0.060730346810795824,0.8,0.8666666666666667,0.3333333333333333,0.7142857142857142,1.0,0.0,1.0,0.0,0.0,0.5,0.951219512195122,0
0.18353808353808354,0.1506849315068493,0.5,0.02825624501957523,0.6,0.8,0.3333333333333333,0.2857142857142857,0.0,0.0,0.0,0.0,0.0,0.44897959183673464,0.951219512195122,0
0.7708230958230958,0.5342465753424657,0.25,0.293490628139833,0.8,0.8666666666666667,0.0,0.7142857142857142,0.2,0.0,1.0,0.0,0.0,0.39795918367346933,0.951219512195122,0
0.4208230958230958,0.0136986301369863,0.5,0.2872951529640024,0.13333333333333333,0.4666666666666667,0.6666666666666666,0.3571428571428571,0.6000000000000001,0.0,0.0,0.0,0.0,0.5510204081632653,0.951219512195122,0
0.055006142506142504,0.35616438356164376,0.5,0.031207428195267298,0.4666666666666667,0.7333333333333334,0.0,0.21428571428571427,0.2,0.0,0.0,0.0,0.0,0.39795918367346933,0.951219512195122,0
0.24164619164619164,0.4383561643835617,0.875,0.07614731663375256,1.0,0.6,0.3333333333333333,0.5,0.0,0.0,0.0,0.0,0.0,0.39795918367346933,0.951219512195122,1
0.903009828009828,0.7123287671232876,0.5,0.13925371582995533,0.5333333333333333,0.6666666666666666,1.0,0.8571428571428571,0.2,0.0,1.0,0.0,0.0,0.24489795918367346,0.951219512195122,0
0.43098894348894345,0.27397260273972607,0.5,0.17156705817136128,0.5333333333333333,0.6666666666666666,0.6666666666666666,0.8571428571428571,0.8,1.0,1.0,0.0,0.0,0.05102040816326531,0.951219512195122,0
0.08691646191646192,0.6301369863013697,0.25,0.020009008072618926,0.7333333333333333,0.5333333333333333,0.3333333333333333,0.2857142857142857,0.0,0.0,0.0,0.0,0.0,0.5510204081632653,0.951219512195122,0
0.4933046683046683,0.136986301369863,0.5,0.09893081107300003,1.0,0.6,0.3333333333333333,0.7142857142857142,0.0,0.0,0.0,0.0,0.0,0.5,0.951219512195122,1
0.9637285012285012,0.6849315068493149,0.625,0.06931573294529328,0.0,0.33333333333333337,0.3333333333333333,0.21428571428571427,0.0,0.0,0.0,0.0,0.0,0.39795918367346933,0.951219512195122,0
0.2635135135135135,0.1643835616438356,0.75,0.096449433530818,0.5333333333333333,0.6666666666666666,0.6666666666666666,0.07142857142857142,0.2,0.0,1.0,0.021740217402174022,0.0,0.39795918367346933,0.951219512195122,0
0.7869164619164619,0.3835616438356165,0.5,0.06270034299968819,0.7333333333333333,0.5333333333333333,0.3333333333333333,0.21428571428571427,0.0,0.0,0.0,0.0,0.4331955922865014,0.39795918367346933,0.951219512195122,1
0.271468058968059,0.35616438356164376,0.5,0.12189585282195196,0.4,0.26666666666666666,0.0,0.42857142857142855,0.8,0.0,1.0,0.0,0.0,0.39795918367346933,0.951219512195122,0
0.6997235872235872,0.4520547945205479,0.625,0.12627169732876,0.8,0.8666666666666667,0.6666666666666666,0.7142857142857142,0.2,1.0,0.0,0.0,0.0,0.5,0.926829268292683,0
0.7269963144963145,0.5342465753424657,0.25,0.13898693829470257,0.7333333333333333,0.5333333333333333,0.3333333333333333,1.0,0.0,0.0,0.0,0.0,0.0,0.39795918367346933,0.951219512195122,1
0.2177211302211302,0.4931506849315069,0.5,0.11772927277136817,0.4,0.26666666666666666,0.3333333333333333,0.5714285714285714,0.0,0.0,0.0,0.0,0.0,0.39795918367346933,0.14634146341463417,0
0.6411240786240786,0.35616438356164376,0.5,0.06809479264109759,0.7333333333333333,0.5333333333333333,0.8333333333333333,0.2857142857142857,0.8,1.0,1.0,0.0,0.0,0.39795918367346933,0.951219512195122,0
0.7918918918918919,0.2602739726027397,0.5,0.06945016110591415,0.13333333333333333,0.4666666666666667,0.8333333333333333,0.5714285714285714,0.8,0.0,1.0,0.0,0.0,0.39795918367346933,0.6341463414634146,0
0.4060503685503685,0.41095890410958896,0.75,0.10713300765686172,1.0,0.6,0.0,0.7142857142857142,0.8,1.0,1.0,0.0,0.0,0.39795918367346933,0.951219512195122,0
0.026474201474201473,0.4246575342465753,0.5,0.18920417143055124,0.06666666666666667,0.4,0.3333333333333333,0.2857142857142857,0.0,0.0,0.0,0.0,0.0,0.5,0.951219512195122,0
0.33875921375921375,0.136986301369863,0.75,0.019966046495513284,0.7333333333333333,0.5333333333333333,0.6666666666666666,0.21428571428571427,0.2,0.0,0.0,0.0,0.0,0.2959183673469387,0.951219512195122,0
0.9888820638820639,0.6849315068493149,0.625,0.11800297959325086,1.0,0.6,0.3333333333333333,0.2857142857142857,0.0,0.0,0.0,0.20051200512005118,0.0,0.19387755102040813,0.951219512195122,1
0.5395577395577396,0.4794520547945205,0.5,0.07947406714478744,0.7333333333333333,0.5333333333333333,0.3333333333333333,0.5,1.0,1.0,1.0,0.0,0.0,0.39795918367346933,0.07317073170731708,0
0.880036855036855,0.1917808219178082,0.5,0.03544468696947649,0.7333333333333333,0.5333333333333333,0.6666666666666666,0.3571428571428571,0.2,0.0,0.0,0.0,0.0,0.39795918367346933,0.5121951219512195,0
0.6554054054054054,0.5753424657534245,0.5,0.07260090773654852,0.06666666666666667,0.4,0.3333333333333333,1.0,0.0,1.0,0.0,0.0,0.0,0.39795918367346933,0.951219512195122,0
0.23445945945945945,0.6164383561643836,0.875,0.14501126009077367,0.8,0.8666666666666667,0.8333333333333333,0.7142857142857142,0.8,0.0,1.0,0.0,0.0,0.2346938775510204,0.0,0
0.04803439803439803,0.3424657534246575,0.125,0.08950836711360566,0.7333333333333333,0.5333333333333333,0.8333333333333333,0.5714285714285714,0.4,1.0,1.0,0.0,0.0,0.39795918367346933,0.951219512195122,0
0.8510749385749385,0.5205479452054793,0.875,0.19548210511727818,0.5333333333333333,0.6666666666666666,1.0,0.7142857142857142,0.8,0.0,1.0,0.06849068490684906,0.0,0.39795918367346933,0.951219512195122,0
0.8203931203931204,0.726027397260274,0.5,0.0537033572393722,0.7333333333333333,0.5333333333333333,0.3333333333333333,0.7142857142857142,0.0,0.0,0.0,0.0,0.0,0.19387755102040813,0.951219512195122,0
0.7662162162162162,0.41095890410958896,0.5,0.25104458995946366,0.7333333333333333,0.5333333333333333,0.8333333333333333,0.8571428571428571,0.2,0.0,1.0,0.0,0.0,0.520408163265306,0.951219512195122,0
0.6927518427518428,0.6438356164383561,0.0,0.2552763053043689,0.6,0.8,0.3333333333333333,0.0,1.0,1.0,1.0,0.0,0.0,0.07142857142857142,0.951219512195122,0
0.33624078624078624,0.46575342465753417,0.5,0.13751238609985103,0.0,0.33333333333333337,0.5,0.21428571428571427,0.4,0.0,0.0,0.0,0.0,0.39795918367346933,0.951219512195122,0
0.9898341523341523,0.0684931506849315,0.5,0.1678702837542875,1.0,0.6,0.6666666666666666,0.2857142857142857,0.8,1.0,1.0,0.0,0.0,0.39795918367346933,0.5609756097560976,0
0.46575552825552824,0.547945205479452,0.25,0.10933097737587914,0.7333333333333333,0.5333333333333333,0.3333333333333333,1.0,0.0,0.0,0.0,0.0,0.0,0.24489795918367346,0.951219512195122,1
0.6517199017199017,0.0684931506849315,0.5,0.2111589231888577,1.0,0.6,0.6666666666666666,0.5714285714285714,0.2,0.0,1.0,0.0,0.0,0.2959183673469387,0.951219512195122,0
0.7022113022113022,0.0684931506849315,0.5,0.016199286283477117,0.7333333333333333,0.5333333333333333,0.6666666666666666,0.5714285714285714,0.2,0.0,1.0,0.0,0.0,0.39795918367346933,0.951219512195122,0
0.3062653562653563,0.35616438356164376,0.25,0.09114991511623878,0.8,0.8666666666666667,0.0,0.7142857142857142,0.8,1.0,1.0,0.0956209562095621,0.0,0.39795918367346933,0.951219512195122,1
0.5801289926289926,0.1232876712328767,0.5,0.10395800852302255,1.0,0.6,0.6666666666666666,0.07142857142857142,0.2,1.0,0.0,0.0,0.0,0.19387755102040813,0.7317073170731707,0
0.01683046683046683,0.0547945205479452,0.5,0.17130928870872744,0.7333333333333333,0.5333333333333333,0.6666666666666666,0.42857142857142855,0.6000000000000001,0.0,0.0,0.0,0.0,0.3571428571428571,0.951219512195122,0
0.21022727272727273,0.5616438356164384,0.5,0.13975678203928907,0.5333333333333333,0.6666666666666666,1.0,0.7142857142857142,0.2,0.0,1.0,0.0,0.0,0.39795918367346933,0.951219512195122,0
0.981081081081081,0.3698630136986301,0.5,0.09131552506669438,0.6,0.8,0.0,0.07142857142857142,0.2,0.0,0.0,0.0,0.0,0.11224489795918367,0.0,0
0.06234643734643734,0.2054794520547945,0.5,0.1381796764023144,0.4666666666666667,0.7333333333333334,0.3333333333333333,0.2857142857142857,1.0,0.0,1.0,0.0,0.3409090909090909,0.39795918367346933,0.951219512195122,1
0.17933046683046683,0.4246575342465753,0.5,0.05825728441256972,0.6,0.8,0.3333333333333333,0.2857142857142857,0.0,0.0,0.0,0.0,0.0,0.6020408163265305,0.29268292682926833,1
0.648095823095823,0.2465753424657534,0.5,0.10905796348265946,1.0,0.6,0.3333333333333333,0.21428571428571427,0.0,0.0,0.0,0.0,0.0,0.39795918367346933,0.951219512195122,0
0.7243243243243243,0.0410958904109589,0.5,0.14148702491078544,1.0,0.6,0.6666666666666666,0.8571428571428571,0.6000000000000001,0.0,1.0,0.0,0.0,0.24489795918367346,0.951219512195122,0
0.8695945945945945,0.3835616438356165,0.75,0.14460936146623707,0.7333333333333333,0.5333333333333333,0.3333333333333333,0.2857142857142857,0.0,0.0,0.0,0.0,0.0,0.5,0.951219512195122,0
0.9433353808353808,0.1917808219178082,0.5,0.08141218861518207,0.6,0.8,0.3333333333333333,0.8571428571428571,0.0,0.0,0.0,0.0,0.0,0.6530612244897959,0.951219512195122,0
0.053378378378378374,0.3835616438356165,0.5,0.11805425631431245,0.6,0.8,0.0,0.5714285714285714,0.2,0.0,0.0,0.0,0.0,0.44897959183673464,0.0,1
0.09517813267813267,0.0136986301369863,0.5,0.17600526625783877,0.13333333333333333,0.4666666666666667,0.6666666666666666,0.8571428571428571,0.6000000000000001,0.0,1.0,0.0,0.0,0.346938775510204,0.951219512195122,0
0.8274262899262899,0.3835616438356165,0.5,0.12510827010359285,1.0,0.6,0.3333333333333333,0.2857142857142857,0.0,0.0,0.0,0.0,0.0,0.39795918367346933,0.951219512195122,0
0.6867936117936118,0.4794520547945205,0.25,0.05502130755638707,1.0,0.6,0.3333333333333333,1.0,0.0,0.0,0.0,0.0,0.0,0.39795918367346933,0.951219512195122,0
0.3622235872235872,0.2602739726027397,0.5,0.18524061947822473,0.6,0.8,0.0,0.8571428571428571,0.6000000000000001,0.0,1.0,0.0,0.0,0.39795918367346933,0.951219512195122,0
0.3441953316953317,0.6575342465753424,0.5,0.22025361189065587,1.0,0.6,0.3333333333333333,0.2857142857142857,0.0,0.0,0.0,0.0,0.0,0.39795918367346933,0.951219512195122,0
0.02797911547911548,0.2876712328767123,0.5,0.18476180577209578,1.0,0.6,0.0,0.21428571428571427,0.2,0.0,0.0,0.0,0.0,0.43877551020408156,0.951219512195122,0
0.2923218673218673,0.1095890410958904,0.5,0.12579080483664207,0.8,0.8666666666666667,0.6666666666666666,0.7142857142857142,0.6000000000000001,0.0,1.0,0.0,0.0,0.39795918367346933,0.951219512195122,0
0.8339987714987714,0.1780821917808219,0.5,0.1627488480060978,0.7333333333333333,0.5333333333333333,0.6666666666666666,1.0,0.6000000000000001,1.0,0.0,0.0,0.0,0.39795918367346933,0.951219512195122,0
0.6274877149877149,0.3972602739726027,0.75,0.057492984097287175,0.7333333333333333,0.5333333333333333,0.0,1.0,0.2,0.0,0.0,0.0,0.0,0.5,0.951219512195122,0
0.8228194103194103,0.0410958904109589,0.0,0.23272909953920246,0.06666666666666667,0.4,0.6666666666666666,0.0,0.6000000000000001,1.0,0.0,0.0,0.0,0.39795918367346933,0.951219512195122,0
0.18915847665847665,0.32876712328767127,0.5,0.08963517305893358,0.7333333333333333,0.5333333333333333,0.6666666666666666,0.5714285714285714,0.2,0.0,1.0,0.0,0.0,0.39795918367346933,0.951219512195122,0
0.9066339066339066,0.2465753424657534,0.5,0.10298652253750476,1.0,0.6,0.3333333333333333,0.8571428571428571,0.0,0.0,0.0,0.0,0.0,0.5,0.951219512195122,0
0.8090909090909091,0.0821917808219178,0.5,0.06101929806326438,0.6,0.8,0.6666666666666666,0.8571428571428571,0.6000000000000001,0.0,0.0,0.0,0.0,0.19387755102040813,0.951219512195122,0
0.9175061425061425,0.6301369863013697,0.25,0.13987319405467208,0.6,0.8,0.3333333333333333,1.0,0.0,0.0,0.0,0.0,0.0,0.39795918367346933,0.12195121951219512,0
0.2929054054054054,0.1232876712328767,0.5,0.09538717389044797,0.7333333333333333,0.5333333333333333,0.6666666666666666,0.5714285714285714,0.4,1.0,0.0,0.0,0.0,0.6020408163265305,0.0,0
0.02328009828009828,0.3972602739726027,0.125,0.10747046391573988,0.7333333333333333,0.5333333333333333,0.3333333333333333,0.07142857142857142,1.0,0.0,1.0,0.0,0.0,0.39795918367346933,0.951219512195122,1
0.2627149877149877,0.35616438356164376,0.125,0.01367217544953747,0.8,0.8666666666666667,0.3333333333333333,0.7142857142857142,0.0,0.0,0.0,0.0,0.0,0.39795918367346933,0.951219512195122,1
0.9715909090909091,0.6575342465753424,0.0,0.01724352977860929,0.3333333333333333,0.2,0.3333333333333333,0.0,0.0,0.0,0.0,0.0,0.0,0.19387755102040813,0.951219512195122,0
0.5698095823095823,0.32876712328767127,0.5,0.19741606901569483,0.7333333333333333,0.5333333333333333,0.3333333333333333,1.0,1.0,0.0,1.0,0.0,0.0,0.39795918367346933,0.951219512195122,0
0.45214987714987714,0.1917808219178082,0.5,0.12999203132037557,0.13333333333333333,0.4666666666666667,0.0,1.0,0.6000000000000001,0.0,0.0,0.0,0.0,0.39795918367346933,0.951219512195122,0
0.04272113022113022,0.3150684931506849,0.25,0.19202300523161142,0.3333333333333333,0.2,0.3333333333333333,0.21428571428571427,0.0,1.0,0.0,0.0,0.4331955922865014,0.39795918367346933,0.0,1
0.3231265356265356,0.2602739726027397,0.625,0.07195925579461594,0.7333333333333333,0.5333333333333333,0.3333333333333333,1.0,0.0,0.0,0.0,0.0,0.0,0.5714285714285714,0.951219512195122,0
0.9422297297297297,0.46575342465753417,0.5,0.11825451269791774,0.7333333333333333,0.5333333333333333,1.0,0.9285714285714285,0.8,1.0,1.0,0.0,0.0,0.39795918367346933,0.951219512195122,0
0.8626228501228501,0.32876712328767127,0.75,0.0975969233967363,0.9333333333333333,0.9333333333333333,0.3333333333333333,0.2857142857142857,0.0,0.0,0.0,0.15024150241502415,0.0,0.39795918367346933,0.951219512195122,1
0.8074938574938575,0.3150684931506849,0.5,0.12887433738696602,1.0,0.6,0.0,0.5714285714285714,0.2,0.0,1.0,0.0,0.0,0.39795918367346933,0.951219512195122,0
0.46584766584766585,0.0958904109589041,0.875,0.034266708242386444,0.6,0.8,0.6666666666666666,0.7142857142857142,0.2,0.0,0.0,0.0,0.0,0.39795918367346933,0.951219512195122,0
0.29416461916461917,0.0547945205479452,0.5,0.13867026989571424,0.7333333333333333,0.5333333333333333,0.6666666666666666,0.5,0.4,0.0,0.0,0.0,0.0,0.39795918367346933,0.951219512195122,0
0.4925982800982801,0.3835616438356165,0.25,0.2070436198593355,1.0,0.6,0.3333333333333333,0.07142857142857142,0.0,0.0,0.0,0.0,0.0,0.39795918367346933,0.951219512195122,1
0.5801904176904177,0.2602739726027397,0.125,0.24042130062710046,1.0,0.6,0.8333333333333333,0.07142857142857142,0.2,1.0,0.0,0.0,0.0,0.39795918367346933,0.951219512195122,0
0.26876535626535625,0.136986301369863,0.75,0.29818591276028134,0.7333333333333333,0.5333333333333333,0.3333333333333333,0.8571428571428571,0.0,0.0,0.0,0.0,0.0,0.6530612244897959,0.951219512195122,1
0.9208230958230958,0.0,0.5,0.08342514638118005,0.0,0.33333333333333337,0.6666666666666666,0.5714285714285714,0.6000000000000001,0.0,1.0,0.0,0.3677685950413223,0.09183673469387754,0.951219512195122,0
0.6986179361179361,0.2191780821917808,0.5,0.2680268856321242,0.7333333333333333,0.5333333333333333,0.0,1.0,0.8,0.0,1.0,0.0,0.0,0.39795918367346933,0.951219512195122,0
0.21535626535626534,0.1506849315068493,0.5,0.17153795516751552,0.6,0.8,0.3333333333333333,0.8571428571428571,0.0,0.0,0.0,0.0,0.0,0.6020408163265305,0.951219512195122,1
0.7371007371007371,0.0273972602739726,0.5,0.19522849322662233,0.06666666666666667,0.4,0.6666666666666666,0.8571428571428571,0.6000000000000001,1.0,1.0,0.0,0.0,0.31632653061224486,0.6585365853658537,0
0.661977886977887,0.1643835616438356,0.5,0.11326126875238193,0.6,0.8,0.6666666666666666,0.2857142857142857,0.2,0.0,1.0,0.0,0.0,0.44897959183673464,0.951219512195122,1
0.1855958230958231,0.1095890410958904,0.5,0.09160031874718498,1.0,0.6,0.6666666666666666,0.5714285714285714,0.6000000000000001,0.0,0.0,0.0,0.0,0.39795918367346933,0.7560975609756098,0
0.02595208845208845,0.35616438356164376,0.5,0.06278626615389946,1.0,0.6,0.0,0.7142857142857142,0.2,0.0,0.0,0.0,0.0,0.39795918367346933,0.951219512195122,0
0.7968366093366093,0.30136986301369856,0.25,0.2108561133631293,0.8,0.8666666666666667,0.6666666666666666,0.7142857142857142,0.2,0.0,1.0,0.0,0.0,0.5510204081632653,0.951219512195122,0
0.6612714987714987,0.2054794520547945,0.5,0.12983404358521292,1.0,0.6,0.3333333333333333,0.07142857142857142,1.0,1.0,1.0,0.0,0.39944903581267216,0.39795918367346933,0.0,0
0.7363636363636363,0.1506849315068493,0.5,0.06744690434119807,0.4666666666666667,0.7333333333333334,0.3333333333333333,1.0,0.0,0.0,0.0,0.0,0.0,0.39795918367346933,0.951219512195122,0
0.7069103194103193,0.4931506849315069,0.5,0.05994248692097148,1.0,0.6,0.3333333333333333,0.9285714285714285,0.0,0.0,0.0,0.0,0.0,0.39795918367346933,0.951219512195122,0
0.12702702702702703,0.3698630136986301,0.5,0.044285763780618784,0.6,0.8,0.3333333333333333,0.2857142857142857,0.0,0.0,0.0,0.0,0.0,0.5,0.951219512195122,0
0.4014742014742015,0.0136986301369863,0.5,0.0518809548556976,0.13333333333333333,0.4666666666666667,0.6666666666666666,0.5714285714285714,0.6000000000000001,0.0,0.0,0.0,0.0,0.24489795918367346,0.951219512195122,0
0.26305282555282555,0.0273972602739726,0.0,0.14238575338668885,1.0,0.6,0.6666666666666666,0.0,0.6000000000000001,0.0,1.0,0.005940059400594006,0.0,0.09183673469387754,0.951219512195122,0
0.7166154791154791,0.0,0.0,0.02526833662474448,0.06666666666666667,0.4,0.6666666666666666,0.0,0.6000000000000001,1.0,1.0,0.0,0.0,0.39795918367346933,0.951219512195122,0
0.07300368550368551,0.5068493150684932,0.5,0.11699892596057236,0.7333333333333333,0.5333333333333333,0.3333333333333333,0.5,0.0,0.0,0.0,0.0,0.0,0.39795918367346933,0.21951219512195122,1
0.1827088452088452,0.0958904109589041,0.5,0.20019679174029034,1.0,0.6,0.6666666666666666,0.9285714285714285,0.6000000000000001,0.0,1.0,0.0,0.0,0.19387755102040813,0.951219512195122,0
0.24898648648648647,0.3835616438356165,0.125,0.023286560648581228,1.0,0.6,0.0,0.07142857142857142,0.8,0.0,0.0,0.0,0.0,0.4183673469387755,0.951219512195122,0
0.35737100737100735,0.27397260273972607,0.5,0.14073866195475176,0.6,0.8,0.0,0.7142857142857142,0.2,0.0,1.0,0.0,0.0,0.39795918367346933,0.951219512195122,0
0.393980343980344,0.5068493150684932,0.5,0.08368152998648788,1.0,0.6,0.6666666666666666,0.8571428571428571,0.2,1.0,0.0,0.0,0.0,0.4081632653061224,0.951219512195122,0
0.13713144963144963,0.4383561643835617,0.5,0.11970758410421646,0.8,0.8666666666666667,0.3333333333333333,0.2857142857142857,0.0,0.0,0.0,0.0,0.45385674931129477,0.39795918367346933,0.951219512195122,1
0.003071253071253071,0.8082191780821917,0.5,0.07754287496102276,0.8,0.8666666666666667,0.3333333333333333,0.2857142857142857,0.0,0.0,0.0,0.0,0.0,0.39795918367346933,0.951219512195122,1
0.6191339066339067,0.6438356164383561,0.0,0.06638048712885009,1.0,0.6,0.3333333333333333,0.0,0.0,0.0,0.0,0.0,0.0,0.39795918367346933,0.951219512195122,0
0.7963759213759214,0.5616438356164384,0.0,0.07073207913245332,1.0,0.6,0.3333333333333333,0.0,0.0,1.0,0.0,0.0,0.0,0.2959183673469387,0.951219512195122,0
0.36078009828009827,0.27397260273972607,0.125,0.006871080622249939,0.6,0.8,0.3333333333333333,0.07142857142857142,0.0,1.0,0.0,0.07298072980729807,0.0,0.39795918367346933,0.7317073170731707,1
0.23627149877149878,0.30136986301369856,0.75,0.0972192772754045,0.7333333333333333,0.5333333333333333,0.6666666666666666,0.21428571428571427,0.6000000000000001,0.0,0.0,0.0,0.0,0.39795918367346933,0.951219512195122,0
0.37229729729729727,0.136986301369863,0.5,0.23228908983820118,1.0,0.6,0.6666666666666666,0.07142857142857142,0.2,0.0,1.0,0.0,0.0,0.39795918367346933,0.951219512195122,0
0.6963759213759214,0.0273972602739726,0.5,0.03843952465093718,0.7333333333333333,0.5333333333333333,0.6666666666666666,0.5,0.6000000000000001,0.0,0.0,0.0,0.0,0.42857142857142855,0.951219512195122,0
0.25476044226044225,0.2465753424657534,0.5,0.07132314728198731,1.0,0.6,0.6666666666666666,1.0,0.6000000000000001,0.0,0.0,0.0,0.0,0.44897959183673464,0.951219512195122,0
0.6325859950859951,0.1643835616438356,0.5,0.08573744932959151,0.0,0.33333333333333337,0.6666666666666666,0.21428571428571427,0.2,0.0,0.0,0.0,0.0,0.47959183673469385,0.951219512195122,0
0.32847051597051596,0.5068493150684932,0.125,0.006522537504763884,0.6,0.8,0.0,0.2857142857142857,0.8,0.0,1.0,0.0,0.0,0.39795918367346933,0.951219512195122,0
0.4726965601965602,0.0684931506849315,0.5,0.2698797768769705,0.7333333333333333,0.5333333333333333,0.6666666666666666,0.07142857142857142,0.2,0.0,1.0,0.0,0.0,0.5510204081632653,0.951219512195122,0
0.35945945945945945,0.1095890410958904,0.5,0.1101417039115823,0.7333333333333333,0.5333333333333333,0.0,0.42857142857142855,0.6000000000000001,0.0,1.0,0.0,0.0,0.39795918367346933,0.951219512195122,0
0.3947788697788698,0.4383561643835617,0.5,0.11428195267297231,0.6,0.8,0.3333333333333333,0.5714285714285714,0.0,0.0,0.0,0.0,0.0,0.39795918367346933,0.951219512195122,0
0.4682125307125307,0.3698630136986301,0.75,0.16770120916051692,1.0,0.6,0.0,0.5714285714285714,0.2,0.0,0.0,0.0,0.0,0.44897959183673464,0.951219512195122,0
0.5078931203931204,0.3424657534246575,0.5,0.10229428680317361,0.7333333333333333,0.5333333333333333,0.0,0.5714285714285714,0.8,0.0,1.0,0.0,0.0,0.39795918367346933,0.951219512195122,0
0.25853808353808355,0.1917808219178082,0.5,0.24774971416692654,0.6,0.8,0.6666666666666666,0.8571428571428571,0.2,0.0,0.0,0.04101041010410104,0.0,0.5,0.951219512195122,0
0.8031019656019656,0.3150684931506849,0.5,0.1123306655579808,0.7333333333333333,0.5333333333333333,0.3333333333333333,0.21428571428571427,0.0,0.0,0.0,0.0,0.0,0.39795918367346933,0.951219512195122,0
0.09677518427518428,0.0958904109589041,0.875,0.11450022520181546,0.6,0.8,0.6666666666666666,0.7142857142857142,0.2,0.0,0.0,0.0,0.0,0.14285714285714282,0.951219512195122,0
0.35488329238329236,0.1643835616438356,0.5,0.23530887295152966,0.6,0.8,0.6666666666666666,0.8571428571428571,0.2,0.0,0.0,0.0,0.0,0.5,0.951219512195122,1
0.4839373464373464,0.5753424657534245,0.25,0.11352458164431971,0.8,0.8666666666666667,0.0,0.7142857142857142,0.2,0.0,0.0,0.0,0.0,0.39795918367346933,0.951219512195122,1
0.9173525798525798,0.0273972602739726,0.5,0.07587776738384783,1.0,0.6,0.6666666666666666,0.8571428571428571,0.2,0.0,1.0,0.0,0.0,0.2959183673469387,0.951219512195122,0
0.8485257985257985,0.3698630136986301,0.5,0.2819173336105048,0.7333333333333333,0.5333333333333333,0.0,0.07142857142857142,0.8,1.0,1.0,0.0,0.0,0.39795918367346933,0.951219512195122,0
0.29935503685503684,0.0958904109589041,0.5,0.1263340609084295,0.6,0.8,0.6666666666666666,0.8571428571428571,0.6000000000000001,0.0,1.0,0.0,0.0,0.14285714285714282,0.951219512195122,0
0.15328624078624078,0.1643835616438356,0.5,0.1758361916640682,0.4,0.26666666666666666,0.3333333333333333,1.0,0.0,0.0,0.0,0.0,0.0,0.39795918367346933,0.951219512195122,0
0.3993243243243243,0.1232876712328767,0.5,0.017979420018709072,0.6,0.8,0.6666666666666666,0.7142857142857142,0.2,0.0,0.0,0.0,0.0,0.5,0.951219512195122,0
3.071253071253071e-05,0.4520547945205479,0.75,0.04921595121782212,0.6,0.8,0.3333333333333333,0.2857142857142857,0.0,0.0,0.0,0.0,0.0,0.12244897959183672,0.951219512195122,0
0.7868243243243243,0.2602739726027397,0.5,0.10012472715933894,0.7333333333333333,0.5333333333333333,0.6666666666666666,0.8571428571428571,0.4,1.0,1.0,0.0,0.0,0.39795918367346933,0.0,0
0.16624692874692873,0.4520547945205479,0.25,0.07310813151786023,0.7333333333333333,0.5333333333333333,0.0,0.07142857142857142,0.2,0.0,1.0,0.0,0.0,0.39795918367346933,0.951219512195122,0
0.2800982800982801,0.1643835616438356,0.5,0.20556352423517998,0.7333333333333333,0.5333333333333333,0.5,0.21428571428571427,0.2,0.0,0.0,0.0,0.0,0.39795918367346933,0.951219512195122,0
0.12536855036855035,0.4794520547945205,0.5,0.13212140110175657,0.3333333333333333,0.2,0.3333333333333333,0.21428571428571427,0.0,0.0,0.0,0.0,0.0,0.39795918367346933,0.951219512195122,0
0.6536240786240786,0.6575342465753424,0.5,0.06441949901257665,0.7333333333333333,0.5333333333333333,0.3333333333333333,0.9285714285714285,0.0,0.0,0.0,0.0,0.0,0.39795918367346933,0.951219512195122,1
0.71007371007371,0.0136986301369863,0.5,0.17518206700620173,0.06666666666666667,0.4,0.6666666666666666,0.5714285714285714,0.6000000000000001,0.0,1.0,0.0,0.0,0.1530612244897959,0.951219512195122,0
0.7358722358722358,0.27397260273972607,0.5,0.02103731420850223,0.7333333333333333,0.5333333333333333,0.3333333333333333,0.3571428571428571,0.0,0.0,0.0,0.0,0.0,0.39795918367346933,0.951219512195122,0
0.9196253071253071,0.0821917808219178,0.5,0.14054672071510238,0.6,0.8,0.6666666666666666,0.07142857142857142,0.2,0.0,1.0,0.0,0.0,0.39795918367346933,0.951219512195122,0
0.2307125307125307,0.0547945205479452,0.5,0.26643453556456365,0.7333333333333333,0.5333333333333333,0.6666666666666666,1.0,0.6000000000000001,1.0,0.0,0.0,0.0,0.19387755102040813,0.951219512195122,0
0.0691031941031941,0.30136986301369856,0.5,0.015066347919481688,0.6,0.8,0.0,0.2857142857142857,0.8,0.0,1.0,0.0,0.0,0.47959183673469385,0.951219512195122,0
0.23826781326781327,0.6164383561643836,0.5,0.1929591518553165,0.0,0.33333333333333337,1.0,0.42857142857142855,0.2,0.0,1.0,0.0,0.0,0.39795918367346933,0.951219512195122,0
0.8882371007371007,0.1643835616438356,0.5,0.07449537470117451,1.0,0.6,0.6666666666666666,0.8571428571428571,0.4,0.0,0.0,0.0,0.0,0.5,0.951219512195122,0
0.6494164619164619,0.35616438356164376,0.75,0.22920417143055125,0.3333333333333333,0.2,0.3333333333333333,0.3571428571428571,0.0,0.0,0.0,0.045080450804508045,0.0,0.39795918367346933,0.12195121951219512,0
0.8251535626535627,0.0,0.125,0.060706094307591024,0.06666666666666667,0.4,0.6666666666666666,0.07142857142857142,0.2,1.0,1.0,0.0,0.3677685950413223,0.39795918367346933,0.951219512195122,0
0.983568796068796,0.4520547945205479,0.5,0.08829158438138793,1.0,0.6,0.3333333333333333,0.21428571428571427,0.0,0.0,0.0,0.0,0.0,0.39795918367346933,0.951219512195122,1
0.4038697788697789,0.4246575342465753,0.25,0.01966600838443682,0.7333333333333333,0.5333333333333333,0.3333333333333333,0.5714285714285714,0.0,0.0,0.0,0.0,0.0,0.39795918367346933,0.951219512195122,0
0.7832923832923833,0.4794520547945205,0.5,0.08545334857776392,1.0,0.6,1.0,0.5714285714285714,0.8,1.0,1.0,0.0,0.0,0.39795918367346933,0.0,0
0.6501842751842751,0.1232876712328767,0.5,0.06542632435990714,0.7333333333333333,0.5333333333333333,0.6666666666666666,0.42857142857142855,0.6000000000000001,1.0,0.0,0.0,0.0,0.2755102040816326,0.951219512195122,0
0.02942260442260442,0.2191780821917808,0.75,0.07701139867650625,0.6,0.8,0.3333333333333333,0.2857142857142857,0.0,0.0,0.0,0.0,0.0,0.39795918367346933,0.951219512195122,1
0.44066339066339066,0.1643835616438356,0.0,0.005202508401760038,1.0,0.6,0.0,0.0,0.8,0.0,1.0,0.0,0.0,0.07142857142857142,0.951219512195122,0
0.3921068796068796,0.0410958904109589,0.5,0.056874891729896404,1.0,0.6,0.6666666666666666,0.7142857142857142,0.2,1.0,1.0,0.0,0.0,0.19387755102040813,0.951219512195122,0
0.5788390663390663,0.7671232876712328,0.5,0.11844091050826318,0.5333333333333333,0.6666666666666666,1.0,0.7142857142857142,0.2,0.0,0.0,0.25124251242512424,0.0,0.6020408163265305,0.951219512195122,1
0.9826167076167076,0.1917808219178082,0.5,0.07352943214496067,0.06666666666666667,0.4,0.3333333333333333,0.5,0.0,0.0,0.0,0.0,0.0,0.39795918367346933,0.951219512195122,0
0.9021805896805897,0.0684931506849315,0.0,0.07873055468939473,1.0,0.6,0.6666666666666666,0.0,0.6000000000000001,0.0,0.0,0.0,0.0,0.39795918367346933,0.951219512195122,0
0.6192260442260442,0.4794520547945205,0.625,0.0479167099747081,0.9333333333333333,0.9333333333333333,0.3333333333333333,0.8571428571428571,0.0,0.0,0.0,0.0,0.0,0.39795918367346933,0.951219512195122,1
0.4069103194103194,0.2191780821917808,0.875,0.22180230745244778,0.7333333333333333,0.5333333333333333,0.3333333333333333,0.21428571428571427,0.0,0.0,0.0,0.0,0.0,0.39795918367346933,0.951219512195122,1
0.6868243243243243,0.3972602739726027,0.5,0.10689186848213976,1.0,0.6,0.0,0.07142857142857142,0.2,0.0,1.0,0.0,0.0,0.2346938775510204,0.951219512195122,0
0.009674447174447175,0.0958904109589041,0.5,0.124497799951495,1.0,0.6,0.6666666666666666,0.5,0.2,0.0,0.0,0.0,0.0,0.39795918367346933,0.951219512195122,0
0.8502457002457002,0.7397260273972601,0.5,0.03026712399958424,0.3333333333333333,0.2,1.0,1.0,0.2,0.0,0.0,0.0,0.0,0.09183673469387754,0.951219512195122,0
0.8807739557739558,0.2191780821917808,0.5,0.17411634272251672,1.0,0.6,0.3333333333333333,0.21428571428571427,0.0,0.0,0.0,0.0,0.0,0.6020408163265305,0.951219512195122,1
0.344502457002457,0.2054794520547945,0.0,0.18906281398330044,0.4666666666666667,0.7333333333333334,0.6666666666666666,0.0,0.8,0.0,0.0,0.0,0.0,0.19387755102040813,0.951219512195122,0
0.38264742014742015,0.1506849315068493,0.5,0.14487821778747878,1.0,0.6,0.6666666666666666,0.21428571428571427,0.6000000000000001,0.0,0.0,0.0,0.0,0.39795918367346933,0.951219512195122,0
0.8864250614250614,0.0410958904109589,0.5,0.25181928420469113,1.0,0.6,0.6666666666666666,0.07142857142857142,0.6000000000000001,0.0,1.0,0.0,0.0,0.14285714285714282,0.951219512195122,0
0.8525184275184275,0.3698630136986301,0.5,0.10638533762949104,0.7333333333333333,0.5333333333333333,0.3333333333333333,0.2857142857142857,0.0,0.0,0.0,0.0,0.0,0.6020408163265305,0.951219512195122,1
0.2595823095823096,0.7534246575342465,0.5,0.1267359595329661,0.7333333333333333,0.5333333333333333,1.0,0.6428571428571428,0.8,0.0,1.0,0.0,0.0,0.11224489795918367,0.12195121951219512,0
0.34987714987714985,0.3424657534246575,0.5,0.0737047430966982,0.4666666666666667,0.7333333333333334,0.3333333333333333,0.9285714285714285,0.0,0.0,0.0,0.0,0.0,0.39795918367346933,0.951219512195122,0
0.5217444717444717,0.0547945205479452,0.5,0.18379586321588193,0.7333333333333333,0.5333333333333333,0.6666666666666666,0.2857142857142857,0.6000000000000001,0.0,1.0,0.0,0.0,0.39795918367346933,0.951219512195122,0
0.027457002457002458,0.3424657534246575,0.75,0.11434847382461975,0.9333333333333333,0.9333333333333333,0.3333333333333333,0.3571428571428571,0.0,0.0,0.0,0.0,0.0,0.6530612244897959,0.951219512195122,1
0.9013206388206388,0.3972602739726027,0.5,0.41027959671551817,0.7333333333333333,0.5333333333333333,0.3333333333333333,0.5714285714285714,0.0,1.0,0.0,0.0,0.0,0.39795918367346933,0.951219512195122,0
0.4998771498771499,0.0958904109589041,0.5,0.11595606832276617,0.7333333333333333,0.5333333333333333,0.3333333333333333,0.5,0.0,0.0,0.0,0.0,0.0,0.39795918367346933,0.951219512195122,0
0.6897113022113022,0.0547945205479452,0.5,0.17860790631604478,1.0,0.6,0.6666666666666666,0.5714285714285714,0.6000000000000001,0.0,1.0,0.0,0.0,0.1530612244897959,0.951219512195122,0
0.17417076167076168,0.2054794520547945,0.5,0.14141010982919308,1.0,0.6,0.3333333333333333,0.7857142857142857,0.0,1.0,0.0,0.0,0.0,0.1530612244897959,0.951219512195122,0
0.3476658476658477,0.1232876712328767,0.625,0.1025915531995981,0.7333333333333333,0.5333333333333333,0.3333333333333333,0.2857142857142857,0.0,0.0,0.0,0.0,0.0,0.6020408163265305,0.951219512195122,0
0.024723587223587223,0.2054794520547945,0.5,0.15158368845927314,0.7333333333333333,0.5333333333333333,0.3333333333333333,0.21428571428571427,0.0,0.0,0.0,0.051780517805178054,0.0,0.47959183673469385,0.951219512195122,1
0.5408169533169533,0.8493150684931505,0.625,0.05875827183591449,0.13333333333333333,0.4666666666666667,1.0,0.8571428571428571,0.2,0.0,0.0,0.18481184811848117,0.0,0.44897959183673464,0.951219512195122,1
0.7359029484029483,0.5616438356164384,0.875,0.1854228597165922,0.8,0.8666666666666667,0.3333333333333333,0.2857142857142857,0.0,0.0,0.0,0.0,0.0,0.39795918367346933,0.951219512195122,1
0.45377764127764125,0.3424657534246575,0.875,0.20234694938156117,0.7333333333333333,0.5333333333333333,0.3333333333333333,1.0,0.0,1.0,0.0,0.0,0.0,0.39795918367346933,0.951219512195122,0
0.9342444717444717,0.0821917808219178,0.5,0.15357932300869626,1.0,0.6,0.6666666666666666,0.5714285714285714,0.6000000000000001,0.0,1.0,0.0,0.0,0.19387755102040813,0.951219512195122,0
0.09695945945945945,0.0547945205479452,0.5,0.20343623323978796,1.0,0.6,0.3333333333333333,0.5714285714285714,0.0,0.0,0.0,0.0,0.0,0.39795918367346933,0.951219512195122,0
0.2355036855036855,0.0821917808219178,0.5,0.10263174306205176,1.0,0.6,0.5,0.42857142857142855,0.8,0.0,0.0,0.0,0.0,0.39795918367346933,0.951219512195122,0
0.41154791154791154,0.27397260273972607,0.5,0.038000207878598896,0.7333333333333333,0.5333333333333333,0.0,0.8571428571428571,0.2,0.0,0.0,0.0,0.0,0.6020408163265305,0.951219512195122,0
0.3945331695331695,0.3972602739726027,0.5,0.1395045560059592,0.3333333333333333,0.2,0.5,0.6428571428571428,0.8,0.0,1.0,0.0,0.3659320477502296,0.2346938775510204,0.3170731707317073,0
0.425,0.0684931506849315,0.875,0.0844728545196272,1.0,0.6,0.6666666666666666,0.9285714285714285,0.6000000000000001,0.0,1.0,0.0,0.0,0.09183673469387754,0.951219512195122,0
0.6310503685503686,0.2191780821917808,0.5,0.0754668606866923,0.7333333333333333,0.5333333333333333,0.6666666666666666,0.5,0.2,1.0,0.0,0.0,0.0,0.5,0.951219512195122,0
0.6842751842751843,0.5753424657534245,0.875,0.12470845026504522,0.6666666666666666,1.0,0.3333333333333333,0.7142857142857142,0.0,0.0,0.0,0.0,0.0,0.39795918367346933,0.951219512195122,1
0.42825552825552826,0.2876712328767123,0.625,0.1213498250355126,0.7333333333333333,0.5333333333333333,0.3333333333333333,0.2857142857142857,0.0,0.0,0.0,0.0,0.0,0.39795918367346933,0.951219512195122,1
0.171990171990172,0.3698630136986301,0.5,0.2520784395246509,0.7333333333333333,0.5333333333333333,0.3333333333333333,0.9285714285714285,0.0,0.0,0.0,0.0,0.0,0.44897959183673464,0.951219512195122,1
0.17487714987714986,0.3698630136986301,0.5,0.11802723209645567,0.5333333333333333,0.6666666666666666,0.3333333333333333,0.9285714285714285,0.0,0.0,0.0,0.0,0.0,0.39795918367346933,0.951219512195122,1
0.23679361179361177,0.5616438356164384,0.25,0.1563205487995011,0.6,0.8,0.3333333333333333,0.7142857142857142,0.0,0.0,0.0,0.0,0.0,0.5816326530612245,0.951219512195122,0
0.6037162162162162,0.4383561643835617,0.0,0.027928489761979,0.7333333333333333,0.5333333333333333,0.6666666666666666,0.0,0.2,1.0,0.0,0.0,0.0,0.39795918367346933,0.951219512195122,0
0.5127764127764127,0.3698630136986301,0.875,0.07181997713335411,0.8,0.8666666666666667,0.3333333333333333,0.2857142857142857,0.0,0.0,0.0,0.0,0.0,0.39795918367346933,0.951219512195122,0
0.14907862407862407,0.1095890410958904,0.5,0.04337594844610747,0.6,0.8,0.6666666666666666,0.9285714285714285,0.2,1.0,1.0,0.0,0.25068870523415976,0.39795918367346933,0.7317073170731707,0
0.3442260442260442,0.1643835616438356,0.5,0.16603956622665697,0.4666666666666667,0.7333333333333334,0.3333333333333333,0.21428571428571427,0.0,0.0,0.0,0.0,0.0,0.44897959183673464,0.951219512195122,0
0.8961609336609336,0.0410958904109589,0.5,0.1884987700516232,1.0,0.6,0.6666666666666666,0.5714285714285714,0.6000000000000001,0.0,1.0,0.0,0.0,0.346938775510204,0.951219512195122,0
0.007923832923832924,0.3835616438356165,0.5,0.12152652184457609,0.5333333333333333,0.6666666666666666,1.0,0.2857142857142857,0.2,0.0,1.0,0.0,0.0,0.44897959183673464,0.951219512195122,0
0.7899262899262899,0.3150684931506849,0.5,0.1591033503100856,1.0,0.6,0.3333333333333333,0.07142857142857142,0.0,0.0,0.0,0.0,0.0,0.39795918367346933,0.951219512195122,0
0.40046068796068796,0.32876712328767127,0.5,0.03953019436648997,0.7333333333333333,0.5333333333333333,0.3333333333333333,0.21428571428571427,0.0,0.0,0.0,0.0,0.0,0.44897959183673464,0.951219512195122,1
0.6988329238329238,0.7397260273972601,0.5,0.06797283719641063,0.7333333333333333,0.5333333333333333,0.3333333333333333,0.8571428571428571,0.0,0.0,0.0,0.0,0.5663452708907254,0.520408163265306,0.951219512195122,0
0.503009828009828,0.2191780821917808,0.5,0.11789349686449781,0.7333333333333333,0.5333333333333333,0.0,0.5714285714285714,0.8,1.0,0.0,0.0,0.0,0.39795918367346933,0.951219512195122,0
0.5262285012285012,0.2465753424657534,0.125,0.06300731039739459,0.6666666666666666,1.0,0.6666666666666666,0.7142857142857142,0.2,1.0,1.0,0.0,0.0,0.6020408163265305,0.951219512195122,1
0.3811425061425061,0.2602739726027397,0.5,0.08831930152790769,1.0,0.6,1.0,0.7142857142857142,0.6000000000000001,0.0,1.0,0.0,0.0,0.39795918367346933,0.951219512195122,0
0.4722972972972973,0.6849315068493149,0.5,0.06439455358070886,1.0,0.6,1.0,0.7142857142857142,0.2,0.0,1.0,0.0,0.0,0.1530612244897959,0.951219512195122,0
0.7460687960687961,0.1643835616438356,0.5,0.10271073692963309,0.7333333333333333,0.5333333333333333,0.8333333333333333,0.07142857142857142,0.6000000000000001,0.0,1.0,0.0,0.0,0.39795918367346933,0.951219512195122,0
0.13605651105651106,0.4931506849315069,0.5,0.22395177216505563,0.7333333333333333,0.5333333333333333,0.3333333333333333,0.07142857142857142,1.0,1.0,1.0,0.0,0.0,0.31632653061224486,0.951219512195122,0
0.08402948402948403,0.27397260273972607,0.25,0.1975983092540623,0.7333333333333333,0.5333333333333333,0.3333333333333333,0.7857142857142857,0.0,0.0,0.0,0.0,0.0,0.39795918367346933,0.951219512195122,1
0.406019656019656,0.3150684931506849,0.5,0.11393895298479022,1.0,0.6,0.3333333333333333,0.8571428571428571,0.0,0.0,0.0,0.0,0.0,0.39795918367346933,0.951219512195122,1
0.33915847665847665,0.2328767123287671,0.5,0.014026954924990473,0.5333333333333333,0.6666666666666666,0.5,0.07142857142857142,0.8,0.0,1.0,0.0,0.22359963269054178,0.39795918367346933,0.951219512195122,0
0.3300061425061425,0.8082191780821917,0.0,0.08505976509718324,0.7333333333333333,0.5333333333333333,0.3333333333333333,0.0,0.0,0.0,0.0,0.0,0.0,0.19387755102040813,0.951219512195122,0
0.19603808353808352,0.3972602739726027,0.625,0.12451443023940685,0.8,0.8666666666666667,0.3333333333333333,0.2857142857142857,0.0,0.0,0.0,0.0,0.549127640036731,0.5,0.951219512195122,1
0.471529484029484,0.0273972602739726,0.5,0.309235353220386,0.7333333333333333,0.5333333333333333,0.3333333333333333,0.21428571428571427,1.0,0.0,1.0,0.0,0.0,0.39795918367346933,0.951219512195122,0
0.6133906633906634,0.3698630136986301,0.25,0.09232373627135086,0.8,0.8666666666666667,0.6666666666666666,0.7142857142857142,0.2,0.0,1.0,0.0,0.0,0.39795918367346933,0.951219512195122,0
0.0017813267813267812,0.32876712328767127,0.5,0.09360565429789003,0.7333333333333333,0.5333333333333333,0.3333333333333333,0.07142857142857142,0.0,0.0,0.0,0.0,0.0,0.47959183673469385,0.951219512195122,0
0.4779791154791155,0.0958904109589041,0.5,0.14789800090080726,0.6,0.8,0.6666666666666666,0.07142857142857142,0.6000000000000001,0.0,1.0,0.0,0.0,0.19387755102040813,0.951219512195122,0
0.11167076167076166,0.3835616438356165,0.5,0.2025326542632436,0.13333333333333333,0.4666666666666667,0.3333333333333333,0.5,0.0,1.0,0.0,0.0,0.0,0.39795918367346933,0.0,0
0.10423832923832924,0.0136986301369863,0.5,0.05936874198801233,0.7333333333333333,0.5333333333333333,0.6666666666666666,0.5714285714285714,0.6000000000000001,0.0,1.0,0.0,0.0,0.2959183673469387,0.951219512195122,0
0.519563882063882,0.2602739726027397,0.5,0.11765166476111284,0.7333333333333333,0.5333333333333333,0.6666666666666666,0.42857142857142855,0.6000000000000001,0.0,0.0,0.0,0.0,0.39795918367346933,0.951219512195122,0
0.9220208845208845,0.3972602739726027,0.5,0.027721304091743754,0.6,0.8,0.3333333333333333,0.7142857142857142,0.0,0.0,0.0,0.07688076880768807,0.0,0.44897959183673464,0.951219512195122,1
0.6086609336609337,0.0410958904109589,0.5,0.11870491632886394,1.0,0.6,0.6666666666666666,0.42857142857142855,0.6000000000000001,0.0,0.0,0.0,0.0,0.5,0.951219512195122,0
0.7570945945945946,0.3424657534246575,0.5,0.08789176454284031,1.0,0.6,0.3333333333333333,0.9285714285714285,0.0,0.0,0.0,0.0,0.0,0.39795918367346933,0.951219512195122,1
0.9999692874692875,0.0684931506849315,0.5,0.13110556768180717,0.7333333333333333,0.5333333333333333,0.6666666666666666,0.07142857142857142,0.6000000000000001,0.0,0.0,0.0,0.0,0.19387755102040813,0.951219512195122,0
0.9275184275184275,0.2602739726027397,0.5,0.1632893323632332,0.7333333333333333,0.5333333333333333,0.3333333333333333,0.5714285714285714,1.0,1.0,1.0,0.0,0.0,0.01020408163265306,0.8780487804878049,0
0.2962223587223587,0.35616438356164376,0.5,0.17306101236877663,0.26666666666666666,0.13333333333333336,0.5,0.3571428571428571,0.8,0.0,0.0,0.0,0.0,0.346938775510204,0.6341463414634146,0
0.6569717444717444,0.27397260273972607,0.5,0.1959893288985899,0.7333333333333333,0.5333333333333333,0.6666666666666666,0.5,0.2,0.0,0.0,0.0,0.0,0.39795918367346933,0.951219512195122,0
0.5737100737100737,0.1780821917808219,0.5,0.15451339084641239,0.6,0.8,0.3333333333333333,0.8571428571428571,0.0,0.0,0.0,0.0,0.0,0.39795918367346933,0.951219512195122,1
0.24511670761670762,0.0958904109589041,0.5,0.16468974119114438,1.0,0.6,0.6666666666666666,0.2857142857142857,0.6000000000000001,0.0,0.0,0.0,0.0,0.39795918367346933,0.951219512195122,0
0.7752457002457003,0.4931506849315069,0.5,0.15842358729168832,1.0,0.6,0.3333333333333333,0.21428571428571427,0.0,0.0,0.0,0.0,0.0,0.39795918367346933,0.951219512195122,0
0.5444103194103194,0.1506849315068493,0.5,0.10148078855281849,0.13333333333333333,0.4666666666666667,0.3333333333333333,0.5,0.4,1.0,0.0,0.0,0.0,0.39795918367346933,0.17073170731707318,0
0.04785012285012285,0.1095890410958904,0.5,0.23543775768284655,0.7333333333333333,0.5333333333333333,0.6666666666666666,1.0,0.2,0.0,0.0,0.0,0.0,0.6530612244897959,0.951219512195122,0
0.6345823095823095,0.6164383561643836,0.5,0.03990021827252884,0.6,0.8,0.3333333333333333,0.7142857142857142,0.0,0.0,0.0,0.0,0.0,0.5510204081632653,0.951219512195122,1
0.23479729729729729,0.5890410958904109,0.5,0.05067248726743581,0.7333333333333333,0.5333333333333333,0.3333333333333333,1.0,0.0,0.0,0.0,0.0,0.0,0.43877551020408156,0.951219512195122,1
0.4322174447174447,0.5068493150684932,0.5,0.17017219277275406,1.0,0.6,0.8333333333333333,0.5714285714285714,0.2,0.0,0.0,0.0,0.0,0.2755102040816326,0.0975609756097561,0
0.149017199017199,0.35616438356164376,0.25,0.10197415376087031,1.0,0.6,0.3333333333333333,0.7857142857142857,0.0,0.0,0.0,0.0,0.0,0.39795918367346933,0.951219512195122,0
0.5662776412776412,0.1917808219178082,0.5,0.14251948861864672,1.0,0.6,0.6666666666666666,0.7857142857142857,0.4,1.0,0.0,0.0,0.0,0.39795918367346933,0.0,0
0.09029484029484029,0.1095890410958904,0.5,0.044827633995080204,0.7333333333333333,0.5333333333333333,0.6666666666666666,0.8571428571428571,0.8,1.0,1.0,0.0,0.0,0.346938775510204,0.951219512195122,0
0.7801597051597051,0.0273972602739726,0.875,0.03806395731559436,1.0,0.6,0.6666666666666666,0.5714285714285714,0.2,0.0,0.0,0.005940059400594006,0.0,0.2346938775510204,0.951219512195122,0
0.3059275184275184,0.1506849315068493,0.5,0.10015175137719572,0.7333333333333333,0.5333333333333333,0.0,0.42857142857142855,0.8,0.0,1.0,0.0,0.0,0.3571428571428571,0.951219512195122,0
0.7962530712530712,0.4246575342465753,0.875,0.02227696358659876,0.8,0.8666666666666667,0.3333333333333333,0.7142857142857142,0.0,0.0,0.0,0.0,0.0,0.6122448979591836,0.951219512195122,1
0.09806511056511057,0.2191780821917808,0.5,0.43303675986557183,0.13333333333333333,0.4666666666666667,0.0,0.5,0.8,1.0,1.0,0.0,0.0,0.39795918367346933,0.951219512195122,0
0.6349201474201474,0.3698630136986301,0.5,0.10458372310570627,0.13333333333333333,0.4666666666666667,0.0,0.5,0.8,0.0,1.0,0.0,0.0,0.39795918367346933,0.951219512195122,0
0.7933353808353808,0.1917808219178082,0.5,0.09354467657554655,0.6666666666666666,1.0,0.3333333333333333,0.7142857142857142,0.0,0.0,0.0,0.0,0.45385674931129477,0.9999999999999999,0.951219512195122,1
0.13384520884520884,0.3150684931506849,0.125,0.0097515850743166,0.4666666666666667,0.7333333333333334,0.6666666666666666,0.07142857142857142,0.2,0.0,1.0,0.0,0.0,0.39795918367346933,0.951219512195122,0
0.4803132678132678,0.0547945205479452,0.5,0.20360253611890658,1.0,0.6,0.6666666666666666,0.07142857142857142,0.6000000000000001,0.0,0.0,0.0,0.0,0.19387755102040813,0.951219512195122,0
0.696007371007371,0.4931506849315069,0.5,0.024329418286387412,0.7333333333333333,0.5333333333333333,0.3333333333333333,0.21428571428571427,0.0,0.0,0.0,0.0,0.0,0.39795918367346933,0.951219512195122,0
0.7886056511056511,0.2465753424657534,0.875,0.12538959914076847,0.7333333333333333,0.5333333333333333,0.3333333333333333,0.21428571428571427,0.0,0.0,0.0,0.0,0.3790174471992654,0.39795918367346933,0.951219512195122,0
0.38805282555282555,0.32876712328767127,0.5,0.14441256972594674,0.6,0.8,0.0,0.5714285714285714,0.2,0.0,0.0,0.0,0.0,0.36734693877551017,0.951219512195122,0
0.17886977886977887,0.6575342465753424,0.625,0.22591622492464403,1.0,0.6,0.3333333333333333,0.8571428571428571,0.0,0.0,0.0,0.0,0.0,0.39795918367346933,0.951219512195122,0
0.00472972972972973,0.4794520547945205,0.0,0.16673110903232513,0.7333333333333333,0.5333333333333333,0.0,0.0,0.2,0.0,0.0,0.0,0.0,0.44897959183673464,0.951219512195122,1
0.5510135135135135,0.5342465753424657,0.5,0.05492152582891591,0.0,0.33333333333333337,0.0,0.07142857142857142,0.8,1.0,1.0,0.0,0.0,0.3571428571428571,0.951219512195122,0
0.1574938574938575,0.0684931506849315,0.5,0.14125281502269343,1.0,0.6,0.6666666666666666,0.8571428571428571,0.6000000000000001,1.0,1.0,0.0,0.0,0.39795918367346933,0.951219512195122,0
0.1214987714987715,0.3424657534246575,0.5,0.022060076915081592,0.8,0.8666666666666667,0.0,0.7142857142857142,0.2,0.0,1.0,0.0,0.43067033976124885,0.39795918367346933,0.951219512195122,0
0.2218980343980344,0.0821917808219178,0.5,0.23413782351106954,0.7333333333333333,0.5333333333333333,0.6666666666666666,0.8571428571428571,0.2,0.0,0.0,0.0,0.0,0.39795918367346933,0.951219512195122,0
0.23866707616707616,0.3698630136986301,0.5,0.22466687454526557,1.0,0.6,0.3333333333333333,0.7142857142857142,0.0,0.0,0.0,0.0,0.0,0.44897959183673464,0.951219512195122,0
0.22097665847665848,0.136986301369863,0.75,0.13484668953331255,1.0,0.6,0.3333333333333333,0.3571428571428571,0.0,0.0,0.0,0.0,0.0,0.5,0.951219512195122,0
0.8575552825552826,0.0,0.5,0.0908055295707307,0.06666666666666667,0.4,0.6666666666666666,0.8571428571428571,0.6000000000000001,0.0,0.0,0.0,0.0,0.19387755102040813,0.951219512195122,0
0.7115479115479115,0.0684931506849315,0.5,0.029477185323770916,0.7333333333333333,0.5333333333333333,0.6666666666666666,0.8571428571428571,0.2,0.0,0.0,0.0,0.0,0.39795918367346933,0.951219512195122,0
0.8607800982800983,0.4794520547945205,0.5,0.03928697640577902,0.6,0.8,0.3333333333333333,0.2857142857142857,0.0,0.0,0.0,0.0,0.0,0.5,0.951219512195122,1
0.5977272727272727,0.6438356164383561,0.0,0.13794477358555937,0.7333333333333333,0.5333333333333333,1.0,0.0,0.2,0.0,1.0,0.0,0.0,0.2959183673469387,0.951219512195122,0
0.21584766584766585,0.41095890410958896,0.5,0.14508609638637704,1.0,0.6,0.0,0.9285714285714285,0.8,0.0,1.0,0.0,0.0,0.39795918367346933,0.951219512195122,0
0.6190110565110565,0.136986301369863,0.875,0.0062509094688701795,0.4666666666666667,0.7333333333333334,0.6666666666666666,0.07142857142857142,0.2,0.0,1.0,0.0,0.0,0.39795918367346933,0.2682926829268293,0
0.6124078624078624,0.41095890410958896,0.5,0.10326438693136542,0.7333333333333333,0.5333333333333333,0.0,0.5,0.8,0.0,1.0,0.0,0.0,0.2959183673469387,0.951219512195122,0
0.4606265356265356,0.2328767123287671,0.5,0.10564598274607628,0.7333333333333333,0.5333333333333333,0.3333333333333333,0.21428571428571427,0.0,0.0,0.0,0.0,0.0,0.39795918367346933,0.951219512195122,0
0.03178746928746928,0.0273972602739726,0.0,0.1589100232131102,0.7333333333333333,0.5333333333333333,0.6666666666666666,0.0,0.8,0.0,0.0,0.0,0.459366391184573,0.39795918367346933,0.951219512195122,0
0.5708230958230958,0.5068493150684932,0.5,0.017325988289505594,0.8,0.8666666666666667,0.3333333333333333,0.2857142857142857,1.0,0.0,1.0,0.0,0.0,0.5510204081632653,0.951219512195122,1
0.15924447174447173,0.0547945205479452,0.5,0.1348272875307487,1.0,0.6,0.6666666666666666,0.8571428571428571,0.6000000000000001,0.0,0.0,0.0,0.0,0.19387755102040813,0.0,0
0.6632063882063882,0.0821917808219178,0.5,0.19237362713508646,1.0,0.6,0.6666666666666666,0.07142857142857142,0.2,0.0,0.0,0.0,0.0,0.44897959183673464,0.951219512195122,0
0.6228501228501229,0.2602739726027397,0.5,0.02426982642136992,0.7333333333333333,0.5333333333333333,0.6666666666666666,0.5714285714285714,0.2,1.0,1.0,0.0,0.0,0.39795918367346933,0.951219512195122,0
0.11317567567567567,0.46575342465753417,0.5,0.028349097460416445,0.7333333333333333,0.5333333333333333,0.3333333333333333,0.21428571428571427,0.0,0.0,0.0,0.0,0.0,0.39795918367346933,0.951219512195122,0
0.27705773955773955,0.2328767123287671,0.75,0.20887918788760698,0.6,0.8,0.3333333333333333,0.8571428571428571,0.0,0.0,0.0,0.0,0.0,0.6020408163265305,0.951219512195122,1
0.5239864864864865,0.2876712328767123,0.5,0.13267920867546687,0.5333333333333333,0.6666666666666666,0.6666666666666666,0.9285714285714285,0.2,0.0,1.0,0.023540235402354025,0.0,0.39795918367346933,0.951219512195122,0
0.2124078624078624,0.2876712328767123,0.5,0.15029276236011505,0.6,0.8,0.6666666666666666,0.2857142857142857,0.8,0.0,1.0,0.0,0.0,0.39795918367346933,0.12195121951219512,0
0.5930589680589681,0.3424657534246575,0.875,0.10261164813082493,0.8,0.8666666666666667,0.3333333333333333,0.7142857142857142,0.0,0.0,0.0,0.0,0.0,0.5,0.951219512195122,1
0.7601351351351351,0.2328767123287671,0.5,0.11809513910542908,0.7333333333333333,0.5333333333333333,0.8333333333333333,0.5714285714285714,0.2,0.0,1.0,0.0,0.0,0.346938775510204,0.0,0
0.6289312039312039,0.0684931506849315,0.5,0.1077517929529155,0.7333333333333333,0.5333333333333333,0.6666666666666666,0.5714285714285714,0.2,0.0,1.0,0.0,0.0,0.39795918367346933,0.951219512195122,0
0.24118550368550368,0.1232876712328767,0.75,0.1318470013512109,1.0,0.6,0.6666666666666666,0.7142857142857142,0.6000000000000001,0.0,1.0,0.0,0.0,0.346938775510204,0.951219512195122,0
0.2056818181818182,0.5068493150684932,0.5,0.024996015660187783,0.7333333333333333,0.5333333333333333,0.3333333333333333,0.21428571428571427,0.0,0.0,0.0,0.0,0.0,0.39795918367346933,0.951219512195122,1
0.39407248157248154,0.27397260273972607,0.5,0.3566386030558154,0.8,0.8666666666666667,0.6666666666666666,0.7142857142857142,0.2,0.0,1.0,0.0,0.0,0.37755102040816324,0.951219512195122,1
0.6624078624078624,0.5753424657534245,0.5,0.1276353809375325,0.7333333333333333,0.5333333333333333,1.0,0.07142857142857142,0.8,0.0,1.0,0.0,0.0,0.39795918367346933,0.951219512195122,0
0.8177825552825553,0.1780821917808219,0.625,0.0799404081349825,0.7333333333333333,0.5333333333333333,0.3333333333333333,0.21428571428571427,0.0,0.0,0.0,0.0,0.4331955922865014,0.47959183673469385,0.951219512195122,1
0.7023034398034398,0.2191780821917808,0.125,0.22127290995392027,0.6666666666666666,1.0,0.3333333333333333,0.7142857142857142,0.0,0.0,0.0,0.0,0.42424242424242425,0.39795918367346933,0.951219512195122,1
0.3080159705159705,0.2191780821917808,0.5,0.11260367945120049,1.0,0.6,0.6666666666666666,0.5,0.2,0.0,0.0,0.0,0.0,0.39795918367346933,0.951219512195122,0
0.8276412776412776,0.3698630136986301,0.5,0.21136749471641894,1.0,0.6,0.0,0.5714285714285714,0.8,0.0,1.0,0.0,0.0,0.39795918367346933,0.951219512195122,0
0.17813267813267813,0.0273972602739726,0.5,0.27929806326438694,0.0,0.33333333333333337,0.0,0.5714285714285714,0.2,0.0,1.0,0.0,0.0,0.39795918367346933,0.951219512195122,0
0.6587530712530713,0.2328767123287671,0.5,0.10404808924921179,0.7333333333333333,0.5333333333333333,0.3333333333333333,0.07142857142857142,1.0,0.0,1.0,0.0,0.0,0.19387755102040813,0.951219512195122,1
0.26308353808353807,0.2465753424657534,0.25,0.205564217163843,0.7333333333333333,0.5333333333333333,0.3333333333333333,0.21428571428571427,0.0,0.0,0.0,0.0,0.0,0.39795918367346933,0.951219512195122,1
0.7487407862407862,0.4520547945205479,0.0,0.07674808578456847,0.8,0.8666666666666667,0.3333333333333333,0.0,0.0,0.0,0.0,0.0,0.0,0.6020408163265305,0.951219512195122,1
0.28292383292383294,0.0821917808219178,0.125,0.21342826456016353,0.7333333333333333,0.5333333333333333,0.6666666666666666,0.7142857142857142,0.2,0.0,0.0,0.0,0.0,0.39795918367346933,0.951219512195122,0
0.17847051597051597,0.1917808219178082,0.5,0.08476457748674773,0.5333333333333333,0.6666666666666666,0.3333333333333333,0.2857142857142857,1.0,1.0,1.0,0.0,0.0,0.42857142857142855,0.951219512195122,0
0.6855958230958231,0.1506849315068493,0.5,0.11324186674981811,0.6,0.8,0.3333333333333333,0.2857142857142857,1.0,0.0,1.0,0.0,0.0,0.39795918367346933,0.951219512195122,1
0.9285012285012285,0.2328767123287671,0.5,0.0692422825070159,0.7333333333333333,0.5333333333333333,0.3333333333333333,0.07142857142857142,0.0,0.0,0.0,0.0,0.3409090909090909,0.39795918367346933,0.951219512195122,0
0.43685503685503685,0.1095890410958904,0.5,0.04489207636073866,0.6,0.8,0.6666666666666666,0.7142857142857142,0.6000000000000001,0.0,1.0,0.0,0.5369605142332415,0.346938775510204,0.951219512195122,0
0.8607493857493858,0.3698630136986301,0.5,0.09632332051415307,1.0,0.6,1.0,0.8571428571428571,0.2,0.0,1.0,0.0,0.0,0.24489795918367346,0.951219512195122,0
0.13596437346437346,0.136986301369863,0.5,0.026844056404393163,0.7333333333333333,0.5333333333333333,0.6666666666666666,0.5714285714285714,0.2,0.0,1.0,0.0,0.0,0.39795918367346933,0.951219512195122,0
0.4925061425061425,0.1506849315068493,0.5,0.11421820323597685,0.8,0.8666666666666667,0.6666666666666666,0.2857142857142857,0.2,0.0,1.0,0.0,0.0,0.8061224489795917,0.0,0
0.7185503685503686,0.1095890410958904,0.5,0.18150781277067526,0.7333333333333333,0.5333333333333333,0.3333333333333333,0.9285714285714285,0.0,0.0,0.0,0.0,0.0,0.846938775510204,0.951219512195122,0
0.8379606879606879,0.136986301369863,0.5,0.047035997644042545,1.0,0.6,0.8333333333333333,0.07142857142857142,0.8,0.0,1.0,0.0,0.0,0.19387755102040813,0.951219512195122,0
0.9831388206388206,0.1506849315068493,0.5,0.03728649135571493,0.7333333333333333,0.5333333333333333,0.3333333333333333,0.8571428571428571,0.0,0.0,0.0,0.0,0.0,0.39795918367346933,0.951219512195122,0
0.9047297297297298,0.30136986301369856,0.5,0.10774486366628555,0.06666666666666667,0.4,0.3333333333333333,0.21428571428571427,0.0,0.0,0.0,0.0,0.0,0.346938775510204,0.951219512195122,0
0.3523034398034398,0.0684931506849315,0.5,0.06836503481966531,1.0,0.6,0.6666666666666666,0.5714285714285714,0.2,0.0,1.0,0.0,0.0,0.39795918367346933,0.951219512195122,0
0.39536240786240784,0.1095890410958904,0.5,0.11747150330873436,0.7333333333333333,0.5333333333333333,0.6666666666666666,0.21428571428571427,0.4,0.0,1.0,0.0,0.0,0.39795918367346933,0.951219512195122,0
0.12942260442260442,0.32876712328767127,0.75,0.12334476665627274,0.7333333333333333,0.5333333333333333,0.0,0.21428571428571427,0.2,0.0,0.0,0.0,0.0,0.39795918367346933,0.951219512195122,0
0.5915233415233415,0.1643835616438356,0.5,0.02955132869071129,0.7333333333333333,0.5333333333333333,0.3333333333333333,0.5,0.0,0.0,0.0,0.0,0.0,0.39795918367346933,0.951219512195122,0
0.976504914004914,0.5616438356164384,0.25,0.20727159338946055,0.8,0.8666666666666667,0.3333333333333333,0.7142857142857142,0.0,1.0,0.0,0.07688076880768807,0.0,0.2959183673469387,0.951219512195122,1
0.5358415233415234,0.0547945205479452,0.5,0.0969829886013235,1.0,0.6,0.6666666666666666,0.42857142857142855,0.6000000000000001,1.0,0.0,0.0,0.0,0.39795918367346933,0.7317073170731707,0
0.9834459459459459,0.3972602739726027,0.5,0.13785192114471817,0.4666666666666667,0.7333333333333334,0.3333333333333333,1.0,0.0,1.0,0.0,0.0,0.0,0.3571428571428571,0.951219512195122,0
0.8860257985257985,0.6849315068493149,0.0,0.018580882098187992,0.7333333333333333,0.5333333333333333,0.3333333333333333,0.0,1.0,0.0,1.0,0.0,0.0,0.04081632653061224,0.951219512195122,0
0.7022727272727273,0.547945205479452,0.5,0.2623226968783564,0.26666666666666666,0.13333333333333336,0.3333333333333333,0.3571428571428571,0.0,0.0,0.0,0.0,0.0,0.44897959183673464,0.6341463414634146,0
0.9038697788697788,0.5068493150684932,0.5,0.06287565395142569,0.7333333333333333,0.5333333333333333,0.0,0.9285714285714285,0.2,0.0,0.0,0.0,0.0,0.4183673469387755,0.951219512195122,1
0.28955773955773956,0.2054794520547945,0.5,0.02092644562242317,0.7333333333333333,0.5333333333333333,0.0,0.21428571428571427,0.8,0.0,0.0,0.0,0.0,0.39795918367346933,0.951219512195122,0
0.9984336609336609,0.2054794520547945,0.5,0.1251983508297821,0.7333333333333333,0.5333333333333333,0.8333333333333333,0.8571428571428571,0.2,0.0,1.0,0.0,0.0,0.44897959183673464,0.951219512195122,0
0.9579852579852579,0.1917808219178082,0.5,0.08057513079028514,0.7333333333333333,0.5333333333333333,0.3333333333333333,0.21428571428571427,0.0,0.0,0.0,0.0,0.0,0.39795918367346933,0.951219512195122,0
0.002702702702702703,0.1780821917808219,0.5,0.029136957350240793,0.4,0.26666666666666666,0.6666666666666666,0.8571428571428571,0.2,0.0,0.0,0.0,0.0,0.39795918367346933,0.951219512195122,0
0.763482800982801,0.32876712328767127,0.5,0.0177278869140422,0.7333333333333333,0.5333333333333333,0.3333333333333333,0.8571428571428571,0.0,0.0,0.0,0.0,0.43663911845730025,0.39795918367346933,0.951219512195122,1
0.4957002457002457,0.2328767123287671,0.5,0.12226795551397983,0.7333333333333333,0.5333333333333333,0.3333333333333333,0.5,0.4,1.0,1.0,0.0,0.0,0.19387755102040813,0.0975609756097561,0
0.2220208845208845,0.32876712328767127,0.5,0.1116204136784118,0.6,0.8,0.8333333333333333,0.8571428571428571,0.8,0.0,1.0,0.0,0.0,0.2959183673469387,0.951219512195122,0
0.8910012285012284,0.2328767123287671,0.25,0.2893753248103108,0.6,0.8,0.3333333333333333,0.7142857142857142,0.0,0.0,0.0,0.0,0.0,0.44897959183673464,0.6341463414634146,1
0.9915233415233415,0.1232876712328767,0.5,0.10546582129369782,0.6,0.8,0.6666666666666666,0.2857142857142857,0.2,0.0,0.0,0.0,0.0,0.09183673469387754,0.951219512195122,0
0.23117321867321866,0.136986301369863,0.5,0.01764820011779787,1.0,0.6,0.3333333333333333,0.3571428571428571,0.0,0.0,0.0,0.0,0.0,0.8061224489795917,0.951219512195122,0
0.8062039312039312,0.2602739726027397,0.75,0.16974326993036068,0.5333333333333333,0.6666666666666666,0.3333333333333333,0.3571428571428571,0.0,0.0,0.0,0.0,0.0,0.9999999999999999,0.951219512195122,0
0.9590909090909091,0.1917808219178082,0.5,0.10385268336624744,0.7333333333333333,0.5333333333333333,0.3333333333333333,0.21428571428571427,0.0,0.0,0.0,0.0,0.0,0.4693877551020408,0.951219512195122,0
0.30113636363636365,0.1780821917808219,0.625,0.11994525863562346,1.0,0.6,0.3333333333333333,0.2857142857142857,1.0,0.0,1.0,0.0,0.0,0.24489795918367346,0.951219512195122,0
0.5493550368550368,0.0136986301369863,0.5,0.062024044624605895,0.0,0.33333333333333337,0.6666666666666666,0.42857142857142855,0.6000000000000001,0.0,0.0,0.0,0.0,0.39795918367346933,0.951219512195122,0
0.6632985257985258,0.2876712328767123,0.75,0.28502303987804456,0.7333333333333333,0.5333333333333333,0.3333333333333333,0.8571428571428571,1.0,0.0,1.0,0.0,0.0,0.2346938775510204,0.951219512195122,1
0.7686732186732187,0.1780821917808219,0.5,0.2330547760108097,0.4,0.26666666666666666,0.3333333333333333,0.21428571428571427,0.0,1.0,0.0,0.0,0.0,0.39795918367346933,0.6341463414634146,0
0.8547604422604422,0.5068493150684932,0.5,0.346036794512005,0.6666666666666666,1.0,0.3333333333333333,0.2857142857142857,0.0,0.0,0.0,0.0,0.45385674931129477,0.42857142857142855,0.951219512195122,1
0.3479115479115479,0.0273972602739726,0.0,0.3665571839379136,1.0,0.6,0.6666666666666666,0.0,0.6000000000000001,0.0,0.0,0.0,0.0,0.39795918367346933,0.951219512195122,0
0.31882678132678133,0.2876712328767123,0.5,0.1385580154523092,1.0,0.6,0.3333333333333333,0.21428571428571427,0.0,0.0,0.0,0.0,0.0,0.39795918367346933,0.951219512195122,0
0.9778562653562654,0.1506849315068493,0.5,0.12187645081938815,0.4666666666666667,0.7333333333333334,0.6666666666666666,1.0,0.6000000000000001,0.0,0.0,0.0,0.0,0.6020408163265305,0.951219512195122,0
0.716093366093366,0.1232876712328767,0.75,0.015259675016457057,0.5333333333333333,0.6666666666666666,0.6666666666666666,0.3571428571428571,0.6000000000000001,0.0,0.0,0.0,0.0,0.6530612244897959,0.951219512195122,0
0.1603808353808354,0.5068493150684932,0.125,0.26346325745764476,1.0,0.6,0.3333333333333333,0.7142857142857142,0.0,0.0,0.0,0.0,0.0,0.39795918367346933,0.951219512195122,1
0.5811117936117935,0.30136986301369856,0.5,0.21270346117867167,0.0,0.33333333333333337,0.6666666666666666,0.5714285714285714,0.8,0.0,1.0,0.0,0.0,0.24489795918367346,0.6341463414634146,0
0.48565724815724814,0.2054794520547945,0.125,0.02121401101756574,0.9333333333333333,0.9333333333333333,0.3333333333333333,0.7142857142857142,0.0,0.0,0.0,0.15024150241502415,0.0,0.5,0.951219512195122,1
0.6007371007371007,0.0958904109589041,0.875,0.1191359179572463,1.0,0.6,0.6666666666666666,0.07142857142857142,0.6000000000000001,0.0,1.0,0.0,0.0,0.39795918367346933,0.951219512195122,0
0.4019348894348894,0.3150684931506849,0.5,0.13129543013546757,0.7333333333333333,0.5333333333333333,0.0,0.21428571428571427,0.2,0.0,0.0,0.0,0.0,0.39795918367346933,0.951219512195122,0
0.017444717444717445,0.1643835616438356,0.75,0.06816893600803797,0.7333333333333333,0.5333333333333333,0.8333333333333333,0.21428571428571427,0.2,0.0,0.0,0.0,0.0,0.346938775510204,0.951219512195122,0
0.04474815724815725,0.0684931506849315,0.5,0.20640058206007691,1.0,0.6,0.6666666666666666,1.0,0.2,0.0,0.0,0.0,0.0,0.39795918367346933,0.951219512195122,0
0.5293918918918918,0.5753424657534245,0.5,0.09133284828326924,0.7333333333333333,0.5333333333333333,0.3333333333333333,0.21428571428571427,0.0,0.0,0.0,0.0,0.0,0.39795918367346933,0.951219512195122,0
0.5120085995085994,0.2191780821917808,0.5,0.3459321622838929,0.7333333333333333,0.5333333333333333,0.3333333333333333,0.7142857142857142,0.0,0.0,0.0,0.0,0.0,0.39795918367346933,0.951219512195122,0
0.1477886977886978,0.7123287671232876,0.0,0.10519835082978207,0.7333333333333333,0.5333333333333333,0.0,0.0,0.2,0.0,1.0,0.0,0.0,0.39795918367346933,0.951219512195122,1
0.7831388206388206,0.136986301369863,0.25,0.10503204795066348,0.7333333333333333,0.5333333333333333,0.3333333333333333,1.0,0.0,0.0,0.0,0.0,0.0,0.6020408163265305,0.951219512195122,0
0.3721437346437346,0.136986301369863,0.25,0.1475979627897308,0.4666666666666667,0.7333333333333334,0.6666666666666666,0.7142857142857142,0.2,0.0,1.0,0.0,0.0,0.39795918367346933,0.951219512195122,0
0.12183660933660934,0.1095890410958904,0.5,0.06702283199944566,0.06666666666666667,0.4,0.3333333333333333,0.21428571428571427,0.0,0.0,0.0,0.0,0.0,0.39795918367346933,0.951219512195122,0
0.3902948402948403,0.1506849315068493,0.5,0.15145411079929322,1.0,0.6,0.6666666666666666,0.7142857142857142,0.2,1.0,1.0,0.033250332503325035,0.0,0.5,0.951219512195122,0
0.8992936117936118,0.0273972602739726,0.5,0.10577763919204518,1.0,0.6,0.6666666666666666,0.5714285714285714,0.6000000000000001,0.0,1.0,0.0,0.0,0.24489795918367346,0.951219512195122,0
0.1686117936117936,0.6164383561643836,0.625,0.1304729238124935,0.8,0.8666666666666667,0.3333333333333333,0.8571428571428571,0.0,0.0,0.0,0.0,0.0,0.44897959183673464,0.951219512195122,1
0.05448402948402948,0.4383561643835617,0.5,0.1091591310674566,0.7333333333333333,0.5333333333333333,0.3333333333333333,0.5714285714285714,1.0,1.0,1.0,0.0,0.0,0.39795918367346933,0.951219512195122,1
0.9046375921375921,0.6849315068493149,0.0,0.028620032567647155,0.7333333333333333,0.5333333333333333,1.0,0.0,0.2,0.0,1.0,0.0,0.0,0.39795918367346933,0.951219512195122,0
0.21726044226044225,0.4520547945205479,0.5,0.022231230294841142,1.0,0.6,0.3333333333333333,0.2857142857142857,0.0,0.0,0.0,0.0,0.0,0.39795918367346933,0.951219512195122,0
0.01646191646191646,0.547945205479452,0.5,0.12379655614454492,0.2,0.06666666666666667,1.0,0.6428571428571428,0.2,1.0,1.0,0.0,0.0,0.2959183673469387,0.951219512195122,0
0.44625307125307123,0.4246575342465753,0.5,0.1088168243079375,0.7333333333333333,0.5333333333333333,0.6666666666666666,0.5714285714285714,0.8,1.0,1.0,0.0,0.0,0.31632653061224486,0.34146341463414637,0
0.9241707616707616,0.1232876712328767,0.5,0.05277621868828604,0.7333333333333333,0.5333333333333333,0.3333333333333333,0.21428571428571427,0.0,0.0,0.0,0.0,0.0,0.3571428571428571,0.951219512195122,0
0.8677518427518427,0.1095890410958904,0.5,0.02257284412569726,0.7333333333333333,0.5333333333333333,0.6666666666666666,0.5714285714285714,0.2,0.0,0.0,0.0,0.0,0.39795918367346933,0.951219512195122,0
0.43270884520884517,0.5753424657534245,0.125,0.11366247444825554,0.0,0.33333333333333337,0.0,0.5714285714285714,0.2,0.0,1.0,0.0,0.0,0.36734693877551017,0.951219512195122,0
0.09680589680589681,0.6438356164383561,0.75,0.09551051519246093,0.6666666666666666,1.0,0.3333333333333333,0.2857142857142857,0.0,0.0,0.0,0.0,0.0,0.24489795918367346,0.951219512195122,1
0.2207923832923833,0.2054794520547945,0.5,0.25589716938641166,0.7333333333333333,0.5333333333333333,0.3333333333333333,0.21428571428571427,0.0,1.0,0.0,0.0,0.0,0.39795918367346933,0.951219512195122,0
0.8597665847665847,0.3424657534246575,0.75,0.11536915774521013,0.8,0.8666666666666667,0.3333333333333333,0.2857142857142857,0.0,0.0,0.0,0.0,0.0,0.5,0.951219512195122,1
0.27736486486486484,0.35616438356164376,0.5,0.09724838027925024,0.7333333333333333,0.5333333333333333,0.3333333333333333,0.21428571428571427,0.0,0.0,0.0,0.0,0.0,0.39795918367346933,0.951219512195122,1
0.21646191646191645,0.5205479452054793,0.5,0.12942660153137237,0.06666666666666667,0.4,0.3333333333333333,0.5,0.0,0.0,0.0,0.0,0.0,0.31632653061224486,0.951219512195122,0
0.8817567567567567,0.0684931506849315,0.5,0.08920971485985517,0.7333333333333333,0.5333333333333333,0.6666666666666666,0.5714285714285714,0.6000000000000001,1.0,0.0,0.0,0.0,0.2959183673469387,0.951219512195122,0
0.7667076167076167,0.3698630136986301,0.5,0.06542147385926618,0.7333333333333333,0.5333333333333333,0.0,0.5714285714285714,0.8,0.0,1.0,0.0,0.0,0.39795918367346933,0.951219512195122,0
0.6861793611793612,0.2876712328767123,0.25,0.1041665800505838,0.8,0.8666666666666667,0.6666666666666666,0.7142857142857142,0.2,0.0,1.0,0.0,0.5183654729109275,0.6020408163265305,0.951219512195122,0
0.16474201474201475,0.35616438356164376,0.75,0.12317430620517618,0.7333333333333333,0.5333333333333333,0.3333333333333333,0.8571428571428571,0.0,0.0,0.0,0.0,0.0,0.39795918367346933,0.951219512195122,0
0.7328316953316953,0.2054794520547945,0.5,0.15173613276513184,1.0,0.6,0.3333333333333333,0.5,0.0,0.0,0.0,0.0,0.0,0.5,0.951219512195122,0
0.5632371007371008,0.1095890410958904,0.5,0.0771236531199113,1.0,0.6,0.6666666666666666,0.07142857142857142,0.8,1.0,0.0,0.0,0.0,0.39795918367346933,0.951219512195122,0
0.7659398034398034,0.4794520547945205,0.125,0.07672521913868967,0.7333333333333333,0.5333333333333333,0.0,0.07142857142857142,0.2,0.0,0.0,0.0,0.0,0.44897959183673464,0.951219512195122,0
0.631019656019656,0.35616438356164376,0.75,0.015051796417558811,0.6,0.8,0.3333333333333333,0.3571428571428571,0.0,0.0,0.0,0.0,0.0,0.7040816326530611,0.951219512195122,1
0.543980343980344,0.30136986301369856,0.5,0.13105013338876764,0.7333333333333333,0.5333333333333333,0.3333333333333333,0.42857142857142855,0.0,0.0,0.0,0.0,0.0,0.39795918367346933,0.951219512195122,0
0.47318796068796065,0.1506849315068493,0.5,0.26520943768839,0.5333333333333333,0.6666666666666666,0.0,0.7142857142857142,0.8,0.0,1.0,0.0,0.0,0.39795918367346933,0.951219512195122,0
0.09050982800982801,0.0136986301369863,0.0,0.1975615840349236,0.7333333333333333,0.5333333333333333,0.6666666666666666,0.0,0.6000000000000001,0.0,0.0,0.0,0.0,0.09183673469387754,0.951219512195122,0
0.13538083538083537,0.4794520547945205,0.5,0.012038249662197275,0.7333333333333333,0.5333333333333333,0.3333333333333333,0.07142857142857142,0.0,0.0,0.0,0.0,0.0,0.39795918367346933,0.951219512195122,0
0.821990171990172,0.0410958904109589,0.875,0.1306406125489381,0.7333333333333333,0.5333333333333333,0.6666666666666666,1.0,0.6000000000000001,0.0,0.0,0.0,0.0,0.39795918367346933,0.951219512195122,0
0.4253071253071253,0.5068493150684932,0.5,0.08723556109898485,0.7333333333333333,0.5333333333333333,0.3333333333333333,0.5,0.0,0.0,0.0,0.0,0.0,0.39795918367346933,0.951219512195122,0
0.5889742014742014,0.0821917808219178,0.5,0.13521117001004748,0.4666666666666667,0.7333333333333334,0.3333333333333333,0.8571428571428571,1.0,0.0,1.0,0.0,0.0,0.24489795918367346,0.951219512195122,0
0.9428132678132678,0.0684931506849315,0.0,0.22333645151231682,1.0,0.6,0.6666666666666666,0.0,0.2,0.0,0.0,0.0,0.0,0.39795918367346933,0.951219512195122,0
0.9933046683046682,0.1232876712328767,0.5,0.1001420503759138,1.0,0.6,0.3333333333333333,0.5,0.0,1.0,0.0,0.0,0.0,0.39795918367346933,0.951219512195122,0
0.8558660933660933,0.6164383561643836,0.625,0.08666389495201468,0.8,0.8666666666666667,0.3333333333333333,0.7142857142857142,0.0,1.0,0.0,0.0,0.0,0.39795918367346933,0.8536585365853658,0
0.8370700245700246,0.27397260273972607,0.875,0.07301112150504105,0.6,0.8,0.6666666666666666,0.7142857142857142,0.4,0.0,0.0,0.0,0.0,0.39795918367346933,0.951219512195122,0
0.24308968058968058,0.2191780821917808,0.5,0.15212625160239754,0.3333333333333333,0.2,0.3333333333333333,0.5,0.0,0.0,0.0,0.0,0.0,0.39795918367346933,0.6341463414634146,0
0.760012285012285,0.46575342465753417,0.5,0.028789800090080725,0.7333333333333333,0.5333333333333333,0.3333333333333333,0.7142857142857142,0.0,0.0,0.0,0.0,0.0,0.4591836734693877,0.951219512195122,1
0.5531019656019656,0.2602739726027397,0.125,0.12101929806326438,0.6,0.8,0.3333333333333333,0.07142857142857142,0.0,0.0,0.0,0.0,0.42424242424242425,0.5510204081632653,0.951219512195122,1
0.9186117936117936,0.2876712328767123,0.125,0.037016942105810205,1.0,0.6,0.0,0.2857142857142857,0.8,0.0,1.0,0.0,0.0,0.37755102040816324,0.951219512195122,0
0.9612100737100737,0.1780821917808219,0.5,0.1703807643003153,0.7333333333333333,0.5333333333333333,0.0,0.07142857142857142,0.2,0.0,1.0,0.0,0.0,0.39795918367346933,0.951219512195122,0
0.8489557739557739,0.7671232876712328,0.0,0.08294148217441014,0.6,0.8,0.3333333333333333,0.0,0.0,1.0,0.0,0.0,0.0,0.04081632653061224,0.975609756097561,0
0.05795454545454545,0.5205479452054793,0.75,0.11928074004781207,1.0,0.6,0.3333333333333333,0.3571428571428571,0.0,0.0,0.0,0.0,0.0,0.9999999999999999,0.951219512195122,1
0.5337837837837838,0.32876712328767127,0.25,0.058745799119980596,0.5333333333333333,0.6666666666666666,0.0,0.07142857142857142,0.8,0.0,1.0,0.0,0.0,0.43877551020408156,0.951219512195122,0
0.9582616707616708,0.0547945205479452,0.0,0.11368949866611232,1.0,0.6,0.6666666666666666,0.0,0.6000000000000001,0.0,1.0,0.0,0.0,0.09183673469387754,0.2682926829268293,0
0.2557125307125307,0.0410958904109589,0.5,0.014800263312891937,0.7333333333333333,0.5333333333333333,0.6666666666666666,0.07142857142857142,0.6000000000000001,0.0,1.0,0.0,0.0,0.2959183673469387,0.951219512195122,0
0.9463452088452088,0.1506849315068493,0.25,0.11330145861483559,0.4666666666666667,0.7333333333333334,0.6666666666666666,0.07142857142857142,0.2,0.0,1.0,0.0,0.0,0.39795918367346933,0.951219512195122,0
0.24348894348894348,0.3698630136986301,0.5,0.1913508644285071,1.0,0.6,0.6666666666666666,0.07142857142857142,0.6000000000000001,1.0,1.0,0.0,0.0,0.39795918367346933,0.951219512195122,0
0.9793918918918919,0.2876712328767123,0.5,0.03679797664830405,0.4666666666666667,0.7333333333333334,0.3333333333333333,0.21428571428571427,0.0,0.0,0.0,0.0,0.0,0.44897959183673464,0.951219512195122,0
0.8253071253071252,0.1506849315068493,0.25,0.06096732841353983,0.6,0.8,0.0,0.7142857142857142,0.2,0.0,0.0,0.0,0.0,0.39795918367346933,0.951219512195122,0
0.18547297297297297,0.5205479452054793,0.0,0.063312199009112,0.7333333333333333,0.5333333333333333,1.0,0.0,0.2,0.0,1.0,0.0,0.0,0.19387755102040813,0.951219512195122,0
0.5398648648648648,0.136986301369863,0.5,0.20729723174999135,0.7333333333333333,0.5333333333333333,0.3333333333333333,0.07142857142857142,1.0,0.0,1.0,0.051780517805178054,0.0,0.39795918367346933,0.951219512195122,1
0.7377457002457002,0.4931506849315069,0.5,0.22758410421647093,0.9333333333333333,0.9333333333333333,0.6666666666666666,0.7142857142857142,0.2,0.0,1.0,0.0,0.0,0.39795918367346933,0.951219512195122,0
0.5928132678132678,0.35616438356164376,0.625,0.015198004365450575,1.0,0.6,0.3333333333333333,0.2857142857142857,0.0,0.0,0.0,0.0,0.0,0.39795918367346933,0.951219512195122,0
0.8615786240786241,0.4520547945205479,0.5,0.0792065966808717,0.7333333333333333,0.5333333333333333,0.8333333333333333,0.21428571428571427,0.2,1.0,0.0,0.0,0.0,0.39795918367346933,0.951219512195122,0
0.4147420147420147,0.46575342465753417,0.0,0.10050375913799674,0.26666666666666666,0.13333333333333336,0.3333333333333333,0.0,0.0,1.0,0.0,0.0,0.0,0.07142857142857142,0.951219512195122,0
0.3648034398034398,0.3698630136986301,0.5,0.2396937255309566,1.0,0.6,0.3333333333333333,0.8571428571428571,0.0,0.0,0.0,0.0,0.0,0.44897959183673464,0.951219512195122,1
0.404514742014742,0.2054794520547945,0.5,0.11220593839864186,1.0,0.6,0.0,0.8571428571428571,0.8,0.0,1.0,0.0,0.0,0.39795918367346933,0.951219512195122,0
0.48366093366093366,0.5342465753424657,0.5,0.18690919169871462,0.7333333333333333,0.5333333333333333,0.3333333333333333,0.07142857142857142,0.0,0.0,0.0,0.0,0.0,0.39795918367346933,0.951219512195122,0
0.4599201474201474,0.0684931506849315,0.875,0.17449121712919655,1.0,0.6,0.6666666666666666,0.5714285714285714,0.4,1.0,0.0,0.0,0.0,0.38775510204081626,0.34146341463414637,0
0.07122235872235871,0.6575342465753424,0.625,0.08799293212763745,0.6,0.8,0.3333333333333333,0.8571428571428571,0.0,0.0,0.0,1.0,0.0,0.6020408163265305,0.951219512195122,1
0.30476044226044224,0.0684931506849315,0.5,0.0602252018154731,0.7333333333333333,0.5333333333333333,0.3333333333333333,0.2857142857142857,0.0,0.0,0.0,0.0,0.0,0.47959183673469385,0.951219512195122,0
0.14496314496314497,0.8493150684931505,0.75,0.10119114437168693,0.7333333333333333,0.5333333333333333,1.0,0.5714285714285714,0.2,0.0,1.0,0.0,0.0,0.2346938775510204,0.951219512195122,0
0.2929361179361179,0.4794520547945205,0.25,0.1620843294182864,0.7333333333333333,0.5333333333333333,0.3333333333333333,0.21428571428571427,0.0,0.0,0.0,0.0,0.0,0.39795918367346933,0.951219512195122,0
0.6783169533169533,0.3150684931506849,0.5,0.040365866334060904,1.0,0.6,0.3333333333333333,0.8571428571428571,0.0,0.0,0.0,0.04386043860438604,0.0,0.5,0.951219512195122,0
0.956019656019656,0.5342465753424657,0.25,0.1773398468627655,0.8,0.8666666666666667,0.3333333333333333,0.7142857142857142,0.0,0.0,0.0,0.0,0.0,0.346938775510204,0.0,1
0.41124078624078625,0.547945205479452,0.5,0.1382524339119288,0.6,0.8,0.3333333333333333,0.7142857142857142,0.0,0.0,0.0,0.03103031030310303,0.0,0.5,0.951219512195122,1
0.3628992628992629,0.2465753424657534,0.875,0.16359283511762465,1.0,0.6,0.0,0.07142857142857142,0.8,1.0,1.0,0.0,0.0,0.39795918367346933,0.951219512195122,0
0.8239864864864864,0.2054794520547945,0.5,0.22878633544676577,0.6,0.8,0.6666666666666666,0.7142857142857142,0.2,0.0,0.0,0.0,0.0,0.39795918367346933,0.951219512195122,0
0.45595823095823096,0.4931506849315069,0.5,0.05805148459966046,0.6,0.8,0.3333333333333333,0.2857142857142857,0.0,0.0,0.0,0.0,0.0,0.39795918367346933,0.29268292682926833,0
0.20248771498771498,0.0273972602739726,0.5,0.18410352354225135,1.0,0.6,0.6666666666666666,0.8571428571428571,0.6000000000000001,0.0,0.0,0.0,0.0,0.346938775510204,0.951219512195122,0
0.7165233415233415,0.0547945205479452,0.0,0.24723625402764787,1.0,0.6,0.6666666666666666,0.0,0.4,0.0,0.0,0.0,0.0,0.09183673469387754,0.951219512195122,0
0.8262899262899263,0.1232876712328767,0.25,0.0958098603748744,0.6,0.8,0.6666666666666666,0.07142857142857142,0.6000000000000001,1.0,1.0,0.0,0.0,0.5,0.951219512195122,0
0.16845823095823095,0.2465753424657534,0.5,0.08396147316633752,0.0,0.33333333333333337,0.0,0.5,0.2,0.0,0.0,0.0,0.0,0.5,0.951219512195122,0
0.5354729729729729,0.7123287671232876,0.75,0.01226137269168139,0.3333333333333333,0.2,0.6666666666666666,0.3571428571428571,0.4,0.0,0.0,0.01848018480184802,0.0,0.09183673469387754,0.951219512195122,0
0.11449631449631449,0.1780821917808219,0.5,0.0967210615667117,0.4,0.26666666666666666,0.3333333333333333,0.21428571428571427,0.0,0.0,0.0,0.0,0.0,0.39795918367346933,0.951219512195122,0
0.8827702702702702,0.1780821917808219,0.5,0.096804905934934,0.5333333333333333,0.6666666666666666,0.3333333333333333,0.9285714285714285,1.0,0.0,1.0,0.0,0.0,0.39795918367346933,0.951219512195122,0
0.006265356265356265,0.27397260273972607,0.875,0.024894155146727645,0.7333333333333333,0.5333333333333333,0.0,0.07142857142857142,0.8,0.0,1.0,0.0,0.0,0.346938775510204,0.951219512195122,0
0.6757678132678132,0.7534246575342465,0.75,0.18836226310501336,1.0,0.6,0.3333333333333333,0.8571428571428571,0.0,0.0,0.0,0.0,0.0,0.39795918367346933,0.951219512195122,0
0.4296068796068796,0.0958904109589041,0.5,0.0876436960814884,0.4666666666666667,0.7333333333333334,0.6666666666666666,0.42857142857142855,0.6000000000000001,0.0,0.0,0.0,0.0,0.2959183673469387,0.951219512195122,0
0.477487714987715,0.2054794520547945,0.0,0.16583653812839969,0.26666666666666666,0.13333333333333336,0.6666666666666666,0.0,0.8,0.0,1.0,0.0,0.0,0.44897959183673464,0.6341463414634146,0
0.7187960687960688,0.41095890410958896,0.625,0.23453833627828016,0.7333333333333333,0.5333333333333333,0.3333333333333333,0.2857142857142857,0.0,0.0,0.0,0.0,0.0,0.39795918367346933,0.951219512195122,1
0.9804054054054053,0.5205479452054793,0.5,0.026832276617122265,0.7333333333333333,0.5333333333333333,0.0,0.07142857142857142,0.8,0.0,1.0,0.0,0.0,0.39795918367346933,0.951219512195122,0
0.25472972972972974,0.4520547945205479,0.125,0.11871669611613485,1.0,0.6,0.6666666666666666,0.07142857142857142,0.2,0.0,0.0,0.0,0.0,0.39795918367346933,0.951219512195122,0
0.28086609336609336,0.3698630136986301,0.25,0.11430204760419914,0.9333333333333333,0.9333333333333333,0.6666666666666666,0.7142857142857142,0.2,0.0,0.0,0.1052010520105201,0.0,0.39795918367346933,0.951219512195122,1
0.09388820638820639,0.7123287671232876,0.25,0.07661365762394762,0.0,0.33333333333333337,0.3333333333333333,0.2857142857142857,0.0,0.0,0.0,0.0,0.0,0.19387755102040813,0.951219512195122,0
0.6792076167076166,0.35616438356164376,0.5,0.10282299137303814,0.7333333333333333,0.5333333333333333,0.0,0.2857142857142857,0.8,0.0,1.0,0.0,0.0,0.39795918367346933,0.951219512195122,0
0.5547604422604423,0.0,0.625,0.11732876000415758,0.0,0.33333333333333337,0.6666666666666666,0.8571428571428571,0.6000000000000001,0.0,0.0,0.0,0.0,0.11224489795918367,0.951219512195122,0
0.1741093366093366,0.1780821917808219,0.5,0.14403423067595192,0.7333333333333333,0.5333333333333333,0.3333333333333333,0.21428571428571427,0.0,0.0,0.0,0.0,0.42424242424242425,0.5,0.951219512195122,1
0.5379299754299754,0.32876712328767127,0.5,0.14653916779267576,0.7333333333333333,0.5333333333333333,0.0,0.21428571428571427,0.2,0.0,0.0,0.0,0.0,0.39795918367346933,0.951219512195122,0
0.8574938574938574,0.0821917808219178,0.5,0.06624190139625126,0.6,0.8,0.6666666666666666,0.07142857142857142,0.6000000000000001,0.0,1.0,0.0,0.0,0.39795918367346933,0.951219512195122,0
0.0402027027027027,0.4383561643835617,0.5,0.07839517721650556,0.7333333333333333,0.5333333333333333,0.3333333333333333,0.21428571428571427,1.0,0.0,1.0,0.0,0.0,0.39795918367346933,0.951219512195122,1
0.5356572481572481,0.2054794520547945,0.5,0.11884835256210373,0.7333333333333333,0.5333333333333333,0.0,0.21428571428571427,0.6000000000000001,0.0,0.0,0.0,0.0,0.39795918367346933,0.951219512195122,0
0.15847665847665848,0.3424657534246575,0.25,0.1023081453764335,0.6,0.8,0.3333333333333333,0.7142857142857142,1.0,0.0,1.0,0.0,0.0,0.44897959183673464,0.951219512195122,1
0.5332923832923833,0.35616438356164376,0.5,0.18185635588816132,0.6,0.8,0.3333333333333333,0.7142857142857142,0.0,0.0,0.0,0.0,0.0,0.39795918367346933,0.951219512195122,1
0.13344594594594594,0.5342465753424657,0.75,0.07146658351522711,0.7333333333333333,0.5333333333333333,0.3333333333333333,0.2857142857142857,0.0,0.0,0.0,0.0,0.0,0.346938775510204,0.951219512195122,0
0.8335073710073709,0.1095890410958904,0.5,0.06667359595329661,0.7333333333333333,0.5333333333333333,0.6666666666666666,0.42857142857142855,0.2,0.0,0.0,0.0,0.0,0.44897959183673464,0.951219512195122,0
0.12687346437346436,0.32876712328767127,0.5,0.14528080934067839,1.0,0.6,0.3333333333333333,0.2857142857142857,0.0,0.0,0.0,0.0,0.4331955922865014,0.5,0.951219512195122,1
0.2023955773955774,0.821917808219178,0.75,0.0420233516959429,0.3333333333333333,0.2,0.5,0.07142857142857142,0.2,0.0,0.0,0.0,0.0,0.19387755102040813,0.5365853658536586,1
0.31968673218673216,0.30136986301369856,0.5,0.19021168970654473,0.6,0.8,0.3333333333333333,0.2857142857142857,0.0,0.0,0.0,0.0,0.0,0.39795918367346933,0.951219512195122,1
0.9734643734643734,1.0,0.0,0.20905727055399648,0.7333333333333333,0.5333333333333333,0.3333333333333333,0.0,0.0,0.0,0.0,0.0,0.0,0.39795918367346933,0.951219512195122,1
0.18074324324324323,0.35616438356164376,0.625,0.08368845927311783,0.7333333333333333,0.5333333333333333,0.3333333333333333,0.21428571428571427,0.0,0.0,0.0,0.0,0.0,0.39795918367346933,0.951219512195122,0
0.39996928746928745,0.4794520547945205,0.5,0.021230641305477603,0.13333333333333333,0.4666666666666667,0.3333333333333333,0.21428571428571427,0.0,0.0,0.0,0.0,0.0,0.44897959183673464,0.951219512195122,0
0.6803746928746929,0.547945205479452,0.5,0.10948411461040086,0.8,0.8666666666666667,0.3333333333333333,0.9285714285714285,0.0,0.0,0.0,0.0,0.0,0.39795918367346933,0.951219512195122,1
0.024109336609336608,0.3424657534246575,0.5,0.10902747462148771,1.0,0.6,0.0,0.07142857142857142,0.2,1.0,1.0,0.0,0.0,0.37755102040816324,0.951219512195122,0
0.6296068796068796,0.3150684931506849,0.625,0.09019090184665489,0.6,0.8,0.6666666666666666,0.7142857142857142,0.2,0.0,1.0,0.0,0.0,0.44897959183673464,0.951219512195122,0
0.7455159705159705,0.6849315068493149,0.75,0.07698991788795344,0.7333333333333333,0.5333333333333333,0.3333333333333333,1.0,0.0,0.0,0.0,0.06418064180641807,0.0,0.5816326530612245,0.951219512195122,1
0.3958230958230958,0.2191780821917808,0.75,0.13269514603471574,0.5333333333333333,0.6666666666666666,0.3333333333333333,0.3571428571428571,0.0,0.0,0.0,0.0,0.0,0.6224489795918366,0.951219512195122,0
0.786977886977887,0.30136986301369856,0.5,0.012909953920243909,0.7333333333333333,0.5333333333333333,0.3333333333333333,0.21428571428571427,0.0,0.0,0.0,0.0,0.0,0.39795918367346933,0.951219512195122,0
0.8224201474201474,0.6575342465753424,0.5,0.06432526071440944,1.0,0.6,1.0,0.07142857142857142,0.2,0.0,1.0,0.023460234602346024,0.0,0.39795918367346933,0.951219512195122,0
0.12745700245700245,0.2191780821917808,0.875,0.09582164016214531,0.7333333333333333,0.5333333333333333,0.0,0.07142857142857142,0.2,0.0,0.0,0.0,0.0,0.39795918367346933,0.951219512195122,0
0.1772113022113022,0.0958904109589041,0.5,0.1637030107750407,1.0,0.6,0.6666666666666666,0.8571428571428571,0.4,1.0,1.0,0.0,0.0,0.39795918367346933,0.951219512195122,0
0.44167690417690414,0.7945205479452053,0.625,0.07823996119599487,0.7333333333333333,0.5333333333333333,0.3333333333333333,0.07142857142857142,0.0,0.0,0.0,0.0,0.0,0.2551020408163265,0.951219512195122,0
0.5183968058968059,0.32876712328767127,0.5,0.02554897273325711,0.7333333333333333,0.5333333333333333,0.3333333333333333,0.21428571428571427,0.0,0.0,0.0,0.0,0.0,0.39795918367346933,0.951219512195122,0
0.09361179361179361,0.4931506849315069,0.75,0.18490385614800958,1.0,0.6,0.3333333333333333,0.3571428571428571,0.0,0.0,0.0,0.0,0.0,0.2959183673469387,0.951219512195122,0
0.8263513513513513,0.3972602739726027,0.5,0.09500259848248623,0.6,0.8,0.3333333333333333,0.21428571428571427,0.0,0.0,0.0,0.0,0.0,0.39795918367346933,0.951219512195122,1
0.5864250614250615,0.0547945205479452,0.5,0.08258878148494612,1.0,0.6,0.6666666666666666,0.8571428571428571,0.6000000000000001,1.0,0.0,0.0,0.0,0.19387755102040813,0.975609756097561,0
0.27085380835380835,0.0958904109589041,0.5,0.1355749575581194,0.7333333333333333,0.5333333333333333,0.3333333333333333,0.5714285714285714,1.0,0.0,1.0,0.0,0.0,0.2959183673469387,0.951219512195122,0
0.4134520884520884,0.5205479452054793,0.75,0.06883553338183834,0.7333333333333333,0.5333333333333333,0.3333333333333333,0.8571428571428571,0.0,0.0,0.0,0.0,0.0,0.39795918367346933,0.951219512195122,0
0.5284398034398035,0.3698630136986301,0.5,0.11321345667463534,0.06666666666666667,0.4,0.3333333333333333,0.7142857142857142,1.0,0.0,1.0,0.051780517805178054,0.0,0.3571428571428571,0.951219512195122,1
0.15218058968058967,0.6575342465753424,0.25,0.13355437757682848,0.7333333333333333,0.5333333333333333,0.3333333333333333,0.5714285714285714,0.0,0.0,0.0,0.0,0.0,0.07142857142857142,0.951219512195122,0
0.6468673218673219,0.0547945205479452,0.5,0.05151231680698472,1.0,0.6,0.6666666666666666,0.5,0.6000000000000001,0.0,0.0,0.0,0.0,0.39795918367346933,0.0,0
0.0801904176904177,0.1095890410958904,0.5,0.03356615736409936,0.7333333333333333,0.5333333333333333,0.3333333333333333,1.0,0.0,1.0,0.0,0.0,0.0,0.2959183673469387,0.951219512195122,0
0.27997542997542996,0.1095890410958904,0.5,0.14695353913314627,0.7333333333333333,0.5333333333333333,0.6666666666666666,0.5714285714285714,0.2,0.0,0.0,0.0,0.0,0.39795918367346933,0.951219512195122,0
0.7962223587223587,0.27397260273972607,0.875,0.3261213318088903,1.0,0.6,0.0,0.5714285714285714,0.2,0.0,0.0,0.0,0.0,0.6530612244897959,0.951219512195122,0
0.5616400491400492,0.3150684931506849,0.5,0.028716349651803343,0.8,0.8666666666666667,0.6666666666666666,0.8571428571428571,0.2,0.0,0.0,0.0,0.0,0.5,0.951219512195122,1
0.2187960687960688,0.2054794520547945,0.5,0.16055365000173233,0.26666666666666666,0.13333333333333336,0.3333333333333333,0.5714285714285714,0.0,0.0,0.0,0.0,0.0,0.39795918367346933,0.6341463414634146,0
0.8843366093366093,0.0547945205479452,0.5,0.2150774347780896,1.0,0.6,0.6666666666666666,0.5714285714285714,0.2,0.0,0.0,0.0,0.0,0.31632653061224486,0.951219512195122,0
0.4614250614250614,0.0273972602739726,0.5,0.021932578041090667,1.0,0.6,0.6666666666666666,0.5714285714285714,0.4,0.0,1.0,0.0,0.0,0.19387755102040813,0.951219512195122,0
0.3256142506142506,0.1917808219178082,0.5,0.12192842046911269,0.8,0.8666666666666667,0.3333333333333333,0.7142857142857142,0.0,0.0,0.0,0.0,0.0,0.5,0.951219512195122,0
0.7177825552825553,0.821917808219178,0.5,0.09536569310189516,0.6,0.8,0.6666666666666666,0.7142857142857142,0.2,0.0,1.0,0.0,0.0,0.09183673469387754,0.951219512195122,0
0.2993243243243243,0.3424657534246575,0.875,0.06480199563454941,0.06666666666666667,0.4,0.3333333333333333,0.3571428571428571,0.0,0.0,0.0,0.0,0.0,0.39795918367346933,0.951219512195122,0
0.8498157248157248,0.6027397260273972,0.5,0.047542528496691265,0.8,0.8666666666666667,0.3333333333333333,0.7142857142857142,0.0,1.0,0.0,0.0,0.0,0.44897959183673464,0.4634146341463415,1
0.8664619164619164,0.2465753424657534,0.5,0.196925475522295,1.0,0.6,0.3333333333333333,0.8571428571428571,0.0,0.0,0.0,0.0,0.0,0.39795918367346933,0.951219512195122,0
0.3803746928746929,0.2328767123287671,0.125,0.28230329487579253,0.6,0.8,0.3333333333333333,0.7857142857142857,0.0,0.0,0.0,0.07298072980729807,0.0,0.5408163265306122,0.951219512195122,1
0.3210995085995086,0.6575342465753424,0.5,0.09831687627758721,0.9333333333333333,0.9333333333333333,0.3333333333333333,0.7142857142857142,0.0,0.0,0.0,0.20051200512005118,0.0,0.6020408163265305,0.951219512195122,1
0.8833845208845209,0.32876712328767127,0.25,0.2349478571181097,1.0,0.6,0.0,0.7857142857142857,0.8,0.0,1.0,0.0,0.0,0.39795918367346933,0.951219512195122,0
0.8256142506142506,0.1643835616438356,0.25,0.12350760489207636,0.6,0.8,0.3333333333333333,0.7142857142857142,0.0,0.0,0.0,0.0,0.42424242424242425,0.6020408163265305,0.2682926829268293,1
0.13857493857493858,0.1643835616438356,0.5,0.12540276478536536,0.6,0.8,0.3333333333333333,0.21428571428571427,0.4,1.0,0.0,0.0,0.0,0.2959183673469387,0.4634146341463415,0
0.839004914004914,0.3150684931506849,0.5,0.08959429026781693,0.0,0.33333333333333337,0.6666666666666666,0.5714285714285714,0.8,1.0,1.0,0.0,0.0,0.39795918367346933,0.951219512195122,0
0.21382063882063881,0.2602739726027397,0.5,0.22312718705609258,0.7333333333333333,0.5333333333333333,0.3333333333333333,0.8571428571428571,0.0,0.0,0.0,0.0,0.0,0.39795918367346933,0.951219512195122,1
0.11735257985257985,0.1917808219178082,0.5,0.2653119911305131,0.5333333333333333,0.6666666666666666,0.3333333333333333,0.5714285714285714,1.0,1.0,1.0,0.0,0.0,0.2346938775510204,0.6341463414634146,0
0.7491707616707617,0.0821917808219178,0.5,0.12528496691265636,0.6,0.8,0.6666666666666666,0.7142857142857142,0.2,0.0,1.0,0.0,0.0,0.37755102040816324,0.951219512195122,0
0.15985872235872237,0.1780821917808219,0.5,0.10126113016664934,0.6,0.8,0.6666666666666666,0.7142857142857142,0.2,0.0,0.0,0.0,0.0,0.5,0.4878048780487805,0
0.057094594594594594,0.41095890410958896,0.25,0.11004400097010013,0.4666666666666667,0.7333333333333334,0.3333333333333333,0.07142857142857142,1.0,0.0,1.0,0.0,0.0,0.346938775510204,0.951219512195122,1
0.37985257985257986,0.0958904109589041,0.5,0.06666666666666667,1.0,0.6,0.6666666666666666,0.07142857142857142,0.6000000000000001,0.0,0.0,0.0,0.0,0.39795918367346933,0.4634146341463415,0
0.43817567567567567,0.0821917808219178,0.5,0.125207358902401,0.7333333333333333,0.5333333333333333,0.3333333333333333,0.42857142857142855,0.0,0.0,0.0,0.0,0.0,0.39795918367346933,0.951219512195122,0
0.585933660933661,0.5890410958904109,0.25,0.17151231680698473,0.6,0.8,0.3333333333333333,0.7142857142857142,1.0,0.0,1.0,0.0,0.0,0.44897959183673464,0.951219512195122,1
0.6120085995085995,0.5205479452054793,0.5,0.09076048920763607,0.7333333333333333,0.5333333333333333,0.0,0.07142857142857142,0.8,0.0,0.0,0.0,0.0,0.24489795918367346,0.951219512195122,0
0.05555896805896806,0.4794520547945205,0.625,0.06148494612479645,0.7333333333333333,0.5333333333333333,0.0,0.2857142857142857,0.8,0.0,0.0,0.0,0.0,0.37755102040816324,0.951219512195122,0
0.7027948402948403,0.4246575342465753,0.5,0.09078335585351488,0.7333333333333333,0.5333333333333333,0.6666666666666666,0.5,0.2,1.0,0.0,0.0,0.0,0.39795918367346933,0.951219512195122,0
0.7994164619164619,0.4794520547945205,0.75,0.10601323493746319,0.5333333333333333,0.6666666666666666,0.3333333333333333,0.2857142857142857,0.0,0.0,0.0,0.0,0.0,0.39795918367346933,0.951219512195122,0
0.8027027027027027,0.3698630136986301,0.5,0.11866888403838825,0.6,0.8,1.0,0.7142857142857142,0.8,0.0,1.0,0.0,0.0,0.31632653061224486,0.951219512195122,0
0.2812039312039312,0.5616438356164384,0.5,0.012225340401205697,1.0,0.6,0.3333333333333333,0.8571428571428571,1.0,0.0,1.0,0.0,0.0,0.3571428571428571,0.951219512195122,0
0.37472358722358723,0.3698630136986301,0.5,0.07593735924886533,1.0,0.6,0.0,0.8571428571428571,0.8,0.0,0.0,0.0,0.0,0.5510204081632653,0.951219512195122,1
0.43553439803439803,0.136986301369863,0.5,0.12277102172331357,0.8,0.8666666666666667,0.6666666666666666,0.07142857142857142,0.2,0.0,1.0,0.0,0.0,0.4591836734693877,0.951219512195122,0
0.7121928746928746,0.4794520547945205,0.875,0.06155562484842185,0.06666666666666667,0.4,0.3333333333333333,1.0,0.0,0.0,0.0,0.0,0.0,0.39795918367346933,0.951219512195122,0
0.5773341523341523,0.0547945205479452,0.5,0.1341184215085057,0.7333333333333333,0.5333333333333333,0.6666666666666666,0.5714285714285714,0.6000000000000001,0.0,0.0,0.0,0.0,0.36734693877551017,0.951219512195122,0
0.7483415233415234,0.1232876712328767,0.5,0.137989121019991,1.0,0.6,0.3333333333333333,0.42857142857142855,0.0,0.0,0.0,0.0,0.0,0.39795918367346933,0.951219512195122,1
0.7047911547911547,0.3972602739726027,0.125,0.006008384436822228,0.6,0.8,0.3333333333333333,0.2857142857142857,0.0,0.0,0.0,0.15024150241502415,0.0,0.39795918367346933,0.951219512195122,1
0.7715601965601966,0.3835616438356165,0.0,0.14112046564806155,0.7333333333333333,0.5333333333333333,0.3333333333333333,0.0,0.0,0.0,0.0,0.0,0.0,0.39795918367346933,0.951219512195122,0
0.5917076167076167,0.4931506849315069,0.5,0.08394900045040363,0.3333333333333333,0.2,0.0,0.5,0.2,0.0,1.0,0.0,0.0,0.39795918367346933,0.951219512195122,0
0.39999999999999997,0.35616438356164376,0.5,0.1076215223642726,0.06666666666666667,0.4,0.3333333333333333,0.42857142857142855,1.0,0.0,1.0,0.0,0.0,0.24489795918367346,0.951219512195122,0
0.6887285012285013,0.1232876712328767,0.5,0.018521290233170493,0.13333333333333333,0.4666666666666667,0.3333333333333333,0.6428571428571428,1.0,1.0,1.0,0.0,0.0,0.39795918367346933,0.14634146341463417,0
0.4488022113022113,0.30136986301369856,0.125,0.14919585628659532,0.7333333333333333,0.5333333333333333,0.6666666666666666,0.14285714285714285,0.2,0.0,0.0,0.0,0.0,0.5,0.951219512195122,0
0.3864864864864865,0.3424657534246575,0.125,0.0664504729238125,0.8,0.8666666666666667,0.3333333333333333,0.7142857142857142,0.0,1.0,0.0,0.0,0.43663911845730025,0.39795918367346933,0.8536585365853658,1
0.4655712530712531,0.5068493150684932,0.5,0.21031701486331983,0.7333333333333333,0.5333333333333333,0.0,0.21428571428571427,0.2,0.0,0.0,0.0,0.0,0.39795918367346933,0.951219512195122,0
0.48353808353808353,0.41095890410958896,0.5,0.2747482936631674,0.5333333333333333,0.6666666666666666,0.3333333333333333,0.7142857142857142,0.0,0.0,0.0,0.0,0.0,0.39795918367346933,0.951219512195122,1
0.7221130221130221,0.5616438356164384,0.5,0.1211114575754426,0.6,0.8,0.6666666666666666,0.7142857142857142,0.2,0.0,1.0,0.0,0.0,0.6224489795918366,0.04878048780487805,0
0.9622235872235873,0.0958904109589041,0.5,0.12932058344593425,0.7333333333333333,0.5333333333333333,0.6666666666666666,0.8571428571428571,0.8,1.0,0.0,0.0,0.0,0.24489795918367346,0.951219512195122,0
0.6545454545454545,0.6027397260273972,0.5,0.0587222395454388,1.0,0.6,0.0,0.5714285714285714,0.2,0.0,1.0,0.0,0.0,0.2959183673469387,0.951219512195122,0
0.3828624078624078,0.4246575342465753,0.5,0.11116238783217268,0.7333333333333333,0.5333333333333333,0.0,0.5714285714285714,0.8,1.0,1.0,0.0,0.0,0.39795918367346933,0.951219512195122,0
0.12309582309582309,0.3150684931506849,0.5,0.05526175380244604,0.7333333333333333,0.5333333333333333,0.3333333333333333,0.42857142857142855,0.0,0.0,0.0,0.0,0.0,0.39795918367346933,0.951219512195122,1
0.5086916461916462,0.0273972602739726,0.5,0.11493053390153483,0.7333333333333333,0.5333333333333333,0.6666666666666666,0.8571428571428571,0.6000000000000001,0.0,0.0,0.0,0.0,0.346938775510204,0.951219512195122,0
0.7902027027027027,0.3835616438356165,0.5,0.01490420261234106,0.8,0.8666666666666667,0.3333333333333333,0.5714285714285714,0.0,0.0,0.0,0.0,0.0,0.39795918367346933,0.951219512195122,0
0.06729115479115479,0.0684931506849315,0.5,0.2379523958008523,1.0,0.6,0.6666666666666666,0.07142857142857142,0.2,0.0,1.0,0.0,0.0,0.39795918367346933,0.951219512195122,0
0.6278869778869779,0.3698630136986301,0.5,0.09618127013823927,0.8,0.8666666666666667,0.3333333333333333,0.7142857142857142,0.0,0.0,0.0,0.0,0.4331955922865014,0.6020408163265305,0.951219512195122,1
0.9697788697788697,0.2876712328767123,0.5,0.08431417385580155,0.6,0.8,0.0,0.7142857142857142,0.2,0.0,1.0,0.0,0.0,0.5,0.951219512195122,1
0.4366707616707617,0.41095890410958896,0.5,0.2295631084779822,0.7333333333333333,0.5333333333333333,0.3333333333333333,0.5714285714285714,0.0,0.0,0.0,0.0,0.0,0.39795918367346933,0.6341463414634146,0
0.40175061425061426,0.1643835616438356,0.5,0.14081626996500712,0.7333333333333333,0.5333333333333333,0.3333333333333333,0.5,0.0,0.0,0.0,0.0,0.0,0.39795918367346933,0.951219512195122,0
0.7324017199017199,0.6712328767123288,0.25,0.10092991026573814,0.7333333333333333,0.5333333333333333,1.0,1.0,0.2,1.0,1.0,0.0,0.0,0.39795918367346933,0.951219512195122,0
0.5664004914004914,0.2465753424657534,0.5,0.08882583238055641,1.0,0.6,0.3333333333333333,0.7142857142857142,0.0,1.0,0.0,0.0,0.0,0.39795918367346933,0.951219512195122,0
0.3401412776412776,0.4794520547945205,0.25,0.019648685167861966,0.0,0.33333333333333337,0.3333333333333333,0.21428571428571427,0.0,0.0,0.0,0.05013050130501305,0.0,0.39795918367346933,0.951219512195122,0
0.9967751842751843,0.2602739726027397,0.75,0.06710875515365693,0.6,0.8,0.3333333333333333,0.8571428571428571,0.0,0.0,0.0,0.0,0.0,0.5,0.951219512195122,1
0.39754299754299754,0.0547945205479452,0.5,0.12212867685271801,0.7333333333333333,0.5333333333333333,0.6666666666666666,0.5,0.2,0.0,0.0,0.0,0.0,0.43877551020408156,0.951219512195122,0
0.25915233415233413,0.32876712328767127,0.5,0.13911928766933446,0.4666666666666667,0.7333333333333334,0.6666666666666666,0.07142857142857142,0.2,1.0,1.0,0.0,0.0,0.5,0.951219512195122,0
0.8863943488943489,0.0273972602739726,0.5,0.18824100058898938,0.0,0.33333333333333337,0.6666666666666666,0.42857142857142855,0.4,0.0,0.0,0.0,0.3677685950413223,0.44897959183673464,0.951219512195122,0
0.9334766584766585,0.6027397260273972,0.5,0.11069673977064061,0.7333333333333333,0.5333333333333333,0.3333333333333333,0.5714285714285714,0.0,0.0,0.0,0.0,0.0,0.39795918367346933,0.951219512195122,0
0.4114864864864865,0.4520547945205479,0.5,0.11188649828500155,0.7333333333333333,0.5333333333333333,0.3333333333333333,0.21428571428571427,0.0,0.0,0.0,0.0,0.0,0.39795918367346933,0.951219512195122,0
0.4648341523341523,0.41095890410958896,0.5,0.22830405709732185,0.7333333333333333,0.5333333333333333,0.3333333333333333,0.5,0.0,0.0,0.0,0.0,0.0,0.39795918367346933,0.951219512195122,0
0.338482800982801,0.4794520547945205,0.5,0.05825728441256972,0.6666666666666666,1.0,0.3333333333333333,0.2857142857142857,0.0,0.0,0.0,0.0,0.0,0.5714285714285714,0.951219512195122,1
0.5949017199017199,0.5205479452054793,0.5,0.061797456951806815,0.7333333333333333,0.5333333333333333,0.3333333333333333,0.21428571428571427,0.0,0.0,0.0,0.03103031030310303,0.0,0.39795918367346933,0.951219512195122,1
0.09864864864864864,0.4383561643835617,0.5,0.12940027024217857,0.6,0.8,0.3333333333333333,0.8571428571428571,0.0,0.0,0.0,0.0,0.5544077134986226,0.5510204081632653,0.951219512195122,1
0.0019348894348894348,0.3424657534246575,0.5,0.07230502719745002,0.6666666666666666,1.0,0.3333333333333333,0.7142857142857142,0.0,0.0,0.0,0.0,0.0,0.44897959183673464,0.951219512195122,1
0.707063882063882,0.2328767123287671,0.75,0.060834979038907944,0.6,0.8,0.3333333333333333,0.8571428571428571,0.0,1.0,0.0,0.0,0.0,0.5510204081632653,0.4634146341463415,0
0.6704545454545454,0.5342465753424657,0.5,0.12332190001039393,0.3333333333333333,0.2,0.3333333333333333,0.42857142857142855,0.0,0.0,0.0,0.0,0.0,0.39795918367346933,0.951219512195122,0
0.6568796068796069,0.0958904109589041,0.5,0.12777119495547934,0.8666666666666667,0.0,0.6666666666666666,0.5,0.6000000000000001,0.0,1.0,0.0,0.0,0.2959183673469387,0.951219512195122,0
0.7687039312039312,0.2191780821917808,0.5,0.18248068461351905,0.7333333333333333,0.5333333333333333,0.3333333333333333,1.0,0.0,0.0,0.0,0.0,0.0,0.39795918367346933,0.951219512195122,0
0.07232800982800983,0.1506849315068493,0.5,0.06902608876416173,0.4666666666666667,0.7333333333333334,0.3333333333333333,0.8571428571428571,0.0,0.0,0.0,0.0,0.0,0.2959183673469387,0.951219512195122,0
0.3450859950859951,0.1917808219178082,0.5,0.05834112878079202,0.7333333333333333,0.5333333333333333,0.6666666666666666,0.07142857142857142,0.2,0.0,1.0,0.0,0.0,0.5,0.951219512195122,0
0.1338759213759214,0.0684931506849315,0.5,0.12697709870768806,0.6,0.8,0.6666666666666666,0.7142857142857142,0.2,0.0,1.0,0.08614086140861409,0.0,0.39795918367346933,0.951219512195122,1
0.9673525798525798,0.0958904109589041,0.5,0.09899525343865849,0.7333333333333333,0.5333333333333333,0.3333333333333333,0.5,0.0,0.0,0.0,0.0,0.0,0.39795918367346933,0.951219512195122,0
0.9929668304668304,0.4520547945205479,0.5,0.18425181027613208,0.7333333333333333,0.5333333333333333,0.0,0.21428571428571427,0.2,0.0,1.0,0.0,0.0,0.44897959183673464,0.951219512195122,0
0.48943488943488944,0.136986301369863,0.5,0.19207913245331393,1.0,0.6,0.6666666666666666,0.07142857142857142,0.6000000000000001,0.0,1.0,0.0,0.0,0.39795918367346933,0.951219512195122,0
0.06056511056511056,0.1232876712328767,0.5,0.07671690399473374,0.8,0.8666666666666667,0.6666666666666666,0.7142857142857142,0.2,0.0,0.0,0.08614086140861409,0.0,0.39795918367346933,0.951219512195122,1
0.3257985257985258,0.1506849315068493,0.875,0.13734746907805842,0.7333333333333333,0.5333333333333333,0.3333333333333333,0.7857142857142857,0.0,0.0,0.0,0.0,0.0,0.39795918367346933,0.951219512195122,0
0.770485257985258,0.3150684931506849,0.5,0.13668849391955099,0.6,0.8,0.3333333333333333,0.7142857142857142,0.0,0.0,0.0,0.0,0.0,0.6020408163265305,0.951219512195122,1
0.19616093366093365,0.6438356164383561,0.5,0.09476423102241624,0.8,0.8666666666666667,0.3333333333333333,0.7142857142857142,0.0,1.0,0.0,0.0,0.4722222222222222,0.6020408163265305,0.07317073170731708,0
0.5379914004914005,0.2876712328767123,0.25,0.07161348439178186,1.0,0.6,0.3333333333333333,0.2857142857142857,0.0,0.0,0.0,0.0,0.0,0.39795918367346933,0.951219512195122,0
0.08132678132678132,0.2054794520547945,0.5,0.07161140560579288,1.0,0.6,0.6666666666666666,0.07142857142857142,0.2,0.0,1.0,0.04101041010410104,0.0,0.5,0.951219512195122,0
0.19459459459459458,0.3424657534246575,0.25,0.07271731975193153,0.8,0.8666666666666667,0.0,0.7142857142857142,0.8,0.0,1.0,0.0,0.0,0.44897959183673464,0.951219512195122,0
0.5640663390663391,0.7808219178082192,0.75,0.12481585420780932,0.9333333333333333,0.9333333333333333,0.0,0.7142857142857142,0.4,0.0,0.0,0.0,0.0,0.39795918367346933,0.951219512195122,0
0.32343366093366094,0.5890410958904109,0.5,0.010027370682188267,0.7333333333333333,0.5333333333333333,1.0,0.8571428571428571,0.2,0.0,1.0,0.0,0.0,0.5,0.951219512195122,0
0.6876228501228501,0.46575342465753417,0.75,0.10013997158992481,0.7333333333333333,0.5333333333333333,0.3333333333333333,0.3571428571428571,0.0,0.0,0.0,0.03103031030310303,0.0,0.6020408163265305,0.951219512195122,1
0.8461916461916462,0.0684931506849315,0.5,0.23496933790666252,0.5333333333333333,0.6666666666666666,0.6666666666666666,0.07142857142857142,0.2,0.0,1.0,0.0,0.0,0.39795918367346933,0.951219512195122,0
0.8633906633906634,0.6027397260273972,0.0,0.10146346533624363,0.7333333333333333,0.5333333333333333,0.0,0.0,0.2,0.0,1.0,0.0,0.0,0.9999999999999999,0.951219512195122,0
0.791031941031941,0.0684931506849315,0.5,0.15085195579115132,1.0,0.6,0.6666666666666666,0.9285714285714285,0.4,1.0,1.0,0.0,0.0,0.31632653061224486,0.951219512195122,0
0.11741400491400492,0.2328767123287671,0.5,0.2362387832172678,0.4666666666666667,0.7333333333333334,0.8333333333333333,0.21428571428571427,0.2,0.0,0.0,0.0,0.0,0.6020408163265305,0.951219512195122,0
0.385012285012285,0.2465753424657534,0.5,0.02308976890829089,1.0,0.6,0.6666666666666666,0.5714285714285714,0.2,0.0,0.0,0.0,0.0,0.39795918367346933,0.951219512195122,0
0.2699324324324324,0.5342465753424657,0.5,0.10833246717250458,0.7333333333333333,0.5333333333333333,0.0,0.7142857142857142,0.2,0.0,1.0,0.04101041010410104,0.0,0.39795918367346933,0.951219512195122,0
0.33381449631449633,0.1643835616438356,0.5,0.16083567196757095,0.06666666666666667,0.4,0.6666666666666666,0.5714285714285714,0.8,1.0,1.0,0.0,0.0,0.39795918367346933,0.951219512195122,0
0.4044226044226044,0.0547945205479452,0.5,0.1718248276339951,0.7333333333333333,0.5333333333333333,0.6666666666666666,0.21428571428571427,0.2,0.0,0.0,0.0,0.0,0.39795918367346933,0.951219512195122,0
0.2916154791154791,0.4383561643835617,0.5,0.14301423968402455,1.0,0.6,0.3333333333333333,0.5,0.0,0.0,0.0,0.0,0.0,0.42857142857142855,0.951219512195122,0
0.7587837837837837,0.27397260273972607,0.5,0.018475556941412882,0.7333333333333333,0.5333333333333333,0.3333333333333333,1.0,0.0,0.0,0.0,0.0,0.0,0.5,0.951219512195122,0
0.5231572481572482,0.0547945205479452,0.5,0.08155423899109586,0.4,0.26666666666666666,0.6666666666666666,1.0,0.6000000000000001,0.0,0.0,0.0,0.0,0.39795918367346933,0.951219512195122,0
0.9822481572481572,0.1780821917808219,0.25,0.10860617399438728,0.6,0.8,0.3333333333333333,0.7142857142857142,0.0,0.0,0.0,0.0,0.0,0.39795918367346933,0.951219512195122,0
0.0804054054054054,0.1917808219178082,0.5,0.07798357759068704,0.5333333333333333,0.6666666666666666,0.3333333333333333,0.8571428571428571,0.0,0.0,0.0,0.0,0.0,0.39795918367346933,0.951219512195122,1
0.3737100737100737,0.2876712328767123,0.125,0.14014967259120675,1.0,0.6,0.0,0.42857142857142855,0.8,1.0,1.0,0.0,0.0,0.39795918367346933,0.951219512195122,0
0.3407248157248157,0.41095890410958896,0.5,0.12526487198142952,1.0,0.6,0.0,0.2857142857142857,0.2,0.0,0.0,0.0,0.0,0.6020408163265305,0.951219512195122,0
0.6428132678132678,0.0136986301369863,0.0,0.11927450368984512,0.0,0.33333333333333337,0.6666666666666666,0.0,0.6000000000000001,1.0,0.0,0.0,0.0,0.2959183673469387,0.951219512195122,0
0.20998157248157248,0.0821917808219178,0.875,0.12081141946436615,0.13333333333333333,0.4666666666666667,0.6666666666666666,0.2857142857142857,0.2,0.0,0.0,0.0,0.0,0.39795918367346933,0.951219512195122,0
0.9282862407862408,0.0410958904109589,0.5,0.019068010948272873,1.0,0.6,0.6666666666666666,0.5714285714285714,0.6000000000000001,0.0,0.0,0.0,0.39462809917355374,0.3571428571428571,0.951219512195122,0
0.6832002457002457,0.4520547945205479,0.5,0.07918858053563385,0.7333333333333333,0.5333333333333333,0.3333333333333333,0.42857142857142855,0.0,1.0,0.0,0.0,0.0,0.39795918367346933,0.951219512195122,0
0.7688267813267813,0.27397260273972607,0.5,0.0763662820912587,0.7333333333333333,0.5333333333333333,0.3333333333333333,1.0,0.0,0.0,0.0,0.0,0.0,0.44897959183673464,0.951219512195122,0
0.1662162162162162,0.0684931506849315,0.5,0.08919239164328033,0.5333333333333333,0.6666666666666666,0.6666666666666666,0.5714285714285714,0.6000000000000001,0.0,0.0,0.0,0.0,0.2959183673469387,0.951219512195122,0
0.4127149877149877,0.1643835616438356,0.5,0.0916793126147663,0.6,0.8,0.6666666666666666,0.8571428571428571,0.6000000000000001,0.0,0.0,0.0,0.0,0.39795918367346933,0.951219512195122,0
0.009275184275184275,0.1917808219178082,0.5,0.14217163842982367,0.7333333333333333,0.5333333333333333,0.3333333333333333,1.0,0.0,0.0,0.0,0.0,0.0,0.44897959183673464,0.951219512195122,1
0.3538697788697789,0.2191780821917808,0.5,0.16622180646502444,1.0,0.6,0.6666666666666666,0.5714285714285714,0.2,1.0,0.0,0.0,0.0,0.39795918367346933,0.951219512195122,0
0.6852579852579852,0.27397260273972607,0.75,0.0877628798115234,0.06666666666666667,0.4,0.6666666666666666,0.3571428571428571,0.6000000000000001,0.0,0.0,0.0,0.0,0.36734693877551017,0.951219512195122,0
0.6406633906633906,0.3835616438356165,0.5,0.2747378997332225,1.0,0.6,0.3333333333333333,0.5,0.0,0.0,0.0,0.0,0.0,0.39795918367346933,0.951219512195122,1
0.8742628992628992,0.0136986301369863,0.5,0.09638706995114853,0.7333333333333333,0.5333333333333333,0.5,0.5714285714285714,0.6000000000000001,1.0,0.0,0.0,0.0,0.39795918367346933,0.5609756097560976,0
0.7381756756756757,0.5890410958904109,0.5,0.07338946055503585,1.0,0.6,0.3333333333333333,0.21428571428571427,0.0,0.0,0.0,0.0,0.0,0.6530612244897959,0.951219512195122,0
0.7688882063882063,0.4383561643835617,0.75,0.11318088902747461,0.6,0.8,0.3333333333333333,0.7142857142857142,0.0,0.0,0.0,0.0,0.0,0.39795918367346933,0.951219512195122,1
0.1308046683046683,0.2054794520547945,0.5,0.1723826352077054,1.0,0.6,0.6666666666666666,0.5714285714285714,0.2,0.0,0.0,0.0,0.0,0.5,0.951219512195122,0
0.26744471744471743,0.1780821917808219,0.25,0.15362782801510586,0.6,0.8,0.6666666666666666,0.7142857142857142,0.6000000000000001,0.0,1.0,0.0,0.0,0.14285714285714282,0.951219512195122,0
0.610933660933661,0.3972602739726027,0.5,0.20574922911686244,0.7333333333333333,0.5333333333333333,0.0,0.6428571428571428,0.2,0.0,1.0,0.0,0.0,0.24489795918367346,0.951219512195122,0
0.9618550368550368,0.0684931506849315,0.5,0.08746076291445795,1.0,0.6,0.6666666666666666,0.07142857142857142,0.8,1.0,1.0,0.0,0.0,0.2959183673469387,0.951219512195122,0
0.9767506142506143,0.5616438356164384,0.5,0.16639573155943596,0.06666666666666667,0.4,0.3333333333333333,1.0,0.0,0.0,0.0,0.0,0.0,0.5,0.951219512195122,0
0.13485872235872234,0.1780821917808219,0.5,0.2864165194193258,1.0,0.6,0.6666666666666666,0.21428571428571427,0.4,0.0,0.0,0.0,0.0,0.39795918367346933,0.6341463414634146,0
0.5867628992628993,0.3150684931506849,0.5,0.11323216574853619,1.0,0.6,0.3333333333333333,0.2857142857142857,0.0,0.0,0.0,0.0,0.0,0.44897959183673464,0.951219512195122,1
0.9828316953316953,0.46575342465753417,0.25,0.06662509094688701,0.8,0.8666666666666667,0.3333333333333333,0.7142857142857142,0.0,0.0,0.0,0.0,0.0,0.8061224489795917,0.951219512195122,1
0.5517506142506142,0.4931506849315069,0.5,0.09754148910369677,0.7333333333333333,0.5333333333333333,0.3333333333333333,0.21428571428571427,0.0,0.0,0.0,0.0,0.0,0.39795918367346933,0.951219512195122,1
0.17705773955773954,0.2054794520547945,0.25,0.14205799812909262,0.7333333333333333,0.5333333333333333,0.3333333333333333,1.0,1.0,0.0,1.0,0.04064040640406404,0.0,0.21428571428571425,0.951219512195122,0
0.41256142506142507,0.41095890410958896,0.75,0.10244673110903232,1.0,0.6,0.0,0.21428571428571427,0.2,0.0,0.0,0.0,0.0,0.39795918367346933,0.951219512195122,0
0.314527027027027,0.1917808219178082,0.5,0.17411634272251672,0.6,0.8,0.3333333333333333,0.2857142857142857,0.0,0.0,0.0,0.0,0.5156106519742883,0.44897959183673464,0.951219512195122,1
0.3046068796068796,0.1780821917808219,0.5,0.0948155077434778,0.7333333333333333,0.5333333333333333,0.0,0.21428571428571427,0.2,0.0,1.0,0.0,0.0,0.39795918367346933,0.951219512195122,0
0.9712223587223587,0.3835616438356165,0.75,0.09517721650556075,0.9333333333333333,0.9333333333333333,0.6666666666666666,0.7142857142857142,0.2,0.0,0.0,0.0,0.0,0.2959183673469387,0.951219512195122,1
0.9413083538083538,0.3835616438356165,0.5,0.0993479541281225,0.7333333333333333,0.5333333333333333,0.3333333333333333,0.21428571428571427,0.0,0.0,0.0,0.0,0.0,0.39795918367346933,0.951219512195122,1
0.4292076167076167,0.3150684931506849,0.5,0.10261164813082493,0.8,0.8666666666666667,0.3333333333333333,0.2857142857142857,0.0,0.0,0.0,0.0,0.5544077134986226,0.44897959183673464,0.951219512195122,1
0.7667690417690417,0.4931506849315069,0.5,0.1962616498631466,0.4,0.26666666666666666,1.0,0.8571428571428571,0.8,1.0,1.0,0.0,0.0,0.24489795918367346,0.951219512195122,0
0.9177211302211302,0.7397260273972601,0.0,0.11711603090461838,0.7333333333333333,0.5333333333333333,0.3333333333333333,0.0,0.0,0.0,0.0,0.0,0.0,0.39795918367346933,0.951219512195122,0
0.4181203931203931,0.0684931506849315,0.5,0.27349409278314796,0.6,0.8,0.6666666666666666,0.2857142857142857,0.4,0.0,1.0,0.0,0.0,0.39795918367346933,0.951219512195122,0
0.9168611793611794,0.46575342465753417,0.5,0.15899941101063647,0.26666666666666666,0.13333333333333336,0.8333333333333333,0.5,0.8,0.0,1.0,0.0,0.0,0.39795918367346933,0.6341463414634146,0
0.9292997542997543,0.5068493150684932,0.5,0.016139001489796627,1.0,0.6,0.3333333333333333,0.8571428571428571,0.0,0.0,0.0,0.0,0.5544077134986226,0.5,0.951219512195122,1
0.18943488943488943,0.0821917808219178,0.5,0.11768146069362158,1.0,0.6,0.6666666666666666,0.07142857142857142,0.6000000000000001,0.0,0.0,0.0,0.0,0.39795918367346933,0.951219512195122,0
0.16904176904176904,0.3150684931506849,0.5,0.12863389114090706,0.6,0.8,0.6666666666666666,0.07142857142857142,0.8,1.0,1.0,0.02977029770297703,0.0,0.39795918367346933,0.951219512195122,0
0.08780712530712531,0.3150684931506849,0.75,0.22399889131413922,0.9333333333333333,0.9333333333333333,0.6666666666666666,0.7142857142857142,0.2,0.0,0.0,0.0,0.5610651974288338,0.44897959183673464,0.951219512195122,1
0.5488329238329238,0.0821917808219178,0.5,0.028382358036240167,0.6,0.8,0.6666666666666666,0.8571428571428571,0.2,0.0,0.0,0.0,0.3677685950413223,0.11224489795918367,0.951219512195122,0
0.3423218673218673,0.1643835616438356,0.125,0.226391573987458,0.5333333333333333,0.6666666666666666,0.3333333333333333,0.21428571428571427,0.0,0.0,0.0,0.0,0.0,0.39795918367346933,0.951219512195122,1
0.2945945945945946,0.4931506849315069,0.5,0.13934310362748156,0.7333333333333333,0.5333333333333333,0.8333333333333333,0.8571428571428571,0.2,0.0,1.0,0.0,0.0,0.32653061224489793,0.951219512195122,0
0.17269656019656018,0.32876712328767127,0.0,0.15087482243703013,0.26666666666666666,0.13333333333333336,0.3333333333333333,0.0,0.0,1.0,0.0,0.0,0.0,0.39795918367346933,0.951219512195122,0
0.8452088452088452,0.2328767123287671,0.5,0.06690364826941066,1.0,0.6,0.3333333333333333,0.42857142857142855,0.0,0.0,0.0,0.0,0.0,0.39795918367346933,0.951219512195122,1
0.5327702702702702,0.4246575342465753,0.0,0.10747046391573988,0.7333333333333333,0.5333333333333333,1.0,0.0,0.8,0.0,1.0,0.0,0.0,0.24489795918367346,0.951219512195122,0
0.4951167076167076,0.2191780821917808,0.5,0.31051727124692513,0.7333333333333333,0.5333333333333333,0.6666666666666666,0.8571428571428571,0.2,0.0,0.0,0.033250332503325035,0.0,0.5,0.951219512195122,0
0.5287469287469287,0.2191780821917808,0.25,0.11192253057547726,0.4666666666666667,0.7333333333333334,0.3333333333333333,0.42857142857142855,0.0,0.0,0.0,0.0,0.0,0.39795918367346933,0.951219512195122,0
0.41538697788697787,0.0273972602739726,0.0,0.06963586598759658,1.0,0.6,0.6666666666666666,0.0,0.6000000000000001,0.0,1.0,0.0,0.0,0.2959183673469387,0.951219512195122,0
0.7240786240786241,0.0821917808219178,0.5,0.05512732564182517,0.6,0.8,0.6666666666666666,0.2857142857142857,0.2,0.0,1.0,0.0,0.0,0.2959183673469387,0.951219512195122,0
0.5033169533169533,0.2465753424657534,0.5,0.14247167654090012,0.7333333333333333,0.5333333333333333,0.0,0.8571428571428571,0.2,0.0,1.0,0.0,0.0,0.2959183673469387,0.951219512195122,0
0.6013206388206388,0.1780821917808219,0.25,0.20178082666389496,1.0,0.6,0.6666666666666666,1.0,0.8,1.0,1.0,0.0,0.0,0.39795918367346933,0.951219512195122,0
0.4875307125307125,0.2054794520547945,0.5,0.11361812701382393,1.0,0.6,0.0,0.2857142857142857,0.2,1.0,0.0,0.0,0.0,0.39795918367346933,0.951219512195122,0
0.8692874692874692,0.4383561643835617,0.5,0.21044174202265878,0.7333333333333333,0.5333333333333333,0.3333333333333333,0.5,0.0,0.0,0.0,0.0,0.0,0.39795918367346933,0.951219512195122,0
0.7399570024570025,0.1917808219178082,0.5,0.05521186293871046,0.6,0.8,0.6666666666666666,0.2857142857142857,0.2,0.0,0.0,0.0,0.0,0.39795918367346933,0.951219512195122,0
0.04465601965601965,0.3972602739726027,0.5,0.38221806465024427,0.7333333333333333,0.5333333333333333,0.3333333333333333,0.21428571428571427,0.0,1.0,0.0,0.0,0.0,0.6020408163265305,0.951219512195122,1
0.9357800982800982,0.136986301369863,0.75,0.17156082181339433,0.7333333333333333,0.5333333333333333,0.3333333333333333,0.5714285714285714,0.0,1.0,0.0,0.0,0.0,0.6020408163265305,0.951219512195122,1
0.7506449631449631,0.1095890410958904,0.75,0.24656480615320653,0.6,0.8,0.6666666666666666,0.2857142857142857,0.2,0.0,0.0,0.13550135501355012,0.0,0.346938775510204,0.951219512195122,1
0.6485257985257985,0.2328767123287671,0.5,0.14829435609603991,0.7333333333333333,0.5333333333333333,0.3333333333333333,0.5714285714285714,0.0,0.0,0.0,0.0,0.0,0.39795918367346933,0.951219512195122,1
0.8950859950859951,0.5342465753424657,0.5,0.06702698957142363,1.0,0.6,0.3333333333333333,0.2857142857142857,1.0,0.0,1.0,0.07688076880768807,0.0,0.5,0.951219512195122,1
0.7537776412776412,0.0821917808219178,0.25,0.14456362817447946,0.6,0.8,0.6666666666666666,0.7142857142857142,0.2,1.0,1.0,0.0,0.0,0.39795918367346933,0.951219512195122,0
0.1628071253071253,0.547945205479452,0.5,0.21303953158022382,0.6,0.8,0.3333333333333333,0.5,0.0,0.0,0.0,0.0,0.0,0.39795918367346933,0.7560975609756098,1
0.5807432432432432,0.4520547945205479,0.75,0.14485742992758896,1.0,0.6,0.0,0.2857142857142857,0.8,1.0,1.0,0.0,0.0,0.39795918367346933,0.0,0
0.35282555282555284,0.136986301369863,0.875,0.2450410560232824,0.4666666666666667,0.7333333333333334,0.6666666666666666,0.2857142857142857,0.2,0.0,1.0,0.0,0.0,0.5816326530612245,0.951219512195122,0
0.9383599508599508,0.1780821917808219,0.5,0.21077919828153693,0.6,0.8,0.6666666666666666,0.07142857142857142,0.2,0.0,0.0,0.0,0.0,0.5,0.951219512195122,0
0.6568488943488944,0.6712328767123288,0.75,0.05928836226310501,0.6,0.8,0.3333333333333333,0.8571428571428571,0.0,0.0,0.0,0.0,0.0,0.5,0.951219512195122,0
0.4871314496314496,0.0410958904109589,0.5,0.11356615736409936,0.7333333333333333,0.5333333333333333,0.6666666666666666,0.8571428571428571,0.6000000000000001,0.0,1.0,0.0,0.0,0.346938775510204,0.951219512195122,0
0.06710687960687961,0.3972602739726027,0.5,0.12146762290822159,0.7333333333333333,0.5333333333333333,0.0,0.21428571428571427,0.4,0.0,0.0,0.0,0.0,0.39795918367346933,0.951219512195122,0
0.5861179361179361,0.4794520547945205,0.75,0.08917991892734643,0.6,0.8,0.3333333333333333,0.07142857142857142,1.0,0.0,1.0,1.0,0.0,0.2959183673469387,0.951219512195122,1
0.9496007371007371,0.7945205479452053,0.75,0.013264733395696912,0.7333333333333333,0.5333333333333333,0.3333333333333333,0.3571428571428571,0.0,0.0,0.0,0.034560345603456034,0.0,0.39795918367346933,0.951219512195122,0
0.048679361179361176,0.3150684931506849,0.5,0.06313273048539653,1.0,0.6,0.3333333333333333,0.21428571428571427,0.0,0.0,0.0,0.0,0.0,0.44897959183673464,0.951219512195122,1
0.6993243243243243,0.32876712328767127,0.5,0.10944461767661019,0.6,0.8,0.0,0.2857142857142857,0.8,0.0,1.0,0.0,0.0,0.44897959183673464,0.951219512195122,0
0.744963144963145,0.1917808219178082,0.5,0.1319641062952569,0.7333333333333333,0.5333333333333333,0.3333333333333333,0.5,0.0,0.0,0.0,0.0,0.0,0.39795918367346933,0.951219512195122,1
0.8759213759213759,0.1643835616438356,0.5,0.1771846308422548,0.7333333333333333,0.5333333333333333,0.3333333333333333,0.21428571428571427,0.0,0.0,0.0,0.0,0.0,0.44897959183673464,0.951219512195122,0
0.5401412776412776,0.547945205479452,0.0,0.19695180681148877,1.0,0.6,0.3333333333333333,0.0,0.0,0.0,0.0,0.0,0.0,0.5,0.951219512195122,0
0.7905405405405406,0.32876712328767127,0.5,0.19220732425596787,0.7333333333333333,0.5333333333333333,1.0,0.5,0.2,0.0,1.0,0.0,0.0,0.39795918367346933,0.951219512195122,0
0.10832309582309582,0.0958904109589041,0.5,0.06250770883137581,0.7333333333333333,0.5333333333333333,0.3333333333333333,0.42857142857142855,0.0,0.0,0.0,0.0,0.0,0.39795918367346933,0.951219512195122,0
0.4114250614250614,0.1917808219178082,0.5,0.13668225756158406,0.0,0.33333333333333337,0.3333333333333333,0.21428571428571427,0.0,0.0,0.0,0.0,0.0,0.39795918367346933,0.951219512195122,0
0.1676289926289926,0.2191780821917808,0.5,0.1141302012957766,0.8,0.8666666666666667,0.3333333333333333,0.7142857142857142,0.0,0.0,0.0,0.0,0.0,0.39795918367346933,0.951219512195122,1
0.7334459459459459,0.0,0.5,0.11548903440390812,0.13333333333333333,0.4666666666666667,0.6666666666666666,0.8571428571428571,0.6000000000000001,0.0,1.0,0.0,0.0,0.19387755102040813,0.951219512195122,0
0.6835995085995086,0.0,0.5,0.09752970931642588,0.0,0.33333333333333337,0.6666666666666666,0.8571428571428571,0.6000000000000001,0.0,1.0,0.0,0.0,0.19387755102040813,0.951219512195122,0
0.05396191646191646,0.3150684931506849,0.75,0.015072584277448635,0.7333333333333333,0.5333333333333333,0.6666666666666666,0.3571428571428571,0.2,0.0,0.0,0.0,0.0,0.7040816326530611,0.951219512195122,0
0.25746314496314493,0.1917808219178082,0.875,0.12238159581471088,0.4666666666666667,0.7333333333333334,0.6666666666666666,0.07142857142857142,0.2,0.0,1.0,0.033250332503325035,0.0,0.346938775510204,0.951219512195122,0
0.10122850122850123,0.0958904109589041,0.5,0.02929355922807747,0.7333333333333333,0.5333333333333333,0.3333333333333333,1.0,0.0,0.0,0.0,0.0,0.0,0.44897959183673464,0.951219512195122,0
0.3125307125307125,0.27397260273972607,0.5,0.15967016595641478,0.13333333333333333,0.4666666666666667,0.8333333333333333,0.6428571428571428,0.8,1.0,1.0,0.0,0.0,0.39795918367346933,0.951219512195122,0
0.08645577395577396,0.4520547945205479,0.5,0.15622076707202995,0.26666666666666666,0.13333333333333336,0.3333333333333333,1.0,0.0,0.0,0.0,0.0,0.0,0.36734693877551017,0.6341463414634146,0
0.9912776412776413,0.1643835616438356,0.25,0.1089692686137962,1.0,0.6,0.6666666666666666,0.7857142857142857,0.6000000000000001,0.0,0.0,0.0,0.0,0.47959183673469385,0.951219512195122,0
0.7872850122850122,0.2602739726027397,0.5,0.22013997158992482,0.6,0.8,0.6666666666666666,0.2857142857142857,0.2,0.0,0.0,0.27828278282782826,0.0,0.39795918367346933,0.951219512195122,1
0.23814496314496314,0.0136986301369863,0.5,0.2997172851054984,0.06666666666666667,0.4,0.6666666666666666,0.8571428571428571,0.6000000000000001,0.0,1.0,0.0,0.0,0.07142857142857142,0.6341463414634146,0
0.12429361179361179,0.4520547945205479,0.5,0.10492533693656238,0.7333333333333333,0.5333333333333333,1.0,0.5714285714285714,0.8,0.0,1.0,0.0,0.0,0.39795918367346933,0.951219512195122,0
0.9106879606879607,0.5342465753424657,0.5,0.08421439212833039,0.7333333333333333,0.5333333333333333,0.8333333333333333,0.21428571428571427,0.2,0.0,1.0,0.0,0.0,0.39795918367346933,0.951219512195122,0
0.5423525798525798,0.1232876712328767,0.75,0.2577632262758549,0.7333333333333333,0.5333333333333333,0.3333333333333333,0.2857142857142857,0.0,0.0,0.0,0.0,0.0,0.39795918367346933,0.951219512195122,0
0.7089066339066339,0.2876712328767123,0.75,0.1193022208363649,0.7333333333333333,0.5333333333333333,0.3333333333333333,0.5714285714285714,0.0,0.0,0.0,0.034640346403464035,0.0,0.8061224489795917,0.5365853658536586,0
0.8424754299754299,0.0958904109589041,0.5,0.17715414198108306,0.6,0.8,0.6666666666666666,0.07142857142857142,0.6000000000000001,0.0,1.0,0.0,0.0,0.39795918367346933,0.951219512195122,0
0.06348280098280099,0.6712328767123288,0.5,0.05997436163946922,0.7333333333333333,0.5333333333333333,1.0,0.07142857142857142,0.2,0.0,1.0,0.0,0.0,0.39795918367346933,0.951219512195122,0
0.11124078624078623,0.136986301369863,0.5,0.12624259432491425,0.7333333333333333,0.5333333333333333,0.6666666666666666,0.6428571428571428,0.2,0.0,1.0,0.0,0.0,0.6020408163265305,0.951219512195122,0
0.07143734643734644,0.27397260273972607,0.5,0.13067110141010985,1.0,0.6,1.0,0.21428571428571427,0.8,0.0,0.0,0.0,0.0,0.39795918367346933,0.951219512195122,0
0.2737100737100737,0.547945205479452,0.5,0.1119405467207151,0.6,0.8,0.3333333333333333,0.8571428571428571,0.0,0.0,0.0,0.0,0.43663911845730025,0.39795918367346933,0.951219512195122,1
0.6180282555282555,0.0684931506849315,0.5,0.11944704292693066,0.7333333333333333,0.5333333333333333,0.6666666666666666,0.5,0.6000000000000001,0.0,1.0,0.0,0.0,0.39795918367346933,0.951219512195122,0
0.08363022113022113,0.1232876712328767,0.5,0.15199598101375464,0.7333333333333333,0.5333333333333333,0.6666666666666666,0.2857142857142857,0.6000000000000001,0.0,1.0,0.0,0.0,0.39795918367346933,0.951219512195122,0
0.8256449631449632,0.2602739726027397,0.5,0.07165921768353947,0.7333333333333333,0.5333333333333333,0.3333333333333333,0.8571428571428571,0.0,0.0,0.0,0.0,0.0,0.5,0.951219512195122,0
0.21821253071253072,0.3972602739726027,0.5,0.11768908290891451,0.8,0.8666666666666667,0.0,0.7142857142857142,0.8,0.0,1.0,0.06497064970649706,0.0,0.5,0.951219512195122,0
0.6813267813267813,0.2328767123287671,0.25,0.027202993451824135,1.0,0.6,0.6666666666666666,0.5714285714285714,0.2,0.0,0.0,0.0,0.0,0.47959183673469385,0.951219512195122,0
0.5621314496314496,0.5890410958904109,0.75,0.05377057131968264,0.7333333333333333,0.5333333333333333,0.3333333333333333,0.8571428571428571,0.0,0.0,0.0,0.0,0.0,0.5,0.951219512195122,0
0.4485872235872236,0.5205479452054793,0.5,0.09403319128295741,1.0,0.6,0.3333333333333333,0.21428571428571427,0.0,0.0,0.0,0.05013050130501305,0.0,0.520408163265306,0.951219512195122,0
0.9298832923832924,0.2191780821917808,0.0,0.24744551848387208,1.0,0.6,0.3333333333333333,0.0,1.0,0.0,1.0,0.051780517805178054,0.0,0.39795918367346933,0.951219512195122,1
0.9392199017199017,0.27397260273972607,0.5,0.09413990229705851,0.7333333333333333,0.5333333333333333,0.6666666666666666,0.5,0.8,1.0,1.0,0.0,0.0,0.39795918367346933,0.951219512195122,0
0.05657248157248157,0.2876712328767123,0.5,0.01338599591172089,0.6,0.8,0.3333333333333333,0.21428571428571427,1.0,0.0,1.0,0.0,0.0,0.39795918367346933,0.951219512195122,0
0.6864250614250614,0.1232876712328767,0.0,0.08707757336382219,0.0,0.33333333333333337,0.8333333333333333,0.0,0.4,0.0,1.0,0.0,0.0,0.39795918367346933,0.8048780487804879,0
0.24508599508599507,0.2328767123287671,0.125,0.037971104874753143,0.6,0.8,0.6666666666666666,0.2857142857142857,0.8,1.0,0.0,0.014710147101471014,0.0,0.39795918367346933,0.024390243902439025,0
0.07272727272727272,0.1095890410958904,0.5,0.07671690399473374,0.7333333333333333,0.5333333333333333,0.6666666666666666,0.21428571428571427,0.6000000000000001,0.0,0.0,0.0,0.0,0.39795918367346933,0.951219512195122,0
0.5099815724815725,0.3835616438356165,0.75,0.18920417143055124,0.3333333333333333,0.2,0.3333333333333333,0.21428571428571427,0.0,0.0,0.0,0.0,0.0,0.09183673469387754,0.951219512195122,0
0.4422911547911548,0.27397260273972607,0.75,0.23600942382981674,0.7333333333333333,0.5333333333333333,0.0,0.2857142857142857,0.2,1.0,1.0,0.0,0.0,0.7040816326530611,0.8536585365853658,1
0.5488943488943488,0.32876712328767127,0.5,0.1626975712850362,0.7333333333333333,0.5333333333333333,0.0,0.2857142857142857,0.2,0.0,0.0,0.0,0.0,0.5,0.951219512195122,0
0.4849201474201474,0.2876712328767123,0.5,0.1940352700689464,0.6,0.8,0.5,0.21428571428571427,0.2,1.0,0.0,0.0,0.0,0.39795918367346933,0.14634146341463417,0
0.09308968058968059,0.1917808219178082,0.5,0.21864671032117244,0.7333333333333333,0.5333333333333333,0.8333333333333333,0.5,0.8,0.0,1.0,0.0,0.5137741046831956,0.39795918367346933,0.951219512195122,0
0.4300061425061425,0.3424657534246575,0.5,0.21693379066625093,0.4666666666666667,0.7333333333333334,0.3333333333333333,0.07142857142857142,0.0,0.0,0.0,0.07688076880768807,0.0,0.4183673469387755,0.951219512195122,1
0.1423832923832924,0.3972602739726027,0.5,0.015308180022866645,0.4666666666666667,0.7333333333333334,0.3333333333333333,0.21428571428571427,0.0,0.0,0.0,0.0,0.0,0.39795918367346933,0.951219512195122,1
0.10967444717444717,0.5616438356164384,0.5,0.35112150504105605,0.7333333333333333,0.5333333333333333,0.3333333333333333,0.21428571428571427,0.0,0.0,0.0,0.0,0.0,0.520408163265306,0.951219512195122,0
0.22506142506142507,0.3835616438356165,0.5,0.0697391123583827,0.3333333333333333,0.2,0.0,0.5,0.2,1.0,1.0,0.0,0.0,0.346938775510204,0.951219512195122,0
0.838022113022113,0.1643835616438356,0.75,0.05078266292485188,0.06666666666666667,0.4,0.3333333333333333,0.5714285714285714,1.0,0.0,1.0,0.0,0.0,0.04081632653061224,0.951219512195122,0
0.7690110565110565,0.2191780821917808,0.5,0.08399542667082424,0.7333333333333333,0.5333333333333333,0.3333333333333333,0.8571428571428571,0.0,0.0,0.0,0.0,0.45385674931129477,0.44897959183673464,0.951219512195122,1
0.15261056511056512,0.0273972602739726,0.5,0.011755534767695664,1.0,0.6,0.6666666666666666,0.7142857142857142,0.6000000000000001,0.0,0.0,0.0,0.0,0.09183673469387754,0.951219512195122,0
0.7084766584766584,0.4931506849315069,0.5,0.23803277552575963,1.0,0.6,1.0,0.8571428571428571,0.8,0.0,1.0,0.0,0.0,0.2959183673469387,0.951219512195122,0
0.38184889434889435,0.32876712328767127,0.5,0.13267920867546687,0.6,0.8,0.3333333333333333,0.7142857142857142,0.0,0.0,0.0,0.0,0.0,0.39795918367346933,0.951219512195122,1
0.24864864864864863,0.4794520547945205,0.0,0.16341198073658317,0.8666666666666667,0.0,0.5,0.0,0.4,0.0,0.0,0.0,0.0,0.39795918367346933,0.6341463414634146,0
0.2813267813267813,0.2602739726027397,0.5,0.0687800990887988,0.7333333333333333,0.5333333333333333,0.3333333333333333,0.21428571428571427,0.0,0.0,0.0,0.0,0.0,0.7040816326530611,0.951219512195122,0
0.4768427518427518,0.0958904109589041,0.5,0.12506045802584626,0.7333333333333333,0.5333333333333333,0.3333333333333333,0.42857142857142855,0.0,0.0,0.0,0.0,0.0,0.39795918367346933,0.951219512195122,0
0.9575859950859951,0.0547945205479452,0.5,0.027008280497522776,0.7333333333333333,0.5333333333333333,0.6666666666666666,0.5714285714285714,0.6000000000000001,0.0,0.0,0.0,0.0,0.346938775510204,0.951219512195122,0
0.048986486486486486,0.2191780821917808,0.5,0.09486124103523542,0.7333333333333333,0.5333333333333333,0.6666666666666666,0.7142857142857142,0.2,0.0,0.0,0.0,0.0,0.6020408163265305,0.951219512195122,1
0.41145577395577393,0.4383561643835617,0.25,0.11421473859266189,0.8,0.8666666666666667,0.0,0.7142857142857142,0.2,0.0,1.0,0.0,0.0,0.6020408163265305,0.951219512195122,0
0.17202088452088451,0.2328767123287671,0.25,0.1146034715726016,0.6,0.8,0.3333333333333333,0.2857142857142857,0.0,0.0,0.0,0.0,0.0,0.5510204081632653,0.951219512195122,1
0.2702702702702703,0.2602739726027397,0.25,0.16319994456570697,0.5333333333333333,0.6666666666666666,0.6666666666666666,0.7857142857142857,0.2,0.0,0.0,0.0,0.0,0.39795918367346933,0.951219512195122,1
0.6491093366093366,0.7123287671232876,0.625,0.06521151647437896,0.7333333333333333,0.5333333333333333,0.3333333333333333,0.5714285714285714,0.0,0.0,0.0,0.0,0.0,0.39795918367346933,0.951219512195122,1
0.8536240786240786,0.0273972602739726,0.5,0.14793334026261998,1.0,0.6,0.6666666666666666,0.21428571428571427,0.2,0.0,0.0,0.0,0.0,0.44897959183673464,0.6341463414634146,0
0.7074017199017198,0.0273972602739726,0.5,0.13476908152305722,0.7333333333333333,0.5333333333333333,0.6666666666666666,0.42857142857142855,0.4,0.0,0.0,0.0,0.0,0.39795918367346933,0.951219512195122,0
0.4871621621621621,0.0547945205479452,0.5,0.17521602051068844,0.7333333333333333,0.5333333333333333,0.6666666666666666,0.42857142857142855,0.4,0.0,0.0,0.0,0.0,0.37755102040816324,0.5609756097560976,0
0.49256756756756753,0.0958904109589041,0.5,0.11771333541211933,0.06666666666666667,0.4,0.6666666666666666,0.07142857142857142,0.2,0.0,1.0,0.0,0.0,0.39795918367346933,0.2682926829268293,0
0.8488022113022112,0.30136986301369856,0.5,0.07137442400304889,0.4666666666666667,0.7333333333333334,0.3333333333333333,0.9285714285714285,0.0,0.0,0.0,0.0,0.0,0.39795918367346933,0.24390243902439024,1
0.12542997542997542,0.1506849315068493,0.5,0.2739749852752659,1.0,0.6,0.0,0.21428571428571427,0.8,0.0,1.0,0.0,0.0,0.39795918367346933,0.951219512195122,0
0.4229115479115479,0.3150684931506849,0.5,0.17954336001108687,0.4666666666666667,0.7333333333333334,0.0,0.2857142857142857,0.2,0.0,1.0,0.0,0.0,0.39795918367346933,0.951219512195122,0
0.273955773955774,0.0136986301369863,0.0,0.18186674981810624,0.7333333333333333,0.5333333333333333,0.6666666666666666,0.0,0.8,0.0,1.0,0.0,0.0,0.19387755102040813,0.951219512195122,0
0.6647727272727273,0.41095890410958896,0.5,0.014013789280393584,1.0,0.6,0.0,0.5714285714285714,0.8,0.0,1.0,0.0,0.0,0.39795918367346933,0.951219512195122,0
0.18937346437346436,0.0958904109589041,0.5,0.07011121505041056,0.6,0.8,0.6666666666666666,0.07142857142857142,0.6000000000000001,0.0,0.0,0.0,0.0,0.39795918367346933,0.951219512195122,0
0.6602579852579853,0.2191780821917808,0.5,0.028241693517652357,0.13333333333333333,0.4666666666666667,0.6666666666666666,0.21428571428571427,0.6000000000000001,1.0,0.0,0.0,0.0,0.39795918367346933,0.951219512195122,0
0.29029484029484026,0.0273972602739726,0.0,0.03121227869590825,1.0,0.6,0.6666666666666666,0.0,0.6000000000000001,0.0,1.0,0.0,0.0,0.2959183673469387,0.5853658536585367,0
0.4671068796068796,0.1095890410958904,0.875,0.17217129196549216,0.6,0.8,0.6666666666666666,0.7857142857142857,0.2,1.0,0.0,0.0,0.0,0.39795918367346933,0.951219512195122,0
0.2589987714987715,0.1506849315068493,0.5,0.5396521498111769,1.0,0.6,0.6666666666666666,0.21428571428571427,0.6000000000000001,0.0,0.0,0.0,0.0,0.5,0.951219512195122,0
0.4101658476658477,0.0410958904109589,0.5,0.05019644527595884,1.0,0.6,0.6666666666666666,0.9285714285714285,0.2,0.0,1.0,0.0,0.0,0.39795918367346933,0.951219512195122,0
0.8890970515970515,0.0684931506849315,0.5,0.06066174687315941,1.0,0.6,0.6666666666666666,0.5,0.6000000000000001,0.0,1.0,0.0,0.0,0.2959183673469387,0.951219512195122,0
0.38556511056511056,0.2191780821917808,0.5,0.1552811558050099,0.6,0.8,0.3333333333333333,0.8571428571428571,0.0,0.0,0.0,0.0,0.0,0.44897959183673464,0.951219512195122,0
0.552948402948403,0.3972602739726027,0.875,0.15685341094134359,0.7333333333333333,0.5333333333333333,0.3333333333333333,0.5714285714285714,0.0,1.0,0.0,0.07298072980729807,0.0,0.39795918367346933,0.951219512195122,1
0.05436117936117936,0.1643835616438356,0.5,0.02765755465474829,0.7333333333333333,0.5333333333333333,0.5,0.7857142857142857,0.2,0.0,0.0,0.0,0.0,0.39795918367346933,0.951219512195122,0
0.9583845208845209,0.5342465753424657,0.5,0.06420676991303745,0.3333333333333333,0.2,0.3333333333333333,0.5714285714285714,0.0,1.0,0.0,0.0,0.0,0.39795918367346933,0.951219512195122,0
0.48065110565110564,0.6986301369863013,0.75,0.12907112912725635,1.0,0.6,0.0,1.0,0.2,0.0,1.0,0.0,0.0,0.19387755102040813,0.951219512195122,0
0.4941953316953317,0.35616438356164376,0.5,0.12050237328067075,1.0,0.6,0.0,0.2857142857142857,0.8,0.0,1.0,0.0,0.0,0.44897959183673464,0.4878048780487805,0
0.22546068796068797,0.4383561643835617,0.25,0.18290683574126046,1.0,0.6,0.3333333333333333,0.7857142857142857,0.0,0.0,0.0,0.0,0.0,0.39795918367346933,0.951219512195122,0
0.8172297297297297,0.0136986301369863,0.625,0.09377195717700862,0.7333333333333333,0.5333333333333333,0.6666666666666666,0.3571428571428571,0.6000000000000001,0.0,1.0,0.0,0.0,0.07142857142857142,0.951219512195122,0
0.30224201474201473,0.0547945205479452,0.5,0.20053979142847245,0.7333333333333333,0.5333333333333333,0.6666666666666666,0.21428571428571427,0.2,0.0,0.0,0.0,0.0,0.346938775510204,0.6341463414634146,0
0.6387899262899263,0.3150684931506849,0.5,0.05836122371201885,1.0,0.6,0.3333333333333333,0.7142857142857142,0.0,1.0,0.0,0.0,0.0,0.39795918367346933,0.951219512195122,1
0.7085380835380836,0.3698630136986301,0.75,0.06944669646259917,0.26666666666666666,0.13333333333333336,0.3333333333333333,0.21428571428571427,0.0,0.0,0.0,0.0,0.0,0.39795918367346933,0.951219512195122,0
0.8518734643734643,0.2328767123287671,0.5,0.1723576897758376,1.0,0.6,0.3333333333333333,0.21428571428571427,0.0,0.0,0.0,0.0,0.3790174471992654,0.37755102040816324,0.951219512195122,0
0.1507063882063882,0.27397260273972607,0.5,0.018142951183175694,1.0,0.6,0.6666666666666666,0.07142857142857142,0.2,0.0,1.0,0.0,0.0,0.39795918367346933,0.951219512195122,0
0.6479422604422604,0.5068493150684932,0.5,0.10758895471711187,0.2,0.06666666666666667,0.3333333333333333,0.21428571428571427,0.0,1.0,0.0,0.0,0.0,0.39795918367346933,0.34146341463414637,1
0.1081081081081081,0.1780821917808219,0.5,0.14465440182933167,0.7333333333333333,0.5333333333333333,0.3333333333333333,0.21428571428571427,0.0,0.0,0.0,0.0,0.0,0.346938775510204,0.951219512195122,0
0.7901105651105651,0.35616438356164376,0.0,0.260232131102103,0.7333333333333333,0.5333333333333333,0.6666666666666666,0.0,0.4,0.0,1.0,0.0,0.0,0.39795918367346933,0.951219512195122,0
0.5797911547911547,0.3424657534246575,0.5,0.09956484079963968,0.7333333333333333,0.5333333333333333,0.3333333333333333,0.42857142857142855,0.0,0.0,0.0,0.0,0.0,0.39795918367346933,0.951219512195122,1
0.02503071253071253,0.41095890410958896,0.75,0.05607386619547518,0.7333333333333333,0.5333333333333333,0.3333333333333333,0.5714285714285714,1.0,0.0,1.0,0.0,0.0,0.7551020408163265,0.5365853658536586,0
0.8019041769041769,0.46575342465753417,0.625,0.029142500779544743,0.9333333333333333,0.9333333333333333,0.0,0.7142857142857142,0.2,0.0,0.0,0.27828278282782826,0.0,0.6020408163265305,0.951219512195122,1
0.9425675675675675,0.30136986301369856,0.5,0.05479818452690295,0.8,0.8666666666666667,0.3333333333333333,0.2857142857142857,0.0,0.0,0.0,0.0,0.42424242424242425,0.44897959183673464,0.951219512195122,1
0.8480036855036854,0.30136986301369856,0.75,0.026200325676471604,1.0,0.6,0.3333333333333333,0.3571428571428571,0.0,0.0,0.0,0.0,0.0,0.8061224489795917,0.951219512195122,0
0.8325552825552825,0.30136986301369856,0.5,0.14774555659494856,0.8,0.8666666666666667,0.6666666666666666,0.7142857142857142,0.2,0.0,0.0,0.0,0.0,0.39795918367346933,0.951219512195122,0
0.27635135135135136,0.4931506849315069,0.5,0.37146242594324913,0.7333333333333333,0.5333333333333333,0.3333333333333333,0.21428571428571427,0.0,0.0,0.0,0.0,0.0,0.39795918367346933,0.951219512195122,0
0.42226658476658474,0.35616438356164376,0.5,0.08723902574229983,0.7333333333333333,0.5333333333333333,0.0,0.5714285714285714,0.2,1.0,1.0,0.0,0.40449954086317724,0.346938775510204,0.951219512195122,0
0.5719594594594595,0.2465753424657534,0.5,0.07970134774624953,0.5333333333333333,0.6666666666666666,0.6666666666666666,0.07142857142857142,0.6000000000000001,0.0,1.0,0.14344143441434415,0.0,0.39795918367346933,0.951219512195122,1
0.8533169533169533,0.1506849315068493,0.5,0.03260229359387451,0.6,0.8,0.3333333333333333,0.07142857142857142,0.4,0.0,1.0,0.0,0.0,0.14285714285714282,0.951219512195122,0
0.1671990171990172,0.4246575342465753,0.5,0.07157953088729516,0.6,0.8,0.3333333333333333,0.8571428571428571,0.0,0.0,0.0,0.0,0.0,0.39795918367346933,0.951219512195122,0
0.8900798525798526,0.3424657534246575,0.5,0.1869362159165714,0.4,0.26666666666666666,0.3333333333333333,1.0,0.0,0.0,0.0,0.0,0.0,0.39795918367346933,0.951219512195122,0
0.28823710073710074,0.0136986301369863,0.5,0.07132314728198731,0.7333333333333333,0.5333333333333333,0.6666666666666666,0.5714285714285714,0.6000000000000001,0.0,0.0,0.0,0.0,0.24489795918367346,0.951219512195122,0
0.6347358722358722,0.2191780821917808,0.5,0.28578734019332713,0.6,0.8,0.0,0.2857142857142857,0.2,0.0,1.0,0.0,0.0,0.39795918367346933,0.951219512195122,0
0.5495085995085995,0.3150684931506849,0.5,0.1229123791705644,0.7333333333333333,0.5333333333333333,0.3333333333333333,0.5714285714285714,0.0,0.0,0.0,0.0,0.0,0.44897959183673464,0.951219512195122,0
0.4208845208845209,0.4246575342465753,0.5,0.04667636766794858,0.06666666666666667,0.4,0.3333333333333333,0.3571428571428571,0.0,0.0,0.0,0.0,0.0,0.5,0.951219512195122,0
0.9028869778869779,0.3424657534246575,0.5,0.2302511866403354,0.7333333333333333,0.5333333333333333,0.0,0.2857142857142857,0.2,0.0,1.0,0.0,0.0,0.39795918367346933,0.951219512195122,1
0.7386670761670762,0.0821917808219178,0.5,0.19457852614073382,0.7333333333333333,0.5333333333333333,0.6666666666666666,0.8571428571428571,0.6000000000000001,0.0,0.0,0.0,0.0,0.2959183673469387,0.951219512195122,0
0.9234029484029483,0.3424657534246575,0.5,0.12492395107923639,0.9333333333333333,0.9333333333333333,0.0,0.7142857142857142,0.2,0.0,1.0,0.0,0.0,0.38775510204081626,0.951219512195122,1
0.4283783783783784,0.2876712328767123,0.5,0.027932647333956964,1.0,0.6,0.6666666666666666,0.07142857142857142,0.6000000000000001,1.0,1.0,0.0,0.0,0.39795918367346933,0.951219512195122,0
0.46606265356265353,0.1506849315068493,0.5,0.13000588989363546,0.6,0.8,0.6666666666666666,0.07142857142857142,0.2,0.0,1.0,0.0,0.0,0.19387755102040813,0.951219512195122,0
0.20687960687960688,0.0684931506849315,0.5,0.1297647507189135,1.0,0.6,0.6666666666666666,0.3571428571428571,0.6000000000000001,0.0,0.0,0.0,0.0,0.24489795918367346,0.951219512195122,0
0.39864864864864863,0.35616438356164376,0.5,0.1778955756504868,0.7333333333333333,0.5333333333333333,0.3333333333333333,0.5,0.0,1.0,0.0,0.0,0.0,0.39795918367346933,0.2682926829268293,1
0.3708845208845209,0.2328767123287671,0.5,0.25956553372830266,0.7333333333333333,0.5333333333333333,0.3333333333333333,0.5,0.0,1.0,0.0,0.0,0.0,0.39795918367346933,0.951219512195122,0
0.24993857493857494,0.4794520547945205,0.75,0.10400582060076914,0.7333333333333333,0.5333333333333333,0.0,0.8571428571428571,0.2,0.0,0.0,0.0,0.0,0.39795918367346933,0.951219512195122,0
0.15343980343980343,0.1917808219178082,0.5,0.17125038977237295,0.7333333333333333,0.5333333333333333,0.3333333333333333,0.21428571428571427,0.0,0.0,0.0,0.0,0.0,0.39795918367346933,0.951219512195122,1
0.6961302211302212,0.0547945205479452,0.5,0.1587374839760247,1.0,0.6,0.6666666666666666,0.07142857142857142,0.6000000000000001,0.0,0.0,0.0,0.0,0.09183673469387754,0.951219512195122,0
0.7031019656019656,0.1232876712328767,0.5,0.18699165020961092,0.5333333333333333,0.6666666666666666,0.3333333333333333,0.2857142857142857,1.0,0.0,1.0,0.0,0.0,0.39795918367346933,0.951219512195122,0
0.4557432432432432,0.35616438356164376,0.125,0.19036344108374043,0.8,0.8666666666666667,0.3333333333333333,0.7857142857142857,0.0,0.0,0.0,0.0,0.0,0.346938775510204,0.951219512195122,1
0.9598894348894349,0.2602739726027397,0.5,0.0906614004088279,0.9333333333333333,0.9333333333333333,0.3333333333333333,0.7142857142857142,0.0,0.0,0.0,0.0,0.0,0.5,0.951219512195122,1
0.1471130221130221,0.3150684931506849,0.75,0.02554897273325711,1.0,0.6,0.3333333333333333,0.7142857142857142,0.0,0.0,0.0,0.0,0.0,0.19387755102040813,0.951219512195122,0
0.3625921375921376,0.2465753424657534,0.5,0.046263382184804074,0.7333333333333333,0.5333333333333333,0.6666666666666666,1.0,0.8,1.0,0.0,0.0,0.0,0.7244897959183673,0.951219512195122,0
0.8651719901719902,0.35616438356164376,0.875,0.10741295083671136,0.7333333333333333,0.5333333333333333,0.0,0.2857142857142857,0.8,0.0,1.0,0.0,0.0,0.39795918367346933,0.951219512195122,0
0.8707616707616708,0.2328767123287671,0.5,0.06809340678377161,0.7333333333333333,0.5333333333333333,0.0,0.8571428571428571,0.6000000000000001,0.0,1.0,0.0,0.0,0.346938775510204,0.951219512195122,0
0.199477886977887,0.1917808219178082,0.25,0.23864740324983544,0.6,0.8,0.3333333333333333,0.7142857142857142,0.0,0.0,0.0,0.0,0.0,0.39795918367346933,0.951219512195122,0
0.5713452088452088,0.2191780821917808,0.75,0.038247583411287804,0.5333333333333333,0.6666666666666666,0.0,0.5714285714285714,0.8,0.0,1.0,0.0,0.0,0.9999999999999999,0.951219512195122,0
0.22671990171990172,0.2602739726027397,0.5,0.08044693898763122,1.0,0.6,0.6666666666666666,0.5,0.8,0.0,0.0,0.0,0.0,0.44897959183673464,0.951219512195122,0
0.16689189189189188,0.136986301369863,0.5,0.17260160066521152,0.6,0.8,0.6666666666666666,0.07142857142857142,0.6000000000000001,1.0,1.0,0.0,0.0,0.39795918367346933,0.951219512195122,0
0.41612407862407863,0.547945205479452,0.75,0.21007864740324986,0.9333333333333333,0.9333333333333333,0.3333333333333333,0.7142857142857142,0.0,0.0,0.0,0.0,0.0,0.3571428571428571,0.951219512195122,0
0.8312039312039312,0.2054794520547945,0.5,0.2141343588677546,0.8,0.8666666666666667,0.6666666666666666,0.8571428571428571,0.6000000000000001,1.0,0.0,0.0,0.0,0.39795918367346933,0.951219512195122,0
0.4963144963144963,0.6164383561643836,0.125,0.11434015868066383,0.7333333333333333,0.5333333333333333,1.0,0.07142857142857142,0.8,0.0,1.0,0.0,0.0,0.39795918367346933,0.951219512195122,0
0.971068796068796,0.3424657534246575,0.5,0.008798115234036655,1.0,0.6,0.3333333333333333,0.21428571428571427,0.0,0.0,0.0,0.07688076880768807,0.0,0.39795918367346933,0.951219512195122,1
0.702027027027027,0.27397260273972607,0.25,0.02542424557391816,0.6,0.8,0.6666666666666666,0.7142857142857142,0.2,0.0,1.0,0.048650486504865045,0.0,0.44897959183673464,0.951219512195122,0
0.9910933660933661,0.5890410958904109,0.5,0.07954751758306482,0.7333333333333333,0.5333333333333333,0.3333333333333333,0.7857142857142857,0.0,0.0,0.0,0.0,0.4687786960514233,0.336734693877551,0.951219512195122,0
0.8099815724815724,0.32876712328767127,0.0,0.08066729030246336,0.7333333333333333,0.5333333333333333,0.6666666666666666,0.0,0.6000000000000001,0.0,1.0,0.0,0.0,0.39795918367346933,0.951219512195122,0
0.4068488943488943,0.3698630136986301,0.5,0.062224993936874196,1.0,0.6,0.0,0.07142857142857142,0.4,0.0,1.0,0.0,0.0,0.39795918367346933,0.951219512195122,0
0.7303746928746928,0.4383561643835617,0.5,0.23314693552298793,0.3333333333333333,0.2,0.3333333333333333,0.5,0.0,0.0,0.0,0.0,0.0,0.39795918367346933,0.951219512195122,0
0.10998157248157248,0.1917808219178082,0.5,0.22180230745244778,1.0,0.6,0.5,1.0,0.8,0.0,0.0,0.0,0.0,0.5,0.951219512195122,0
0.060350122850122846,0.1643835616438356,0.5,0.30483317742438415,0.7333333333333333,0.5333333333333333,0.0,0.5714285714285714,0.8,0.0,1.0,0.0,0.0,0.3571428571428571,0.951219512195122,0
0.8328624078624078,0.5890410958904109,0.5,0.05662058691057756,0.6,0.8,0.3333333333333333,0.2857142857142857,0.0,0.0,0.0,0.15024150241502415,0.0,0.44897959183673464,0.951219512195122,1
0.2968980343980344,0.0821917808219178,0.5,0.09059834390049544,0.8,0.8666666666666667,0.6666666666666666,0.7142857142857142,0.6000000000000001,0.0,1.0,0.0,0.0,0.3571428571428571,0.951219512195122,0
0.8318796068796068,0.0273972602739726,0.0,0.08890621210546373,0.13333333333333333,0.4666666666666667,0.6666666666666666,0.0,0.6000000000000001,1.0,0.0,0.0,0.0,0.2959183673469387,0.951219512195122,0
0.24517813267813268,0.4520547945205479,0.5,0.125210130617053,0.7333333333333333,0.5333333333333333,0.3333333333333333,0.9285714285714285,0.0,0.0,0.0,0.0,0.42424242424242425,0.39795918367346933,0.951219512195122,1
0.7570024570024569,0.1917808219178082,0.5,0.09573225236461906,1.0,0.6,0.0,0.07142857142857142,0.2,0.0,1.0,0.0,0.0,0.5,0.951219512195122,0
0.6314496314496314,0.30136986301369856,0.5,0.2836489623393272,1.0,0.6,0.0,0.7857142857142857,0.8,1.0,1.0,0.0,0.0,0.2959183673469387,0.951219512195122,0
0.1773034398034398,0.4794520547945205,0.625,0.13426809409971244,1.0,0.6,0.3333333333333333,0.21428571428571427,0.0,0.0,0.0,0.0,0.0,0.39795918367346933,0.951219512195122,0
0.8238022113022113,0.2602739726027397,0.75,0.05396112670200603,1.0,0.6,0.3333333333333333,0.5714285714285714,1.0,0.0,1.0,0.0,0.0,0.39795918367346933,0.951219512195122,0
0.7721437346437346,0.0821917808219178,0.5,0.020397048123895645,0.5333333333333333,0.6666666666666666,0.3333333333333333,0.21428571428571427,0.0,0.0,0.0,0.0,0.0,0.5510204081632653,0.951219512195122,1
0.34336609336609336,0.4794520547945205,0.5,0.12295534074767002,0.7333333333333333,0.5333333333333333,0.8333333333333333,0.6428571428571428,0.2,0.0,1.0,0.0,0.0,0.5,0.951219512195122,0
0.3477272727272727,0.5616438356164384,0.875,0.03970065481758653,1.0,0.6,1.0,0.7142857142857142,0.2,0.0,1.0,0.0,0.0,0.19387755102040813,0.951219512195122,0
0.7099815724815725,0.3698630136986301,0.25,0.1835283927519662,0.6,0.8,0.6666666666666666,0.7142857142857142,0.6000000000000001,0.0,0.0,0.0,0.0,0.6020408163265305,0.951219512195122,0
0.1160012285012285,0.8630136986301369,0.5,0.05213110210303849,1.0,0.6,0.6666666666666666,0.7142857142857142,0.2,0.0,0.0,0.0,0.41689623507805323,0.6020408163265305,0.951219512195122,0
0.1551904176904177,0.547945205479452,0.25,0.0735862522953262,0.6,0.8,0.3333333333333333,0.7142857142857142,0.0,0.0,0.0,0.0,0.43663911845730025,0.39795918367346933,0.951219512195122,1
0.47816339066339064,0.1643835616438356,0.5,0.8703558188684475,0.7333333333333333,0.5333333333333333,0.5,0.9285714285714285,0.6000000000000001,1.0,0.0,0.0,0.0,0.39795918367346933,0.951219512195122,0
0.004791154791154791,0.0821917808219178,0.5,0.14014967259120675,0.6,0.8,0.6666666666666666,0.42857142857142855,0.2,0.0,0.0,0.0,0.0,0.39795918367346933,0.951219512195122,0
0.9368243243243243,0.35616438356164376,0.5,0.05196895679589786,1.0,0.6,0.6666666666666666,0.42857142857142855,0.2,0.0,0.0,0.0,0.0,0.39795918367346933,0.951219512195122,0
0.12008599508599509,0.4246575342465753,0.5,0.11970619824689048,0.7333333333333333,0.5333333333333333,0.0,0.8571428571428571,0.8,0.0,1.0,0.0,0.0,0.2959183673469387,0.951219512195122,0
0.6383292383292383,0.1232876712328767,0.5,0.016375290163877627,1.0,0.6,0.6666666666666666,1.0,0.2,0.0,0.0,0.0,0.0,0.5,0.951219512195122,0
0.8768427518427518,0.35616438356164376,0.5,0.06838166510757718,0.6,0.8,0.3333333333333333,0.7142857142857142,0.0,0.0,0.0,0.0,0.43663911845730025,0.39795918367346933,0.951219512195122,1
0.3082309582309582,0.30136986301369856,0.625,0.07926410975990021,1.0,0.6,0.3333333333333333,0.7142857142857142,0.0,0.0,0.0,0.0,0.0,0.24489795918367346,0.951219512195122,0
0.5282862407862408,0.3698630136986301,0.25,0.08507154488445415,0.8,0.8666666666666667,0.0,0.7142857142857142,0.8,0.0,1.0,0.0,0.0,0.1530612244897959,0.0,0
0.8231572481572481,0.3150684931506849,0.5,0.1530298305789419,0.3333333333333333,0.2,0.3333333333333333,0.21428571428571427,0.0,0.0,0.0,0.0,0.0,0.39795918367346933,0.1951219512195122,0
0.5052518427518428,0.1917808219178082,0.5,0.3379530887295153,0.2,0.06666666666666667,0.3333333333333333,0.3571428571428571,0.0,0.0,0.0,0.0,0.0,0.44897959183673464,0.6341463414634146,0
0.8782862407862407,0.0958904109589041,0.5,0.18644700828049754,0.2,0.06666666666666667,0.6666666666666666,0.3571428571428571,0.2,1.0,0.0,0.0,0.0,0.6632653061224489,0.6341463414634146,0
0.9737100737100737,0.3835616438356165,0.5,0.2202141149568652,0.7333333333333333,0.5333333333333333,0.3333333333333333,0.21428571428571427,0.0,0.0,0.0,0.0,0.0,0.39795918367346933,0.951219512195122,0
0.8988022113022113,0.2602739726027397,0.5,0.09444340505144995,0.7333333333333333,0.5333333333333333,0.3333333333333333,0.21428571428571427,0.0,0.0,0.0,0.0,0.0,0.5510204081632653,0.951219512195122,1
0.1991093366093366,0.35616438356164376,0.5,0.10943353081800228,1.0,0.6,0.3333333333333333,0.2857142857142857,0.0,0.0,0.0,0.0,0.0,0.5,0.951219512195122,1
0.6777641277641278,0.5342465753424657,0.5,0.10603887329799397,0.0,0.33333333333333337,0.3333333333333333,0.21428571428571427,0.0,0.0,0.0,0.0,0.0,0.7040816326530611,0.0,0
0.930036855036855,0.2328767123287671,0.5,0.010926099158091675,0.6,0.8,0.5,0.07142857142857142,0.2,0.0,1.0,0.0,0.0,0.24489795918367346,0.951219512195122,0
0.09167690417690418,0.0821917808219178,0.5,0.1035394796105741,0.6,0.8,0.6666666666666666,0.5714285714285714,0.6000000000000001,0.0,1.0,0.0,0.0,0.2959183673469387,0.951219512195122,0
0.4262592137592138,0.547945205479452,0.75,0.21869937289956,0.0,0.33333333333333337,0.3333333333333333,0.21428571428571427,0.0,0.0,0.0,0.0,0.0,0.39795918367346933,0.951219512195122,0
0.9239557739557739,0.4794520547945205,0.5,0.24224093129612306,1.0,0.6,0.0,0.2857142857142857,0.2,0.0,1.0,0.0,0.0,0.5,0.951219512195122,0
0.5953931203931204,0.5616438356164384,0.75,0.08206284862973356,0.8,0.8666666666666667,0.3333333333333333,0.2857142857142857,0.0,0.0,0.0,0.0,0.0,0.5,0.951219512195122,0
0.20423832923832924,0.1506849315068493,0.5,0.17554862626892562,0.5333333333333333,0.6666666666666666,0.6666666666666666,0.42857142857142855,0.6000000000000001,0.0,1.0,0.0,0.0,0.39795918367346933,0.951219512195122,0
0.044256756756756756,0.6027397260273972,0.0,0.23199528808509165,0.7333333333333333,0.5333333333333333,0.3333333333333333,0.0,0.0,0.0,0.0,0.0,0.0,0.1530612244897959,0.951219512195122,0
0.05583538083538083,0.4794520547945205,0.5,0.11996119599487233,0.7333333333333333,0.5333333333333333,0.3333333333333333,0.21428571428571427,0.0,0.0,0.0,0.0,0.0,0.39795918367346933,0.0,0
0.028654791154791154,0.0821917808219178,0.5,0.25193916086338913,0.7333333333333333,0.5333333333333333,0.3333333333333333,0.07142857142857142,1.0,0.0,1.0,0.0,0.0,0.39795918367346933,0.6341463414634146,0
0.2519963144963145,0.2876712328767123,0.5,0.08356303918511589,0.6,0.8,0.3333333333333333,0.2857142857142857,0.0,0.0,0.0,0.0,0.0,0.39795918367346933,0.951219512195122,1
0.9865479115479115,0.4383561643835617,0.5,0.17117971104874755,0.7333333333333333,0.5333333333333333,0.0,0.21428571428571427,0.8,0.0,0.0,0.0,0.0,0.39795918367346933,0.951219512195122,0
0.7597665847665848,0.547945205479452,0.5,0.06967744170737622,0.8,0.8666666666666667,0.3333333333333333,0.7142857142857142,0.0,0.0,0.0,0.0,0.0,0.5510204081632653,0.951219512195122,1
0.2847972972972973,0.2465753424657534,0.5,0.11990437584450679,0.6,0.8,0.3333333333333333,0.7142857142857142,0.0,0.0,0.0,0.0,0.0,0.5,0.951219512195122,1
0.9149262899262899,0.27397260273972607,0.5,0.1222942868031736,0.6,0.8,0.6666666666666666,0.2857142857142857,0.2,0.0,0.0,0.0,0.6483011937557392,0.39795918367346933,0.951219512195122,1
0.20893734643734643,0.2876712328767123,0.75,0.13977964868516787,0.7333333333333333,0.5333333333333333,0.3333333333333333,0.7142857142857142,0.0,0.0,0.0,0.0,0.0,0.5,0.951219512195122,1
0.17619778869778868,0.1780821917808219,0.5,0.112544780514846,0.06666666666666667,0.4,0.3333333333333333,0.5,0.0,1.0,0.0,0.0,0.0,0.39795918367346933,0.951219512195122,0
0.437039312039312,0.6164383561643836,0.25,0.014606936215916572,0.7333333333333333,0.5333333333333333,1.0,0.5714285714285714,0.2,0.0,1.0,0.0,0.0,0.39795918367346933,0.04878048780487805,0
0.8023034398034398,0.3150684931506849,0.5,0.049660811419464365,1.0,0.6,0.3333333333333333,1.0,0.0,0.0,0.0,0.0,0.0,0.5,0.951219512195122,1
0.0875,0.0547945205479452,0.5,0.05044728545196272,1.0,0.6,0.6666666666666666,0.5714285714285714,0.6000000000000001,0.0,1.0,0.0,0.0,0.36734693877551017,0.951219512195122,0
0.18323095823095822,0.3835616438356165,0.75,0.15955860444167275,0.13333333333333333,0.4666666666666667,0.0,0.21428571428571427,0.4,1.0,0.0,0.0,0.0,0.346938775510204,0.951219512195122,0
0.0745085995085995,0.5205479452054793,0.625,0.07750545681322107,0.9333333333333333,0.9333333333333333,0.3333333333333333,0.7142857142857142,0.0,0.0,0.0,0.0,0.5544077134986226,0.346938775510204,0.29268292682926833,1
0.262039312039312,0.0410958904109589,0.0,0.13702248553511417,1.0,0.6,0.6666666666666666,0.0,0.6000000000000001,0.0,1.0,0.0,0.0,0.39795918367346933,0.951219512195122,0
0.8759520884520884,0.30136986301369856,0.5,0.0124616290752867,0.5333333333333333,0.6666666666666666,0.0,0.8571428571428571,0.8,0.0,1.0,0.0,0.0,0.39795918367346933,0.951219512195122,0
0.4097051597051597,0.41095890410958896,0.75,0.16883137580986038,1.0,0.6,0.3333333333333333,0.2857142857142857,0.0,0.0,0.0,0.0,0.0,0.8061224489795917,0.951219512195122,0
0.47939189189189185,0.6301369863013697,0.5,0.11748120431001628,0.7333333333333333,0.5333333333333333,0.3333333333333333,0.8571428571428571,0.0,0.0,0.0,0.0,0.0,0.47959183673469385,0.0,0
0.7272113022113021,0.7123287671232876,0.75,0.1581796764023144,0.9333333333333333,0.9333333333333333,0.3333333333333333,0.7142857142857142,0.0,0.0,0.0,1.0,0.0,0.39795918367346933,0.951219512195122,1
0.806603194103194,0.2876712328767123,0.5,0.014282645601635313,0.06666666666666667,0.4,0.0,0.8571428571428571,0.8,0.0,1.0,0.0,0.0,0.39795918367346933,0.951219512195122,0
0.2578316953316953,0.0547945205479452,0.5,0.1293746318816478,0.7333333333333333,0.5333333333333333,0.6666666666666666,0.8571428571428571,0.2,0.0,1.0,0.0,0.0,0.32653061224489793,0.951219512195122,0
0.8771805896805897,0.46575342465753417,0.5,0.048708034507847414,0.8,0.8666666666666667,0.3333333333333333,0.7142857142857142,0.0,0.0,0.0,0.0,0.0,0.37755102040816324,0.04878048780487805,1
0.9949938574938575,0.32876712328767127,0.5,0.12013650694660984,0.7333333333333333,0.5333333333333333,0.8333333333333333,0.07142857142857142,0.8,0.0,1.0,0.0,0.0,0.39795918367346933,0.951219512195122,0
0.4437346437346437,0.0547945205479452,0.5,0.1344759726986107,0.7333333333333333,0.5333333333333333,0.6666666666666666,0.5714285714285714,0.8,1.0,1.0,0.0,0.0,0.346938775510204,0.951219512195122,0
0.4552518427518427,0.4520547945205479,0.5,0.2677060596611579,0.06666666666666667,0.4,1.0,0.5,0.2,0.0,1.0,0.0,0.0,0.39795918367346933,0.951219512195122,0
0.2326167076167076,0.0410958904109589,0.875,0.07821778747877906,1.0,0.6,0.6666666666666666,0.07142857142857142,0.6000000000000001,0.0,1.0,0.0,0.0,0.24489795918367346,0.951219512195122,0
0.14996928746928748,0.1232876712328767,0.5,0.187103904653016,1.0,0.6,0.6666666666666666,0.8571428571428571,0.2,0.0,0.0,0.0,0.0,0.44897959183673464,0.951219512195122,0
0.9127764127764127,0.1780821917808219,0.5,0.12694660984651632,0.7333333333333333,0.5333333333333333,0.6666666666666666,0.6428571428571428,0.6000000000000001,0.0,1.0,0.0,0.0,0.39795918367346933,0.3170731707317073,0
0.371990171990172,0.4246575342465753,0.125,0.05285590548453036,0.3333333333333333,0.2,0.5,0.42857142857142855,0.8,0.0,0.0,0.0,0.0,0.39795918367346933,0.951219512195122,0
0.5974508599508599,0.1232876712328767,0.875,0.0157156220767072,1.0,0.6,0.3333333333333333,0.2857142857142857,0.0,0.0,0.0,0.0,0.0,0.11224489795918367,0.951219512195122,0
0.8347972972972972,0.2465753424657534,0.25,0.17739458822714202,1.0,0.6,0.3333333333333333,0.21428571428571427,0.0,0.0,0.0,0.0,0.0,0.39795918367346933,0.951219512195122,0
0.3298525798525798,0.5342465753424657,0.25,0.24790215847278524,0.6,0.8,0.3333333333333333,0.7142857142857142,0.0,0.0,0.0,0.0,0.0,0.39795918367346933,0.951219512195122,1
0.2760749385749386,0.35616438356164376,0.5,0.03306378408342861,0.6,0.8,0.0,0.8571428571428571,0.8,0.0,0.0,0.0,0.0,0.43877551020408156,0.951219512195122,1
0.3766277641277641,0.2328767123287671,0.5,0.5803776461213318,0.7333333333333333,0.5333333333333333,0.3333333333333333,0.21428571428571427,0.0,0.0,0.0,0.0,0.0,0.39795918367346933,0.6585365853658537,0
0.4176289926289926,0.2602739726027397,0.5,0.2137865086789315,1.0,0.6,0.3333333333333333,0.21428571428571427,0.0,0.0,0.0,0.0,0.0,0.39795918367346933,0.951219512195122,1
0.9009520884520884,0.2191780821917808,0.5,0.21586529466791396,1.0,0.6,0.3333333333333333,0.5,0.0,0.0,0.0,0.0,0.0,0.5510204081632653,0.951219512195122,0
0.16919533169533169,0.2054794520547945,0.875,0.15101617988428093,0.4666666666666667,0.7333333333333334,0.3333333333333333,0.5714285714285714,0.0,0.0,0.0,0.0,0.0,0.346938775510204,0.951219512195122,0
0.5914619164619165,0.2602739726027397,0.875,0.04494404601046322,0.8,0.8666666666666667,0.6666666666666666,0.7142857142857142,0.2,0.0,0.0,0.0,0.0,0.39795918367346933,0.951219512195122,0
0.5398955773955774,0.27397260273972607,0.625,0.10385545508089941,0.7333333333333333,0.5333333333333333,0.3333333333333333,0.21428571428571427,0.0,0.0,0.0,0.0,0.0,0.39795918367346933,0.951219512195122,0
0.5936117936117936,0.4246575342465753,0.5,0.015632470637147906,0.7333333333333333,0.5333333333333333,0.0,0.21428571428571427,0.4,0.0,0.0,0.0,0.0,0.39795918367346933,0.951219512195122,0
0.902487714987715,0.0958904109589041,0.5,0.007728233378373696,0.7333333333333333,0.5333333333333333,0.3333333333333333,0.21428571428571427,0.0,0.0,0.0,0.0,0.0,0.39795918367346933,0.951219512195122,0
0.6109643734643735,0.1095890410958904,0.625,0.09465613415098915,0.7333333333333333,0.5333333333333333,0.3333333333333333,0.2857142857142857,0.0,0.0,0.0,0.0,0.0,0.6020408163265305,0.951219512195122,1
0.34502457002457004,0.0,0.0,0.19736825693794824,0.06666666666666667,0.4,0.6666666666666666,0.0,0.6000000000000001,0.0,1.0,0.0,0.0,0.39795918367346933,0.951219512195122,0
0.4452395577395577,0.0958904109589041,0.5,0.2853126840591761,0.7333333333333333,0.5333333333333333,0.6666666666666666,0.2857142857142857,0.8,0.0,0.0,0.0,0.0,0.39795918367346933,0.951219512195122,0
0.5581388206388206,0.3835616438356165,0.75,0.07677857464574021,0.7333333333333333,0.5333333333333333,0.3333333333333333,0.21428571428571427,0.0,0.0,0.0,0.0,0.0,0.5,0.951219512195122,0
0.988544226044226,0.0136986301369863,0.5,0.07439975054568132,0.13333333333333333,0.4666666666666667,0.6666666666666666,0.07142857142857142,0.6000000000000001,0.0,1.0,0.0,0.0,0.11224489795918367,0.951219512195122,0
0.23157248157248156,0.4520547945205479,0.75,0.10967466999272425,0.4666666666666667,0.7333333333333334,0.3333333333333333,0.7857142857142857,0.0,0.0,0.0,0.0,0.0,0.19387755102040813,0.951219512195122,0
0.6141277641277642,0.2328767123287671,0.5,0.13180403977410526,0.13333333333333333,0.4666666666666667,0.3333333333333333,0.5714285714285714,0.0,0.0,0.0,0.0,0.0,0.39795918367346933,0.14634146341463417,0
0.3847972972972973,0.6575342465753424,0.5,0.11102449502823684,1.0,0.6,1.0,0.7142857142857142,0.2,0.0,1.0,0.01848018480184802,0.0,0.19387755102040813,0.43902439024390244,0
0.9290540540540541,0.6438356164383561,0.5,0.13269445310605274,0.7333333333333333,0.5333333333333333,1.0,0.07142857142857142,0.8,0.0,1.0,0.0,0.0,0.07142857142857142,0.951219512195122,0
0.3162776412776413,0.46575342465753417,0.25,0.06662509094688701,0.7333333333333333,0.5333333333333333,0.3333333333333333,0.21428571428571427,0.0,0.0,0.0,0.0,0.0,0.39795918367346933,0.951219512195122,0
0.989527027027027,0.1506849315068493,0.5,0.11293143470879673,0.7333333333333333,0.5333333333333333,0.3333333333333333,0.5,0.6000000000000001,0.0,0.0,0.0,0.0,0.39795918367346933,0.951219512195122,0
0.5343673218673218,0.0547945205479452,0.5,0.1432089526383259,0.06666666666666667,0.4,0.6666666666666666,0.21428571428571427,0.6000000000000001,0.0,0.0,0.0,0.0,0.44897959183673464,0.951219512195122,0
0.103992628992629,0.2876712328767123,0.5,0.13273117832519143,0.7333333333333333,0.5333333333333333,0.3333333333333333,0.8571428571428571,0.0,0.0,0.0,0.034640346403464035,0.0,0.39795918367346933,0.0975609756097561,0
0.0043304668304668305,0.136986301369863,0.5,0.15278869140421994,1.0,0.6,0.6666666666666666,0.8571428571428571,0.6000000000000001,0.0,1.0,0.0,0.0,0.39795918367346933,0.951219512195122,0
0.46796683046683046,0.0684931506849315,0.5,0.1234410837404289,1.0,0.6,0.6666666666666666,0.8571428571428571,0.2,0.0,1.0,0.0,0.0,0.19387755102040813,0.951219512195122,0
0.8848587223587223,0.0821917808219178,0.0,0.22954509233274437,0.06666666666666667,0.4,0.6666666666666666,0.0,0.2,1.0,0.0,0.0,0.0,0.39795918367346933,0.951219512195122,0
0.3633906633906634,0.2328767123287671,0.5,0.2264885840002772,0.7333333333333333,0.5333333333333333,0.8333333333333333,0.42857142857142855,0.8,0.0,1.0,0.0,0.0,0.39795918367346933,0.951219512195122,0
0.40918304668304667,0.0136986301369863,0.5,0.12653708900668678,0.7333333333333333,0.5333333333333333,0.6666666666666666,0.42857142857142855,0.6000000000000001,1.0,0.0,0.0,0.0,0.39795918367346933,0.951219512195122,0
0.9753685503685503,0.0,0.0,0.11029761286075598,0.0,0.33333333333333337,0.6666666666666666,0.0,0.6000000000000001,0.0,1.0,0.0,0.0,0.19387755102040813,0.951219512195122,0
0.7702395577395578,0.3150684931506849,0.5,0.12476804213006272,0.6,0.8,0.3333333333333333,0.07142857142857142,0.0,0.0,0.0,0.0,0.0,0.39795918367346933,0.951219512195122,1
0.5027334152334152,0.2191780821917808,0.75,0.10753629213872432,0.06666666666666667,0.4,0.0,0.42857142857142855,0.2,0.0,0.0,0.0,0.0,0.061224489795918366,0.951219512195122,0
0.30036855036855037,0.4383561643835617,0.125,0.0646509371860167,0.5333333333333333,0.6666666666666666,0.3333333333333333,0.21428571428571427,0.0,1.0,0.0,0.0,0.0,0.39795918367346933,0.951219512195122,1
0.6349815724815725,0.2465753424657534,0.75,0.08013373523195787,0.7333333333333333,0.5333333333333333,0.5,0.3571428571428571,0.2,0.0,0.0,0.0,0.0,0.6020408163265305,0.951219512195122,0
0.8187653562653563,0.0410958904109589,0.5,0.10687870283754287,1.0,0.6,0.6666666666666666,0.07142857142857142,0.6000000000000001,1.0,1.0,0.0,0.0,0.19387755102040813,0.951219512195122,0
0.656019656019656,0.32876712328767127,0.5,0.07922738454076153,0.06666666666666667,0.4,0.0,0.42857142857142855,0.8,0.0,1.0,0.0,0.0,0.39795918367346933,0.951219512195122,0
0.47235872235872234,0.2465753424657534,0.5,0.1078924574715033,0.4,0.26666666666666666,0.3333333333333333,0.5,0.0,0.0,0.0,0.0,0.0,0.39795918367346933,0.04878048780487805,0
0.18283169533169533,0.1095890410958904,0.5,0.09683678065343172,0.7333333333333333,0.5333333333333333,0.6666666666666666,0.07142857142857142,0.8,0.0,1.0,0.0,0.0,0.39795918367346933,0.951219512195122,0
0.20046068796068794,0.2602739726027397,0.5,0.04882236773724145,0.4666666666666667,0.7333333333333334,0.6666666666666666,1.0,0.2,0.0,0.0,0.0,0.0,0.5510204081632653,0.4878048780487805,0
0.2781326781326781,0.0684931506849315,0.5,0.15491667532827497,0.4,0.26666666666666666,0.6666666666666666,0.8571428571428571,0.2,0.0,0.0,0.0,0.0,0.39795918367346933,0.951219512195122,0
0.27625921375921375,0.0410958904109589,0.5,0.26229567266049963,0.26666666666666666,0.13333333333333336,0.6666666666666666,0.42857142857142855,0.2,0.0,0.0,0.0,0.0,0.24489795918367346,0.6341463414634146,0
0.17822481572481572,0.136986301369863,0.0,0.1469951148529259,1.0,0.6,0.0,0.0,0.6000000000000001,0.0,0.0,0.0,0.0,0.39795918367346933,0.951219512195122,0
0.6706695331695331,0.3150684931506849,0.75,0.18736305997297578,0.8,0.8666666666666667,0.8333333333333333,0.2857142857142857,0.8,0.0,1.0,0.0,0.0,0.19387755102040813,0.951219512195122,0
0.5227272727272727,0.0684931506849315,0.5,0.25348647056785506,0.7333333333333333,0.5333333333333333,0.6666666666666666,0.42857142857142855,0.6000000000000001,0.0,0.0,0.0,0.0,0.39795918367346933,0.951219512195122,0
0.7883599508599508,0.0684931506849315,0.0,0.2856314312441534,1.0,0.6,0.6666666666666666,0.0,0.6000000000000001,0.0,0.0,0.0,0.0,0.24489795918367346,0.951219512195122,0
0.02542997542997543,0.35616438356164376,0.5,0.1530298305789419,1.0,0.6,0.6666666666666666,0.07142857142857142,0.2,0.0,0.0,0.0,0.0,0.24489795918367346,0.951219512195122,0
0.2243243243243243,0.0821917808219178,0.5,0.26789938675813324,0.6,0.8,0.3333333333333333,0.7142857142857142,1.0,0.0,1.0,0.0,0.0,0.39795918367346933,0.951219512195122,0
0.7361486486486486,0.1643835616438356,0.5,0.0549229116862419,1.0,0.6,0.6666666666666666,0.8571428571428571,0.2,0.0,1.0,0.0,0.0,0.39795918367346933,0.951219512195122,0
0.21332923832923834,0.1232876712328767,0.5,0.028789800090080725,1.0,0.6,0.3333333333333333,0.2857142857142857,0.0,0.0,0.0,0.0,0.0,0.4183673469387755,0.951219512195122,0
0.26922604422604424,0.3424657534246575,0.25,0.11393895298479022,0.8,0.8666666666666667,0.0,0.7142857142857142,0.2,0.0,0.0,0.0,0.0,0.39795918367346933,0.951219512195122,0
0.8218673218673218,0.3150684931506849,0.5,0.06489346221806465,0.7333333333333333,0.5333333333333333,0.5,0.07142857142857142,0.6000000000000001,0.0,1.0,0.0,0.0,0.37755102040816324,0.951219512195122,0
0.2880528255528255,0.1095890410958904,0.5,0.1430080033260576,0.7333333333333333,0.5333333333333333,0.3333333333333333,0.42857142857142855,0.0,0.0,0.0,0.0,0.0,0.39795918367346933,0.951219512195122,0
0.5251535626535626,0.0821917808219178,0.5,0.09673492013997159,1.0,0.6,0.6666666666666666,0.8571428571428571,0.6000000000000001,0.0,0.0,0.0,0.0,0.39795918367346933,0.951219512195122,0
0.05307125307125307,0.4383561643835617,0.5,0.1204261511277414,0.8,0.8666666666666667,0.3333333333333333,0.7142857142857142,1.0,0.0,1.0,0.0,0.0,0.5,0.951219512195122,1
0.8229422604422604,0.7123287671232876,0.625,0.06621972767903544,0.8,0.8666666666666667,0.3333333333333333,0.2857142857142857,0.0,0.0,0.0,0.06514065140651407,0.0,0.39795918367346933,0.951219512195122,1
0.3163083538083538,0.4246575342465753,0.5,0.10317846377715414,0.7333333333333333,0.5333333333333333,0.6666666666666666,0.07142857142857142,0.2,0.0,1.0,0.024630246302463025,0.0,0.39795918367346933,0.951219512195122,0
0.9082923832923833,0.6712328767123288,0.25,0.11571908672002217,0.7333333333333333,0.5333333333333333,0.3333333333333333,0.2857142857142857,0.0,0.0,0.0,0.03432034320343203,0.0,0.19387755102040813,0.951219512195122,0
0.15758599508599508,0.41095890410958896,0.875,0.14666458788067768,1.0,0.6,0.3333333333333333,0.07142857142857142,1.0,0.0,1.0,0.0,0.0,0.2959183673469387,0.951219512195122,0
0.21695331695331696,0.5342465753424657,0.75,0.15315594359560683,0.8,0.8666666666666667,0.3333333333333333,0.21428571428571427,0.0,0.0,0.0,0.0,0.0,0.5,0.951219512195122,1
0.6516584766584766,0.1643835616438356,0.5,0.09097945466514222,0.7333333333333333,0.5333333333333333,0.3333333333333333,0.07142857142857142,1.0,1.0,1.0,0.0,0.0,0.346938775510204,0.975609756097561,0
0.18126535626535625,0.1780821917808219,0.75,0.16032983404358522,0.7333333333333333,0.5333333333333333,0.3333333333333333,0.8571428571428571,0.0,0.0,0.0,0.0,0.0,0.5,0.951219512195122,0
0.5506449631449631,0.0273972602739726,0.5,0.11107438589197242,1.0,0.6,0.6666666666666666,0.8571428571428571,0.6000000000000001,0.0,0.0,0.0,0.0,0.2959183673469387,0.951219512195122,0
0.07914619164619165,0.4246575342465753,0.5,0.13557911513009738,0.7333333333333333,0.5333333333333333,0.0,0.07142857142857142,0.8,0.0,1.0,0.0,0.0,0.520408163265306,0.951219512195122,0
0.9782555282555282,0.32876712328767127,0.5,0.05654297890032221,1.0,0.6,0.0,0.8571428571428571,0.8,0.0,1.0,0.0,0.0,0.47959183673469385,0.951219512195122,0
0.9164619164619164,0.35616438356164376,0.625,0.01485916224924644,0.6,0.8,0.3333333333333333,0.8571428571428571,0.0,0.0,0.0,0.0,0.0,0.44897959183673464,0.951219512195122,1
0.2216216216216216,0.0273972602739726,0.5,0.17624640543256073,0.7333333333333333,0.5333333333333333,0.6666666666666666,0.5714285714285714,0.6000000000000001,1.0,0.0,0.0,0.0,0.2959183673469387,0.951219512195122,0
0.42073095823095824,0.0958904109589041,0.5,0.2225825451269792,0.7333333333333333,0.5333333333333333,0.5,1.0,0.6000000000000001,0.0,0.0,0.0,0.0,0.39795918367346933,0.7073170731707318,0
0.8122542997542997,0.0821917808219178,0.5,0.03988635969926896,0.6,0.8,0.6666666666666666,0.7142857142857142,0.6000000000000001,1.0,1.0,0.0,0.0,0.19387755102040813,0.951219512195122,0
0.9162162162162162,0.32876712328767127,0.5,0.11183660742126597,0.5333333333333333,0.6666666666666666,0.3333333333333333,0.21428571428571427,0.0,0.0,0.0,0.0,0.0,0.42857142857142855,0.951219512195122,1
0.23768427518427518,0.46575342465753417,0.5,0.1254817586529467,0.2,0.06666666666666667,0.3333333333333333,0.21428571428571427,0.0,0.0,0.0,0.0,0.0,0.39795918367346933,0.6341463414634146,0
0.1402948402948403,0.0136986301369863,0.5,0.20071579530887296,0.7333333333333333,0.5333333333333333,0.6666666666666666,0.7857142857142857,0.6000000000000001,0.0,0.0,0.3409534095340953,0.0,0.020408163265306124,0.951219512195122,0
0.9017506142506142,0.3972602739726027,0.5,0.10542355264525517,0.7333333333333333,0.5333333333333333,0.0,0.07142857142857142,0.6000000000000001,0.0,1.0,0.0,0.0,0.44897959183673464,0.951219512195122,0
0.8165847665847665,0.0547945205479452,0.5,0.11442677476353809,1.0,0.6,0.6666666666666666,0.07142857142857142,0.2,1.0,1.0,0.0,0.0,0.39795918367346933,0.951219512195122,0
0.08811425061425061,0.1506849315068493,0.5,0.22386584901084433,0.7333333333333333,0.5333333333333333,0.6666666666666666,0.42857142857142855,0.6000000000000001,1.0,0.0,0.0,0.0,0.39795918367346933,0.951219512195122,0
0.3842137592137592,0.30136986301369856,0.5,0.04720576516647611,0.6,0.8,0.6666666666666666,0.2857142857142857,0.2,0.0,0.0,0.0,0.0,0.39795918367346933,0.951219512195122,0
0.8442567567567567,0.6164383561643836,0.5,0.1140241832103385,0.6,0.8,0.3333333333333333,0.9285714285714285,0.0,0.0,0.0,0.0,0.0,0.37755102040816324,0.951219512195122,0
0.7187653562653562,0.30136986301369856,0.5,0.12046218341821709,0.9333333333333333,0.9333333333333333,0.3333333333333333,0.2857142857142857,0.0,0.0,0.0,0.0,0.0,0.5510204081632653,0.951219512195122,1
0.81504914004914,0.1506849315068493,0.5,0.21940754599314002,0.7333333333333333,0.5333333333333333,0.6666666666666666,0.07142857142857142,0.4,0.0,1.0,0.0,0.0,0.37755102040816324,0.951219512195122,0
0.6407555282555283,0.3424657534246575,0.5,0.1971132591899664,1.0,0.6,0.0,0.5,0.2,0.0,0.0,0.0,0.0,0.44897959183673464,0.951219512195122,0
0.533108108108108,0.3424657534246575,0.5,0.08957696705124207,0.8,0.8666666666666667,0.3333333333333333,0.7142857142857142,0.0,0.0,0.0,0.0,0.0,0.6020408163265305,0.951219512195122,0
0.740571253071253,0.27397260273972607,0.5,0.06480130270588642,0.7333333333333333,0.5333333333333333,0.3333333333333333,0.21428571428571427,0.0,0.0,0.0,0.03103031030310303,0.0,0.44897959183673464,0.951219512195122,1
0.6496314496314496,0.3698630136986301,0.0,0.12451720195405884,1.0,0.6,0.0,0.0,0.8,0.0,1.0,0.0,0.0,0.09183673469387754,0.7560975609756098,0
0.20835380835380835,0.0684931506849315,0.5,0.14499393687419881,0.7333333333333333,0.5333333333333333,0.6666666666666666,0.5714285714285714,0.2,0.0,0.0,0.0,0.0,0.19387755102040813,0.951219512195122,0
0.8987714987714988,0.3424657534246575,0.5,0.1102719745002252,0.6,0.8,0.3333333333333333,0.9285714285714285,0.0,0.0,0.0,0.07298072980729807,0.0,0.44897959183673464,0.951219512195122,1
0.3116707616707617,0.0821917808219178,0.5,0.058413886290406405,0.7333333333333333,0.5333333333333333,0.6666666666666666,0.42857142857142855,0.2,0.0,0.0,0.0,0.0,0.2959183673469387,0.951219512195122,0
0.3770884520884521,0.2328767123287671,0.5,0.19984201226483733,0.7333333333333333,0.5333333333333333,0.3333333333333333,0.21428571428571427,0.0,1.0,0.0,0.0,0.0,0.39795918367346933,0.951219512195122,0
0.3978194103194103,0.1232876712328767,0.5,0.13361327651318297,0.8,0.8666666666666667,0.6666666666666666,0.7142857142857142,0.2,0.0,1.0,0.0,0.0,0.39795918367346933,0.951219512195122,0
0.7361793611793611,0.3424657534246575,0.5,0.028060839136610886,0.6,0.8,0.3333333333333333,0.7142857142857142,0.0,0.0,0.0,0.07688076880768807,0.0,0.39795918367346933,0.951219512195122,1
0.6781326781326781,0.3698630136986301,0.5,0.06489346221806465,0.4666666666666667,0.7333333333333334,0.0,0.07142857142857142,0.8,0.0,1.0,0.0,0.0,0.39795918367346933,0.951219512195122,0
0.1769041769041769,0.0547945205479452,0.5,0.07297993971520632,1.0,0.6,0.6666666666666666,0.7142857142857142,0.2,0.0,1.0,0.0,0.0,0.39795918367346933,0.951219512195122,0
0.4812039312039312,0.6164383561643836,0.125,0.17034888958181757,0.8,0.8666666666666667,0.3333333333333333,0.07142857142857142,0.0,0.0,0.0,0.0,0.0,0.39795918367346933,0.5365853658536586,1
0.2838144963144963,0.2876712328767123,0.5,0.15307417801337353,0.7333333333333333,0.5333333333333333,0.3333333333333333,0.8571428571428571,0.0,1.0,0.0,0.0,0.0,0.39795918367346933,0.951219512195122,1
0.7541461916461917,0.2328767123287671,0.5,0.08647957592765824,0.7333333333333333,0.5333333333333333,0.3333333333333333,0.21428571428571427,0.4,1.0,0.0,0.0,0.0,0.39795918367346933,0.951219512195122,0
0.31446560196560197,0.0958904109589041,0.5,0.12845580847451757,0.6,0.8,0.6666666666666666,0.2857142857142857,0.2,0.0,1.0,0.0,0.0,0.39795918367346933,0.951219512195122,0
0.9033783783783783,0.2191780821917808,0.125,0.05675640092852441,0.7333333333333333,0.5333333333333333,0.0,0.07142857142857142,0.8,0.0,1.0,0.0,0.0,0.39795918367346933,0.951219512195122,0
0.9497542997542997,0.30136986301369856,0.5,0.1663319821224405,0.3333333333333333,0.2,0.6666666666666666,0.5714285714285714,0.6000000000000001,0.0,0.0,0.0,0.0,0.39795918367346933,0.6341463414634146,0
0.6846437346437346,0.0684931506849315,0.5,0.10420399819838547,0.7333333333333333,0.5333333333333333,0.6666666666666666,0.42857142857142855,0.6000000000000001,0.0,0.0,0.0,0.0,0.5,0.7804878048780488,0
0.20386977886977886,0.1917808219178082,0.75,0.07092402037210269,0.5333333333333333,0.6666666666666666,0.3333333333333333,0.21428571428571427,0.0,0.0,0.0,0.0,0.0,0.5,0.951219512195122,0
0.46947174447174445,0.726027397260274,0.0,0.15142639365277347,0.5333333333333333,0.6666666666666666,0.6666666666666666,0.0,0.2,0.0,0.0,0.0,0.0,0.2959183673469387,0.951219512195122,0
0.889588452088452,0.0958904109589041,0.5,0.09500814191179018,1.0,0.6,0.6666666666666666,0.5714285714285714,0.4,1.0,1.0,0.0,0.0,0.2959183673469387,0.34146341463414637,0
0.39837223587223586,0.0,0.5,0.14263174306205179,0.06666666666666667,0.4,0.6666666666666666,0.8571428571428571,0.6000000000000001,0.0,1.0,0.0,0.0,0.19387755102040813,0.951219512195122,0
0.86504914004914,0.2602739726027397,0.5,0.10574992204552541,0.7333333333333333,0.5333333333333333,0.3333333333333333,0.2857142857142857,0.0,0.0,0.0,0.0,0.0,0.39795918367346933,0.951219512195122,0
0.3526105651105651,0.1780821917808219,0.875,0.02346187160031875,0.7333333333333333,0.5333333333333333,0.16666666666666666,0.07142857142857142,0.6000000000000001,0.0,1.0,0.0,0.0,0.37755102040816324,0.951219512195122,0
0.375,0.2191780821917808,0.5,0.15257596230468073,0.7333333333333333,0.5333333333333333,0.3333333333333333,0.21428571428571427,0.0,0.0,0.0,0.0,0.0,0.39795918367346933,0.951219512195122,1
0.12917690417690417,0.4246575342465753,0.5,0.06610331566365242,0.7333333333333333,0.5333333333333333,1.0,0.5,0.2,0.0,1.0,0.0,0.0,0.09183673469387754,0.951219512195122,0
0.2627764127764128,0.30136986301369856,0.5,0.08504659945258636,0.7333333333333333,0.5333333333333333,0.6666666666666666,1.0,0.6000000000000001,0.0,0.0,0.0,0.0,0.39795918367346933,0.951219512195122,0
0.05687960687960688,0.0821917808219178,0.5,0.10014343623323979,0.4,0.26666666666666666,0.6666666666666666,0.42857142857142855,0.6000000000000001,1.0,0.0,0.0,0.0,0.3571428571428571,0.951219512195122,0
0.998495085995086,0.1095890410958904,0.25,0.34814884107681116,0.6,0.8,0.6666666666666666,0.07142857142857142,0.6000000000000001,1.0,1.0,0.0,0.0,0.39795918367346933,0.951219512195122,0
0.6523648648648649,0.3150684931506849,0.75,0.09896476457748675,0.4,0.26666666666666666,0.3333333333333333,0.21428571428571427,0.0,0.0,0.0,0.0,0.0,0.39795918367346933,0.951219512195122,1
0.05608108108108108,0.0684931506849315,0.75,0.13209645566988878,0.7333333333333333,0.5333333333333333,0.6666666666666666,0.7142857142857142,0.8,0.0,1.0,1.0,0.0,0.39795918367346933,0.14634146341463417,1
0.5017506142506143,0.30136986301369856,0.5,0.0773724145099262,0.7333333333333333,0.5333333333333333,0.3333333333333333,0.07142857142857142,1.0,0.0,1.0,0.0,0.0,0.39795918367346933,0.951219512195122,1
0.11593980343980344,0.0410958904109589,0.0,0.012143574818972385,1.0,0.6,0.6666666666666666,0.0,0.6000000000000001,0.0,1.0,0.0,0.0,0.39795918367346933,0.951219512195122,0
0.43074324324324326,0.0821917808219178,0.5,0.14910854727505804,0.7333333333333333,0.5333333333333333,0.6666666666666666,0.42857142857142855,0.6000000000000001,0.0,0.0,0.0,0.0,0.2346938775510204,0.951219512195122,0
0.40288697788697786,0.4246575342465753,0.5,0.057773620205799806,1.0,0.6,0.6666666666666666,0.07142857142857142,0.2,0.0,1.0,0.0,0.0,0.42857142857142855,0.951219512195122,0
0.2382063882063882,0.1917808219178082,0.5,0.07510445899594637,0.06666666666666667,0.4,0.0,0.42857142857142855,0.4,1.0,0.0,0.0,0.3950872359963269,0.39795918367346933,0.951219512195122,0
0.31796683046683044,0.2191780821917808,0.5,0.07908325537885874,0.6,0.8,0.3333333333333333,0.5714285714285714,1.0,0.0,1.0,0.0,0.0,0.39795918367346933,0.0,0
0.45835380835380835,0.35616438356164376,0.125,0.005286352769982331,1.0,0.6,1.0,0.2857142857142857,0.8,1.0,1.0,0.0,0.0,0.14285714285714282,0.951219512195122,0
0.1510135135135135,0.1095890410958904,0.5,0.16662647680421303,1.0,0.6,0.6666666666666666,0.7142857142857142,0.2,0.0,1.0,0.0,0.0,0.07142857142857142,0.951219512195122,0
0.4326167076167076,0.0684931506849315,0.5,0.0893961126702006,1.0,0.6,0.6666666666666666,0.9285714285714285,0.6000000000000001,0.0,0.0,0.0,0.0,0.39795918367346933,0.951219512195122,0
0.8423832923832923,0.5205479452054793,0.75,0.3226151127741399,0.6,0.8,0.3333333333333333,0.2857142857142857,0.0,0.0,0.0,0.0,0.0,0.39795918367346933,0.951219512195122,1
0.04035626535626535,0.2054794520547945,0.5,0.3444305858711846,1.0,0.6,0.3333333333333333,0.42857142857142855,0.0,0.0,0.0,0.0,0.0,0.5,0.04878048780487805,1
0.6886670761670761,0.0,0.5,0.3837189481342896,0.0,0.33333333333333337,0.6666666666666666,0.5714285714285714,0.6000000000000001,0.0,0.0,0.0,0.0,0.07142857142857142,0.951219512195122,0
0.4593058968058968,0.6301369863013697,0.5,0.1778609292173371,0.13333333333333333,0.4666666666666667,1.0,0.8571428571428571,0.8,0.0,1.0,0.0,0.0,0.39795918367346933,0.951219512195122,0
0.09192260442260441,0.1643835616438356,0.5,0.061060873783044034,0.0,0.33333333333333337,0.3333333333333333,0.3571428571428571,1.0,1.0,1.0,0.0,0.0,0.39795918367346933,0.951219512195122,0
0.5347972972972973,0.1506849315068493,0.5,0.007024217856771644,0.7333333333333333,0.5333333333333333,0.6666666666666666,1.0,0.8,0.0,0.0,0.0,0.0,0.5510204081632653,0.951219512195122,0
0.0648955773955774,0.547945205479452,0.5,0.0634196029518761,0.7333333333333333,0.5333333333333333,0.6666666666666666,0.8571428571428571,0.8,0.0,1.0,0.0,0.0,0.39795918367346933,0.951219512195122,0
0.3823710073710074,0.32876712328767127,0.75,0.03162457125038977,1.0,0.6,0.3333333333333333,0.3571428571428571,0.0,0.0,0.0,0.07688076880768807,0.0,0.5,0.951219512195122,1
0.8279176904176904,0.3150684931506849,0.5,0.17636281744794374,0.4666666666666667,0.7333333333333334,0.0,0.2857142857142857,0.2,0.0,1.0,0.0,0.0,0.39795918367346933,0.951219512195122,1
0.4468980343980344,0.0684931506849315,0.5,0.13794546651422238,0.6,0.8,0.6666666666666666,0.2857142857142857,0.2,0.0,1.0,0.0,0.0,0.2959183673469387,0.951219512195122,0
0.5730036855036855,0.3835616438356165,0.5,0.047984616983681526,0.7333333333333333,0.5333333333333333,0.3333333333333333,0.5714285714285714,0.0,1.0,0.0,0.0,0.0,0.846938775510204,0.5853658536585367,1
0.164527027027027,0.2602739726027397,0.5,0.14960676298375084,0.7333333333333333,0.5333333333333333,0.3333333333333333,0.42857142857142855,0.0,1.0,0.0,0.0,0.0,0.19387755102040813,0.951219512195122,0
0.042905405405405404,0.5068493150684932,0.75,0.07100647888299899,0.8,0.8666666666666667,0.3333333333333333,0.8571428571428571,0.0,0.0,0.0,0.0,0.0,0.5,0.951219512195122,0
0.7193488943488944,0.46575342465753417,0.625,0.10439524650937186,0.9333333333333333,0.9333333333333333,0.3333333333333333,0.7142857142857142,0.0,0.0,0.0,0.0,0.0,0.39795918367346933,0.951219512195122,1
0.9713759213759213,0.4931506849315069,0.125,0.09930291376502788,0.6,0.8,0.3333333333333333,0.7142857142857142,0.0,0.0,0.0,0.0,0.0,0.39795918367346933,0.951219512195122,1
0.49115479115479116,0.1506849315068493,0.5,0.15290163877628798,0.7333333333333333,0.5333333333333333,0.8333333333333333,0.42857142857142855,0.2,1.0,0.0,0.0,0.0,0.2959183673469387,0.951219512195122,0
0.2077088452088452,0.3698630136986301,0.5,0.06368776634445483,0.8,0.8666666666666667,0.3333333333333333,0.7142857142857142,0.0,0.0,0.0,0.0,0.0,0.44897959183673464,0.951219512195122,1
0.18952702702702703,0.41095890410958896,0.5,0.10987423344766656,0.7333333333333333,0.5333333333333333,0.3333333333333333,0.42857142857142855,0.0,0.0,0.0,0.04064040640406404,0.0,0.6020408163265305,0.951219512195122,0
0.06643120393120393,0.6027397260273972,0.0,0.0701652634861241,0.6,0.8,0.3333333333333333,0.0,0.0,0.0,0.0,0.0,0.0,0.5510204081632653,0.951219512195122,0
0.5836609336609336,0.0547945205479452,0.5,0.17652704154107335,0.0,0.33333333333333337,0.6666666666666666,0.7142857142857142,0.8,1.0,1.0,0.0,0.0,0.39795918367346933,0.951219512195122,0
0.09708230958230958,0.0547945205479452,0.5,0.1825458199078405,0.7333333333333333,0.5333333333333333,0.6666666666666666,0.21428571428571427,0.6000000000000001,1.0,0.0,0.0,0.0,0.39795918367346933,0.951219512195122,0
0.6422604422604422,0.3424657534246575,0.5,0.09208329002529189,1.0,0.6,0.3333333333333333,0.5,0.0,0.0,0.0,0.0,0.0,0.39795918367346933,0.951219512195122,0
0.25055282555282554,0.1917808219178082,0.25,0.03210962131448567,0.7333333333333333,0.5333333333333333,0.6666666666666666,1.0,0.6000000000000001,0.0,0.0,0.0,0.0,0.39795918367346933,0.951219512195122,0
0.6352272727272728,0.32876712328767127,0.5,0.2137400824585109,0.6,0.8,0.3333333333333333,0.7142857142857142,0.0,0.0,0.0,0.0,0.0,0.39795918367346933,0.951219512195122,1
0.6869164619164619,0.2876712328767123,0.75,0.27100855766898796,0.6,0.8,0.3333333333333333,0.2857142857142857,0.0,0.0,0.0,0.0,0.0,0.6020408163265305,0.951219512195122,0
0.2391891891891892,0.3150684931506849,0.5,0.12900045040363095,0.06666666666666667,0.4,0.3333333333333333,0.3571428571428571,0.0,0.0,0.0,0.0,0.0,0.39795918367346933,0.951219512195122,0
0.8820024570024569,0.3424657534246575,0.5,0.07879846169836816,0.7333333333333333,0.5333333333333333,0.3333333333333333,0.9285714285714285,0.0,0.0,0.0,0.0,0.0,0.39795918367346933,0.951219512195122,1
0.34001842751842754,0.5616438356164384,0.5,0.28945016110591415,0.0,0.33333333333333337,0.3333333333333333,1.0,0.0,0.0,0.0,0.0,0.0,0.5,0.951219512195122,1
0.9875921375921376,0.2876712328767123,0.5,0.0328274954093476,0.6,0.8,0.3333333333333333,0.8571428571428571,0.0,0.0,0.0,0.07298072980729807,0.0,0.39795918367346933,0.951219512195122,1
0.6022113022113021,0.2191780821917808,0.5,0.13908256245019576,0.6,0.8,0.6666666666666666,0.7142857142857142,0.2,0.0,0.0,0.0,0.3232323232323232,0.3571428571428571,0.951219512195122,0
0.35777027027027025,0.1095890410958904,0.5,0.03331115961611752,1.0,0.6,0.6666666666666666,0.8571428571428571,0.6000000000000001,0.0,0.0,0.0,0.0,0.39795918367346933,0.951219512195122,0
0.6463759213759214,0.136986301369863,0.5,0.033262654609707926,0.8,0.8666666666666667,0.6666666666666666,0.8571428571428571,0.6000000000000001,0.0,1.0,0.0,0.0,0.39795918367346933,0.951219512195122,0
0.8141891891891891,0.2328767123287671,0.5,0.10852718012680594,0.4666666666666667,0.7333333333333334,0.0,0.07142857142857142,0.6000000000000001,0.0,1.0,0.0,0.0,0.346938775510204,0.951219512195122,0
0.8734029484029484,0.41095890410958896,0.125,0.1028035893704743,0.5333333333333333,0.6666666666666666,0.3333333333333333,0.07142857142857142,1.0,0.0,1.0,0.0,0.0,0.346938775510204,0.951219512195122,0
0.30568181818181817,0.6849315068493149,0.75,0.23706475418355683,0.7333333333333333,0.5333333333333333,1.0,0.5714285714285714,0.2,0.0,1.0,0.0,0.0,0.19387755102040813,0.951219512195122,0
0.43627149877149873,0.1095890410958904,0.5,0.051683470186744275,0.7333333333333333,0.5333333333333333,0.3333333333333333,0.8571428571428571,0.0,0.0,0.0,0.0,0.0,0.39795918367346933,0.951219512195122,0
0.24124692874692874,0.4931506849315069,0.875,0.09784222014343623,1.0,0.6,0.3333333333333333,0.3571428571428571,0.0,0.0,0.0,0.0,0.0,0.5,0.951219512195122,0
0.6642813267813268,0.1095890410958904,0.5,0.05608426012542009,1.0,0.6,0.0,0.7142857142857142,0.8,0.0,1.0,0.0,0.0,0.346938775510204,0.951219512195122,0
0.2311117936117936,0.3972602739726027,0.5,0.11115268683089076,0.06666666666666667,0.4,1.0,0.5714285714285714,0.2,0.0,1.0,0.0,0.0,0.26530612244897955,0.1951219512195122,0
0.6503071253071253,0.4931506849315069,0.25,0.05149499359040986,0.7333333333333333,0.5333333333333333,0.3333333333333333,0.5714285714285714,0.0,1.0,0.0,0.0,0.0,0.39795918367346933,0.951219512195122,0
0.762039312039312,0.27397260273972607,0.5,0.18585386134497456,1.0,0.6,0.6666666666666666,0.9285714285714285,0.6000000000000001,1.0,1.0,0.0,0.0,0.39795918367346933,0.951219512195122,0
0.504453316953317,0.5753424657534245,0.5,0.0699289748120431,0.7333333333333333,0.5333333333333333,0.0,0.07142857142857142,0.2,0.0,1.0,0.0,0.0,0.39795918367346933,0.951219512195122,0
0.4697481572481572,0.2191780821917808,0.5,0.13419602951876106,0.7333333333333333,0.5333333333333333,0.6666666666666666,0.5714285714285714,0.6000000000000001,0.0,0.0,0.0,0.0,0.39795918367346933,0.951219512195122,0
0.9658476658476658,0.1506849315068493,0.5,0.1352790770190209,0.6,0.8,0.3333333333333333,0.8571428571428571,0.0,0.0,0.0,0.07298072980729807,0.0,0.4183673469387755,0.951219512195122,1
0.6408783783783784,0.1095890410958904,0.25,0.22311055676818073,1.0,0.6,0.3333333333333333,0.2857142857142857,0.0,0.0,0.0,0.0,0.0,0.39795918367346933,0.951219512195122,1
0.6512592137592137,0.32876712328767127,0.25,0.2662107196064165,0.4666666666666667,0.7333333333333334,0.3333333333333333,0.2857142857142857,0.0,1.0,0.0,0.0,0.0,0.5,0.951219512195122,1
0.30654176904176905,0.1643835616438356,0.5,0.15753525274572983,0.7333333333333333,0.5333333333333333,0.6666666666666666,0.07142857142857142,0.2,0.0,1.0,0.0,0.0,0.39795918367346933,0.951219512195122,0
0.22834766584766583,0.136986301369863,0.5,0.06578179676402314,0.7333333333333333,0.5333333333333333,0.6666666666666666,0.5714285714285714,0.6000000000000001,1.0,0.0,0.0,0.0,0.39795918367346933,0.951219512195122,0
0.9766584766584766,0.1643835616438356,0.5,0.277872709004608,1.0,0.6,0.3333333333333333,0.2857142857142857,0.0,0.0,0.0,0.03411034110341103,0.0,0.7040816326530611,0.6341463414634146,0
0.15147420147420146,0.2054794520547945,0.5,0.13920521082354573,1.0,0.6,0.0,0.21428571428571427,0.6000000000000001,0.0,0.0,0.0,0.0,0.39795918367346933,0.951219512195122,1
0.7617628992628992,0.0136986301369863,0.5,0.0685798427051935,0.7333333333333333,0.5333333333333333,0.6666666666666666,0.07142857142857142,0.6000000000000001,0.0,1.0,0.0,0.0,0.19387755102040813,0.951219512195122,0
0.8936117936117935,0.2328767123287671,0.5,0.1703807643003153,0.7333333333333333,0.5333333333333333,0.0,0.2857142857142857,0.8,0.0,1.0,0.0,0.0,0.37755102040816324,0.951219512195122,0
0.061087223587223585,0.1780821917808219,0.5,0.11759484461074733,1.0,0.6,0.6666666666666666,0.8571428571428571,0.2,1.0,1.0,0.0,0.0,0.346938775510204,0.951219512195122,0
0.2226965601965602,0.0136986301369863,0.5,0.15520008315143957,0.06666666666666667,0.4,0.6666666666666666,0.42857142857142855,0.6000000000000001,0.0,0.0,0.0,0.0,0.11224489795918367,0.951219512195122,0
0.689004914004914,0.3835616438356165,0.5,0.10808093406783771,0.8,0.8666666666666667,0.0,0.7142857142857142,0.2,0.0,0.0,0.0,0.0,0.39795918367346933,0.951219512195122,0
0.9775184275184275,0.41095890410958896,0.5,0.09935141877143748,0.8,0.8666666666666667,0.3333333333333333,0.2857142857142857,0.0,0.0,0.0,1.0,0.0,0.5510204081632653,0.951219512195122,1
0.037592137592137594,0.2876712328767123,0.5,0.006901569483421681,0.8,0.8666666666666667,0.3333333333333333,1.0,0.0,0.0,0.0,0.0,0.0,0.7244897959183673,0.0,1
0.6410933660933661,0.27397260273972607,0.5,0.24080033260575825,1.0,0.6,0.0,0.8571428571428571,0.2,1.0,0.0,0.0,0.0,0.39795918367346933,0.951219512195122,0
0.7930282555282555,0.0821917808219178,0.5,0.13703911582302603,1.0,0.6,0.6666666666666666,0.5714285714285714,0.2,0.0,1.0,0.0,0.0,0.2755102040816326,0.951219512195122,0
0.7678746928746929,0.3972602739726027,0.5,0.05963690538059106,0.0,0.33333333333333337,0.5,0.5714285714285714,0.2,1.0,0.0,0.0,0.0,0.36734693877551017,0.07317073170731708,0
0.3653255528255528,0.2054794520547945,0.5,0.12653986072133874,0.7333333333333333,0.5333333333333333,0.3333333333333333,0.07142857142857142,0.0,0.0,0.0,0.0,0.0,0.39795918367346933,0.951219512195122,0
0.13906633906633906,0.1506849315068493,0.75,0.014378269757128503,0.13333333333333333,0.4666666666666667,0.0,0.5714285714285714,0.8,0.0,1.0,0.0,0.0,0.2959183673469387,0.951219512195122,0
0.8502764127764127,0.136986301369863,0.5,0.10310917091085472,0.7333333333333333,0.5333333333333333,0.3333333333333333,0.7142857142857142,1.0,1.0,1.0,0.0,0.0,0.39795918367346933,0.951219512195122,0
0.6521805896805897,0.2054794520547945,0.5,0.15903890794442713,0.7333333333333333,0.5333333333333333,0.3333333333333333,0.5714285714285714,1.0,1.0,1.0,0.0,0.0,0.39795918367346933,0.951219512195122,0
0.7347051597051597,0.0958904109589041,0.5,0.13469563108477983,0.5333333333333333,0.6666666666666666,0.3333333333333333,0.21428571428571427,0.0,0.0,0.0,0.0,0.0,0.39795918367346933,0.951219512195122,0
0.7852886977886978,0.5753424657534245,0.75,0.09131829678134636,0.26666666666666666,0.13333333333333336,0.3333333333333333,0.5714285714285714,0.0,0.0,0.0,0.025800258002580026,0.0,0.14285714285714282,0.1951219512195122,0
0.14364250614250615,0.6027397260273972,0.5,0.026944531060527313,0.7333333333333333,0.5333333333333333,0.3333333333333333,0.21428571428571427,0.0,0.0,0.0,0.0,0.0,0.5510204081632653,0.951219512195122,0
0.9311425061425062,0.30136986301369856,0.5,0.03191490836018432,1.0,0.6,0.3333333333333333,0.5,0.0,0.0,0.0,0.0,0.0,0.39795918367346933,0.951219512195122,1
0.4550061425061425,0.2602739726027397,0.75,0.12039635519523266,0.9333333333333333,0.9333333333333333,0.3333333333333333,0.8571428571428571,0.0,0.0,0.0,0.0,0.0,0.2959183673469387,0.951219512195122,1
0.6235257985257985,0.0410958904109589,0.0,0.09548487683193015,1.0,0.6,0.6666666666666666,0.0,0.6000000000000001,0.0,0.0,0.0,0.0,0.24489795918367346,0.951219512195122,0
0.40675675675675677,0.2191780821917808,0.5,0.10395800852302255,0.7333333333333333,0.5333333333333333,0.0,0.8571428571428571,0.2,1.0,0.0,0.0,0.0,0.44897959183673464,0.5853658536585367,0
0.14023341523341523,0.1917808219178082,0.5,0.2546602917229671,1.0,0.6,0.3333333333333333,0.8571428571428571,0.0,0.0,0.0,0.0,0.0,0.39795918367346933,0.951219512195122,1
0.8383292383292383,0.0821917808219178,0.75,0.06860755985171327,0.06666666666666667,0.4,0.6666666666666666,0.21428571428571427,0.6000000000000001,0.0,0.0,0.0,0.0,0.5,0.6341463414634146,0
0.26225429975429976,0.0684931506849315,0.5,0.026903648269410663,1.0,0.6,0.6666666666666666,0.8571428571428571,0.2,0.0,1.0,0.0,0.0,0.39795918367346933,0.951219512195122,0
0.21096437346437347,0.3972602739726027,0.5,0.2410082112046565,0.6,0.8,0.3333333333333333,0.2857142857142857,0.0,0.0,0.0,0.15024150241502415,0.0,0.6020408163265305,0.951219512195122,1
0.4400184275184275,0.7945205479452053,0.5,0.12414579219069395,0.2,0.06666666666666667,0.3333333333333333,0.5714285714285714,0.4,1.0,1.0,0.0,0.0,0.1530612244897959,0.951219512195122,0
0.08522727272727272,0.4383561643835617,0.875,0.08428229913730381,0.6666666666666666,1.0,0.3333333333333333,0.7142857142857142,0.0,1.0,0.0,0.0,0.43663911845730025,0.6020408163265305,0.0,1
0.8203009828009827,0.1232876712328767,0.5,0.14380348543117488,1.0,0.6,0.5,0.07142857142857142,0.8,0.0,1.0,0.0,0.0,0.39795918367346933,0.951219512195122,0
0.1304054054054054,0.30136986301369856,0.25,0.0699636212451928,0.6,0.8,0.3333333333333333,0.7142857142857142,1.0,0.0,1.0,0.0,0.0,0.5,0.951219512195122,1
0.6265663390663391,0.3424657534246575,0.75,0.22958389633787202,1.0,0.6,0.8333333333333333,0.5714285714285714,0.8,1.0,1.0,0.0,0.0,0.5,0.951219512195122,0
0.943519656019656,0.0821917808219178,0.5,0.2522939403388421,0.7333333333333333,0.5333333333333333,0.6666666666666666,0.5714285714285714,0.8,0.0,0.0,0.0,0.0,0.346938775510204,0.6341463414634146,0
0.9317874692874692,0.4520547945205479,0.5,0.11330700204413956,0.6,0.8,0.3333333333333333,0.8571428571428571,0.0,0.0,0.0,0.0,0.0,0.39795918367346933,0.951219512195122,1
0.4789312039312039,0.2328767123287671,0.5,0.13202854866091537,0.8,0.8666666666666667,0.6666666666666666,0.9285714285714285,0.8,1.0,1.0,0.0,0.0,0.39795918367346933,0.0,0
0.37929975429975427,0.2054794520547945,0.5,0.07309981637390431,0.7333333333333333,0.5333333333333333,0.6666666666666666,1.0,0.6000000000000001,0.0,1.0,0.0,0.0,0.346938775510204,0.951219512195122,0
0.39342751842751844,0.41095890410958896,0.5,0.06787790596958043,0.06666666666666667,0.4,0.3333333333333333,0.5714285714285714,0.0,0.0,0.0,0.0,0.0,0.39795918367346933,0.951219512195122,0
0.9993550368550368,0.7397260273972601,0.0,0.19061566711707031,0.6666666666666666,1.0,0.3333333333333333,0.0,0.0,0.0,0.0,0.0,0.0,0.09183673469387754,0.951219512195122,1
0.1767199017199017,0.4246575342465753,0.5,0.23769878391019644,0.6,0.8,0.3333333333333333,0.7142857142857142,0.0,0.0,0.0,0.0,0.0,0.44897959183673464,0.04878048780487805,1
0.7878378378378378,0.3424657534246575,0.5,0.09195856286595294,0.8666666666666667,0.0,0.6666666666666666,0.42857142857142855,0.2,0.0,0.0,0.0,0.0,0.24489795918367346,0.951219512195122,0
0.7191646191646192,0.3835616438356165,0.75,0.0992301562554135,0.3333333333333333,0.2,0.3333333333333333,0.2857142857142857,0.0,0.0,0.0,0.0,0.0,0.6530612244897959,0.951219512195122,1
0.4713759213759214,0.136986301369863,0.5,0.14473963205487997,0.4,0.26666666666666666,0.6666666666666666,0.3571428571428571,0.6000000000000001,0.0,0.0,0.0,0.0,0.39795918367346933,0.951219512195122,0
0.20936732186732185,0.5342465753424657,0.5,0.1345071544884454,0.7333333333333333,0.5333333333333333,0.3333333333333333,0.21428571428571427,0.0,0.0,0.0,0.0,0.0,0.39795918367346933,0.951219512195122,0
0.7457923832923833,0.0273972602739726,0.5,0.06514984582337248,1.0,0.6,0.0,0.5714285714285714,0.6000000000000001,0.0,1.0,0.0,0.0,0.39795918367346933,0.951219512195122,0
0.015755528255528256,0.2328767123287671,0.5,0.22541107992932127,1.0,0.6,0.3333333333333333,0.7142857142857142,0.0,0.0,0.0,0.0,0.0,0.5,0.951219512195122,1
0.14917076167076165,0.547945205479452,0.625,0.061707376225617575,0.6,0.8,0.3333333333333333,0.2857142857142857,0.0,0.0,0.0,0.0,0.0,0.19387755102040813,0.951219512195122,0
0.355497542997543,0.30136986301369856,0.5,0.018318262134913207,0.7333333333333333,0.5333333333333333,0.0,0.6428571428571428,0.8,0.0,1.0,0.0,0.0,0.21428571428571425,0.951219512195122,0
0.6872542997542997,0.27397260273972607,0.5,0.10238020995738488,0.7333333333333333,0.5333333333333333,0.3333333333333333,0.21428571428571427,0.0,0.0,0.0,0.0,0.0,0.39795918367346933,0.951219512195122,0
0.5044226044226044,0.27397260273972607,0.5,0.10754044971070228,0.7333333333333333,0.5333333333333333,0.6666666666666666,0.5,0.6000000000000001,0.0,0.0,0.0,0.0,0.39795918367346933,0.951219512195122,0
0.017905405405405406,0.136986301369863,0.5,0.11736409936597027,0.7333333333333333,0.5333333333333333,0.3333333333333333,0.5,0.0,0.0,0.0,0.0,0.0,0.39795918367346933,0.951219512195122,0
0.3911240786240786,0.2054794520547945,0.5,0.2570654471122198,0.6,0.8,0.6666666666666666,0.2857142857142857,0.8,0.0,1.0,0.0,0.0,0.39795918367346933,0.951219512195122,0
0.8856572481572481,0.5342465753424657,0.5,0.11283788933929252,0.0,0.33333333333333337,0.3333333333333333,0.42857142857142855,0.0,0.0,0.0,0.0,0.0,0.39795918367346933,0.951219512195122,0
0.25687960687960687,0.35616438356164376,0.0,0.0899040293801753,0.7333333333333333,0.5333333333333333,0.0,0.0,0.8,0.0,1.0,0.0,0.0,0.39795918367346933,0.951219512195122,0
0.0753071253071253,0.0410958904109589,0.5,0.11025395835498734,0.0,0.33333333333333337,0.6666666666666666,0.8571428571428571,0.2,1.0,0.0,0.0,0.0,0.39795918367346933,0.951219512195122,0
0.13725429975429976,0.0136986301369863,0.5,0.10730831860859924,0.13333333333333333,0.4666666666666667,0.6666666666666666,0.8571428571428571,0.6000000000000001,0.0,0.0,0.0,0.0,0.2346938775510204,0.951219512195122,0
0.24957002457002456,0.136986301369863,0.5,0.1417544953747012,0.6666666666666666,1.0,0.6666666666666666,0.7142857142857142,0.2,0.0,0.0,0.0,0.0,0.520408163265306,0.951219512195122,0
0.9808660933660933,0.0684931506849315,0.5,0.15775837577521395,1.0,0.6,0.6666666666666666,0.07142857142857142,0.4,0.0,0.0,0.0,0.0,0.39795918367346933,0.951219512195122,0
0.07444717444717444,0.6027397260273972,0.5,0.04903163219346568,0.4,0.26666666666666666,0.3333333333333333,0.5,0.0,0.0,0.0,0.0,0.0,0.39795918367346933,0.951219512195122,0
0.16292997542997542,0.3424657534246575,0.125,0.04323528392751966,0.8,0.8666666666666667,0.0,0.07142857142857142,0.2,0.0,0.0,0.0,0.459366391184573,0.6020408163265305,0.951219512195122,0
0.6302211302211302,0.1095890410958904,0.5,0.10528635276998233,0.7333333333333333,0.5333333333333333,0.0,0.5714285714285714,0.2,0.0,0.0,0.025970259702597025,0.0,0.39795918367346933,0.951219512195122,0
0.39097051597051596,0.3698630136986301,0.625,0.20723556109898486,0.9333333333333333,0.9333333333333333,0.3333333333333333,0.7142857142857142,0.0,0.0,0.0,0.0,0.0,0.5,0.951219512195122,1
0.9559889434889435,0.0273972602739726,0.5,0.10661954751758305,1.0,0.6,0.6666666666666666,0.5714285714285714,0.6000000000000001,0.0,1.0,0.0,0.0,0.2959183673469387,0.951219512195122,0
0.2824017199017199,0.0958904109589041,0.5,0.1563545023039878,0.6,0.8,0.6666666666666666,0.7142857142857142,0.2,0.0,0.0,0.0,0.0,0.38775510204081626,0.951219512195122,0
0.8837223587223587,0.46575342465753417,0.5,0.07675432214253543,0.8,0.8666666666666667,0.3333333333333333,0.7142857142857142,0.0,1.0,0.0,0.05013050130501305,0.0,0.39795918367346933,0.4634146341463415,0
0.17377149877149878,0.2876712328767123,0.5,0.10923396736305997,0.4666666666666667,0.7333333333333334,0.3333333333333333,0.2857142857142857,1.0,0.0,1.0,0.0,0.43663911845730025,0.39795918367346933,0.951219512195122,1
0.2093980343980344,0.3698630136986301,0.5,0.07780064442365658,0.7333333333333333,0.5333333333333333,0.3333333333333333,0.5,0.0,1.0,0.0,0.0,0.0,0.39795918367346933,0.951219512195122,0
0.0048218673218673215,0.7397260273972601,0.75,0.33394865398607215,1.0,0.6,0.8333333333333333,0.8571428571428571,0.8,1.0,0.0,0.0,0.41689623507805323,0.01020408163265306,0.951219512195122,0
0.6311732186732186,0.0547945205479452,0.0,0.13911928766933446,1.0,0.6,0.6666666666666666,0.0,0.8,1.0,1.0,0.0,0.0,0.39795918367346933,0.951219512195122,0
0.27831695331695333,0.2328767123287671,0.75,0.1159879430412639,0.9333333333333333,0.9333333333333333,0.3333333333333333,0.7142857142857142,0.0,0.0,0.0,0.07688076880768807,0.0,0.6020408163265305,0.951219512195122,1
0.3249078624078624,0.2602739726027397,0.5,0.08616152167134393,1.0,0.6,0.3333333333333333,0.5,0.0,0.0,0.0,0.0,0.0,0.39795918367346933,0.951219512195122,1
0.9451781326781327,0.46575342465753417,0.875,0.1603062744690434,0.0,0.33333333333333337,0.3333333333333333,0.21428571428571427,0.0,1.0,0.0,0.0,0.0,0.39795918367346933,0.951219512195122,0
0.16016584766584765,0.1095890410958904,0.5,0.054775317881024146,0.5333333333333333,0.6666666666666666,0.3333333333333333,0.2857142857142857,0.0,0.0,0.0,0.0,0.0,0.7551020408163265,0.951219512195122,0
0.9993857493857493,0.3835616438356165,0.875,0.16624952361154421,0.7333333333333333,0.5333333333333333,0.8333333333333333,0.07142857142857142,0.6000000000000001,0.0,1.0,0.0,0.0,0.39795918367346933,0.951219512195122,0
0.7916154791154791,0.0,0.5,0.15775352527457298,0.06666666666666667,0.4,0.6666666666666666,0.07142857142857142,0.6000000000000001,0.0,0.0,0.0,0.0,0.39795918367346933,0.951219512195122,0
0.40331695331695333,0.4520547945205479,0.25,0.1083650348196653,0.8,0.8666666666666667,0.3333333333333333,0.7142857142857142,1.0,0.0,1.0,0.0,0.43663911845730025,0.39795918367346933,0.951219512195122,1
0.21606265356265356,0.46575342465753417,0.5,0.14148910369677442,0.6,0.8,0.6666666666666666,0.8571428571428571,0.2,0.0,1.0,0.0,0.3590449954086318,0.42857142857142855,0.951219512195122,1
0.6233722358722359,0.3972602739726027,0.25,0.1515393410248415,0.6,0.8,0.0,0.7142857142857142,0.2,0.0,1.0,0.04787047870478705,0.0,0.24489795918367346,0.951219512195122,1
0.14287469287469287,0.4246575342465753,0.5,0.0294314520320133,0.7333333333333333,0.5333333333333333,0.0,0.7142857142857142,0.8,0.0,1.0,0.0,0.0,0.37755102040816324,0.951219512195122,0
0.15816953316953317,0.3424657534246575,0.5,0.1687710910161799,0.7333333333333333,0.5333333333333333,0.3333333333333333,0.5,0.0,0.0,0.0,0.04386043860438604,0.0,0.47959183673469385,0.951219512195122,1
0.3720208845208845,0.6849315068493149,0.5,0.05739389529847902,0.7333333333333333,0.5333333333333333,0.3333333333333333,0.2857142857142857,0.0,0.0,0.0,0.0,0.0,0.36734693877551017,0.951219512195122,1
0.48482800982800983,0.2602739726027397,0.75,0.0877628798115234,0.7333333333333333,0.5333333333333333,0.3333333333333333,0.3571428571428571,0.0,0.0,0.0,0.0,0.0,0.7040816326530611,0.951219512195122,0
0.4871007371007371,0.6164383561643836,0.0,0.10246336139694417,0.3333333333333333,0.2,0.3333333333333333,0.0,0.0,0.0,0.0,0.06418064180641807,0.0,0.39795918367346933,0.951219512195122,1
0.047757985257985254,0.3698630136986301,0.5,0.08803866541939508,0.13333333333333333,0.4666666666666667,0.0,1.0,0.8,1.0,0.0,0.0,0.0,0.39795918367346933,0.951219512195122,0
0.5623464373464373,0.0136986301369863,0.75,0.1705914146138655,0.0,0.33333333333333337,0.6666666666666666,0.3571428571428571,0.6000000000000001,0.0,0.0,0.0,0.0,0.39795918367346933,0.951219512195122,0
0.7355036855036855,0.821917808219178,0.5,0.07738211551120812,0.7333333333333333,0.5333333333333333,1.0,0.07142857142857142,0.2,0.0,1.0,0.0,0.0,0.31632653061224486,0.951219512195122,0
0.6925061425061425,0.35616438356164376,0.5,0.26084606589751586,0.4666666666666667,0.7333333333333334,0.3333333333333333,0.8571428571428571,0.0,0.0,0.0,0.0,0.0,0.39795918367346933,0.951219512195122,0
0.3379914004914005,0.1506849315068493,0.875,0.018032775525759624,0.6,0.8,0.6666666666666666,0.7142857142857142,0.6000000000000001,0.0,0.0,0.06849068490684906,0.0,0.39795918367346933,0.951219512195122,0
0.2109029484029484,0.41095890410958896,0.5,0.24077954474586843,0.3333333333333333,0.2,0.0,0.42857142857142855,0.4,1.0,0.0,0.0,0.0,0.39795918367346933,0.951219512195122,0
0.6882985257985258,0.6986301369863013,0.5,0.1046744967605585,0.7333333333333333,0.5333333333333333,1.0,0.5,0.2,0.0,1.0,0.0,0.0,0.31632653061224486,0.951219512195122,0
0.26535626535626533,0.0273972602739726,0.5,0.2879652149811177,1.0,0.6,0.6666666666666666,0.5714285714285714,0.6000000000000001,0.0,0.0,0.0,0.0,0.346938775510204,0.951219512195122,0
0.3658476658476658,0.3835616438356165,0.5,0.1272660499601566,0.7333333333333333,0.5333333333333333,0.3333333333333333,0.21428571428571427,0.0,0.0,0.0,0.0,0.0,0.39795918367346933,0.951219512195122,0
0.3136056511056511,0.3698630136986301,0.875,0.16123687766344455,0.6,0.8,0.3333333333333333,0.7857142857142857,0.0,0.0,0.0,0.0,0.0,0.43877551020408156,0.951219512195122,1
0.8002764127764127,0.30136986301369856,0.75,0.07626927207843952,0.6,0.8,0.3333333333333333,0.2857142857142857,0.0,0.0,0.0,0.0,0.0,0.39795918367346933,0.951219512195122,0
0.6780405405405405,0.41095890410958896,0.5,0.2817974569518068,0.5333333333333333,0.6666666666666666,0.0,0.8571428571428571,0.8,1.0,1.0,0.0,0.0,0.24489795918367346,0.951219512195122,0
0.5347051597051596,0.35616438356164376,0.5,0.16325052835810555,0.7333333333333333,0.5333333333333333,0.6666666666666666,0.21428571428571427,0.2,0.0,0.0,0.0,0.0,0.39795918367346933,0.951219512195122,0
0.4477886977886978,0.6712328767123288,0.5,0.05108616567924332,0.0,0.33333333333333337,1.0,1.0,0.2,0.0,1.0,0.0,0.0,0.1020408163265306,0.951219512195122,0
0.2483108108108108,0.6849315068493149,0.0,0.0481419117901812,0.7333333333333333,0.5333333333333333,0.0,0.0,0.6000000000000001,0.0,0.0,0.0,0.0,0.19387755102040813,0.951219512195122,0
0.14308968058968058,0.2876712328767123,0.5,0.06874822437030108,1.0,0.6,0.3333333333333333,1.0,0.0,0.0,0.0,0.07298072980729807,0.0,0.5,0.951219512195122,1
0.523433660933661,0.2602739726027397,0.5,0.05351003014239684,1.0,0.6,0.0,0.7142857142857142,0.2,0.0,0.0,0.0,0.0,0.5,0.951219512195122,0
0.6103194103194103,0.46575342465753417,0.5,0.04052385406922357,0.7333333333333333,0.5333333333333333,0.3333333333333333,0.07142857142857142,0.4,0.0,1.0,0.0,0.0,0.39795918367346933,0.951219512195122,0
0.1481879606879607,0.41095890410958896,0.5,0.10806014620794789,1.0,0.6,0.3333333333333333,0.07142857142857142,0.0,0.0,0.0,0.0,0.0,0.43877551020408156,0.951219512195122,1
0.8663083538083538,0.8356164383561642,0.5,0.11951217822125211,0.3333333333333333,0.2,0.3333333333333333,0.42857142857142855,0.0,0.0,0.0,0.01797017970179702,0.0,0.14285714285714282,0.951219512195122,0
0.9648648648648649,0.3424657534246575,0.5,0.12701313099816375,0.4666666666666667,0.7333333333333334,0.8333333333333333,0.07142857142857142,0.8,1.0,1.0,0.0,0.0,0.39795918367346933,0.951219512195122,0
0.9055896805896806,0.2191780821917808,0.5,0.07682638672348681,0.7333333333333333,0.5333333333333333,0.6666666666666666,0.5714285714285714,0.2,1.0,0.0,0.0,0.0,0.37755102040816324,0.951219512195122,0
0.4913390663390663,0.32876712328767127,0.125,0.2488286040952084,1.0,0.6,0.3333333333333333,0.2857142857142857,0.0,1.0,0.0,0.0,0.0,0.39795918367346933,0.951219512195122,1
0.08387592137592137,0.6164383561643836,0.5,0.10245504625298825,0.9333333333333333,0.9333333333333333,0.3333333333333333,0.7142857142857142,0.0,0.0,0.0,0.0,0.0,0.2959183673469387,0.951219512195122,1
0.09302825552825553,0.1506849315068493,0.875,0.02796036448047673,0.8,0.8666666666666667,0.3333333333333333,0.2857142857142857,0.0,0.0,0.0,0.0,0.0,0.39795918367346933,0.951219512195122,0
0.7827395577395577,0.0684931506849315,0.5,0.09352319578699372,1.0,0.6,0.6666666666666666,0.5714285714285714,0.2,0.0,0.0,0.0,0.0,0.14285714285714282,0.951219512195122,0
0.9634520884520884,0.35616438356164376,0.25,0.0975969233967363,0.8,0.8666666666666667,0.3333333333333333,0.7142857142857142,0.0,0.0,0.0,0.15024150241502415,0.0,0.39795918367346933,0.951219512195122,1
0.7143120393120393,0.1917808219178082,0.625,0.06316044763191629,0.7333333333333333,0.5333333333333333,0.3333333333333333,0.2857142857142857,0.0,0.0,0.0,0.0,0.0,0.5,0.951219512195122,0
0.5242014742014742,0.3150684931506849,0.5,0.04978761736479229,0.7333333333333333,0.5333333333333333,0.3333333333333333,0.21428571428571427,0.0,0.0,0.0,0.0,0.0,0.24489795918367346,0.951219512195122,0
0.20638820638820637,0.4246575342465753,0.75,0.012857291341856354,1.0,0.6,0.3333333333333333,0.7142857142857142,0.0,0.0,0.0,0.05013050130501305,0.0,0.44897959183673464,0.951219512195122,0
0.0597972972972973,0.35616438356164376,0.875,0.14292138724318332,0.7333333333333333,0.5333333333333333,0.6666666666666666,0.07142857142857142,0.8,1.0,1.0,0.0,0.0,0.39795918367346933,0.951219512195122,0
0.8001535626535626,0.2465753424657534,0.5,0.22061393479541283,0.7333333333333333,0.5333333333333333,0.0,1.0,0.2,0.0,0.0,0.0,0.0,0.39795918367346933,0.951219512195122,0
0.14947788697788697,0.5616438356164384,0.5,0.12366143505526105,0.7333333333333333,0.5333333333333333,0.3333333333333333,0.5,0.0,0.0,0.0,0.0,0.0,0.39795918367346933,0.951219512195122,0
0.31345208845208844,0.0273972602739726,0.5,0.3147094896580397,1.0,0.6,0.6666666666666666,0.07142857142857142,0.6000000000000001,0.0,1.0,0.0,0.0,0.19387755102040813,0.951219512195122,0
0.8646498771498772,0.6849315068493149,0.25,0.12360184319024357,0.6666666666666666,1.0,0.6666666666666666,0.7142857142857142,0.2,0.0,1.0,0.07896078960789608,0.0,0.5,0.951219512195122,1
0.3401105651105651,0.4931506849315069,0.5,0.05553476769566573,0.7333333333333333,0.5333333333333333,0.3333333333333333,0.21428571428571427,0.0,0.0,0.0,0.0,0.0,0.39795918367346933,0.951219512195122,1
0.5416461916461917,0.1506849315068493,0.5,0.11183037106329903,0.26666666666666666,0.13333333333333336,0.6666666666666666,0.5714285714285714,0.2,0.0,1.0,0.0,0.0,0.39795918367346933,0.6341463414634146,0
0.44023341523341525,0.7671232876712328,0.75,0.08183903267158646,0.7333333333333333,0.5333333333333333,0.6666666666666666,0.5714285714285714,0.2,0.0,1.0,0.0,0.0,0.3571428571428571,0.951219512195122,0
0.9867936117936118,0.2876712328767123,0.75,0.06710875515365693,0.8,0.8666666666666667,0.3333333333333333,0.2857142857142857,0.0,0.0,0.0,0.0,0.0,0.7040816326530611,0.951219512195122,1
0.6828316953316953,0.2602739726027397,0.5,0.11267158646017392,1.0,0.6,0.6666666666666666,0.9285714285714285,0.2,0.0,1.0,0.0,0.0,0.39795918367346933,0.951219512195122,0
0.7177211302211302,0.1506849315068493,0.5,0.1646294563974639,0.9333333333333333,0.9333333333333333,0.6666666666666666,0.7142857142857142,0.2,1.0,0.0,0.0,0.0,0.5,0.951219512195122,0
0.2500921375921376,0.0273972602739726,0.5,0.26155978242039984,0.7333333333333333,0.5333333333333333,0.6666666666666666,0.42857142857142855,0.6000000000000001,0.0,0.0,0.0,0.0,0.1530612244897959,0.951219512195122,0
0.04133906633906634,0.6027397260273972,0.625,0.08487198142951183,0.6,0.8,0.3333333333333333,0.2857142857142857,0.0,0.0,0.0,0.0,0.0,0.5,0.2682926829268293,1
0.5659398034398034,0.32876712328767127,0.5,0.03795863215881925,0.5333333333333333,0.6666666666666666,0.3333333333333333,0.8571428571428571,0.0,0.0,0.0,0.0,0.0,0.39795918367346933,0.951219512195122,0
0.13872850122850122,0.41095890410958896,0.5,0.12857360634722656,0.7333333333333333,0.5333333333333333,0.3333333333333333,0.8571428571428571,0.0,0.0,0.0,0.0,0.0,0.44897959183673464,0.951219512195122,0
0.9946560196560197,0.5753424657534245,0.125,0.007971451339084641,0.7333333333333333,0.5333333333333333,0.3333333333333333,0.8571428571428571,1.0,0.0,1.0,0.0,0.0,0.39795918367346933,0.951219512195122,1
0.8173218673218673,0.6164383561643836,0.875,0.12951737518622458,0.5333333333333333,0.6666666666666666,1.0,0.2857142857142857,0.8,1.0,1.0,0.0,0.0,0.39795918367346933,0.951219512195122,0
0.3666154791154791,0.3972602739726027,0.5,0.09070713370058552,0.26666666666666666,0.13333333333333336,0.6666666666666666,0.5,0.6000000000000001,0.0,1.0,0.0,0.0,0.39795918367346933,0.14634146341463417,0
0.5769348894348895,0.1780821917808219,0.5,0.08904479783806257,0.7333333333333333,0.5333333333333333,0.3333333333333333,0.8571428571428571,0.0,0.0,0.0,0.0,0.0,0.44897959183673464,0.951219512195122,0
0.9423525798525798,0.32876712328767127,0.5,0.23238609985102035,0.9333333333333333,0.9333333333333333,0.3333333333333333,0.7142857142857142,0.0,0.0,0.0,0.0,0.45385674931129477,0.5,0.951219512195122,1
0.561455773955774,0.27397260273972607,0.5,0.3067110141010983,0.0,0.33333333333333337,0.0,0.21428571428571427,0.2,0.0,0.0,0.0,0.0,0.39795918367346933,0.951219512195122,0
0.34370393120393117,0.41095890410958896,0.25,0.07079929321276374,0.8,0.8666666666666667,0.3333333333333333,0.7142857142857142,0.0,0.0,0.0,0.07688076880768807,0.0,0.44897959183673464,0.951219512195122,1
0.49345823095823094,0.5890410958904109,0.5,0.11915393410248414,0.7333333333333333,0.5333333333333333,0.5,0.5714285714285714,0.8,0.0,1.0,0.0,0.0,0.19387755102040813,0.951219512195122,0
0.5376228501228502,0.8356164383561642,0.0,0.05491390361362297,0.6,0.8,0.3333333333333333,0.0,0.0,0.0,0.0,0.0,0.0,0.020408163265306124,0.951219512195122,0
0.4160012285012285,0.1917808219178082,0.5,0.32945778332120706,1.0,0.6,0.8333333333333333,0.8571428571428571,0.8,0.0,1.0,0.0,0.0,0.39795918367346933,0.951219512195122,0
0.4001842751842752,0.5068493150684932,0.5,0.06334407372760974,0.7333333333333333,0.5333333333333333,1.0,0.5714285714285714,0.8,0.0,1.0,0.0,0.0,0.39795918367346933,0.951219512195122,0
0.6907248157248157,0.0821917808219178,0.5,0.11884003741814779,0.7333333333333333,0.5333333333333333,0.6666666666666666,0.8571428571428571,0.6000000000000001,0.0,0.0,0.0,0.0,0.39795918367346933,0.951219512195122,0
0.5835687960687961,0.46575342465753417,0.5,0.09810830475002598,0.7333333333333333,0.5333333333333333,0.3333333333333333,0.9285714285714285,0.0,0.0,0.0,0.0,0.0,0.39795918367346933,0.951219512195122,1
0.16541769041769042,0.0821917808219178,0.875,0.09026227349894328,0.7333333333333333,0.5333333333333333,0.3333333333333333,0.2857142857142857,0.0,0.0,0.0,0.0,0.0,0.39795918367346933,0.951219512195122,0
0.10436117936117936,0.2328767123287671,0.5,0.1118698679970897,0.6,0.8,0.3333333333333333,0.2857142857142857,0.0,0.0,0.0,0.0,0.0,0.5,0.951219512195122,1
0.06627764127764127,0.547945205479452,0.625,0.07412119322315767,0.8,0.8666666666666667,0.3333333333333333,0.8571428571428571,0.0,0.0,0.0,0.15024150241502415,0.0,0.6530612244897959,0.951219512195122,1
0.7465909090909091,0.1917808219178082,0.5,0.227692894016561,0.9333333333333333,0.9333333333333333,0.3333333333333333,0.7142857142857142,0.0,0.0,0.0,0.0,0.0,0.6020408163265305,0.951219512195122,1
0.14637592137592137,0.6301369863013697,0.0,0.1327207843952465,0.7333333333333333,0.5333333333333333,0.3333333333333333,0.0,0.0,0.0,0.0,0.0,0.0,0.39795918367346933,0.951219512195122,0
0.8993243243243243,0.2602739726027397,0.75,0.11614246613311159,0.7333333333333333,0.5333333333333333,0.3333333333333333,0.7142857142857142,1.0,0.0,1.0,0.03137031370313703,0.0,0.39795918367346933,0.951219512195122,0
0.5221437346437346,0.35616438356164376,0.5,0.2396937255309566,1.0,0.6,0.3333333333333333,0.8571428571428571,0.0,0.0,0.0,0.03103031030310303,0.0,0.39795918367346933,0.951219512195122,1
0.46704545454545454,0.0273972602739726,0.5,0.1645719433184354,0.7333333333333333,0.5333333333333333,0.6666666666666666,0.5714285714285714,0.4,1.0,0.0,0.0,0.0,0.39795918367346933,0.951219512195122,0
0.37893120393120394,0.41095890410958896,0.875,0.09415930429962235,0.6666666666666666,1.0,0.0,0.7142857142857142,0.8,0.0,0.0,0.0,0.0,0.5,0.24390243902439024,1
0.8066646191646192,0.32876712328767127,0.5,0.020521775283234588,1.0,0.6,0.6666666666666666,0.21428571428571427,0.2,0.0,0.0,0.0,0.3232323232323232,0.39795918367346933,0.951219512195122,0
0.8910933660933661,0.136986301369863,0.875,0.12470775733638222,0.7333333333333333,0.5333333333333333,0.6666666666666666,0.7857142857142857,0.6000000000000001,0.0,0.0,0.021740217402174022,0.0,0.39795918367346933,0.951219512195122,0
0.32103808353808355,0.4246575342465753,0.75,0.13634895887468387,0.6,0.8,0.5,0.8571428571428571,0.6000000000000001,0.0,0.0,0.0,0.0,0.5,0.951219512195122,1
0.6699324324324324,0.0136986301369863,0.5,0.12218480407442055,0.06666666666666667,0.4,0.6666666666666666,0.8571428571428571,0.6000000000000001,0.0,0.0,0.0,0.0,0.14285714285714282,0.951219512195122,0
0.47825552825552825,0.2328767123287671,0.5,0.11717631569829885,0.7333333333333333,0.5333333333333333,0.0,0.07142857142857142,0.2,0.0,1.0,0.0,0.0,0.39795918367346933,0.951219512195122,0
0.7922604422604422,0.3972602739726027,0.5,0.30750580327755256,0.6666666666666666,1.0,0.3333333333333333,0.7142857142857142,0.0,0.0,0.0,0.0,0.5544077134986226,0.5510204081632653,0.951219512195122,1
0.08326167076167076,0.0273972602739726,0.5,0.18555659494855006,1.0,0.6,0.6666666666666666,0.5,0.4,0.0,0.0,0.0,0.0,0.5,0.951219512195122,0
0.8765356265356266,0.41095890410958896,0.5,0.11360842601254201,1.0,0.6,1.0,0.7142857142857142,0.8,0.0,1.0,0.0,0.0,0.39795918367346933,0.951219512195122,0
0.8892199017199017,0.6712328767123288,0.0,0.13752208710113295,1.0,0.6,0.3333333333333333,0.0,0.0,0.0,0.0,0.0,0.0,0.5,0.951219512195122,0
0.8025798525798525,0.32876712328767127,0.875,0.03232165748536188,0.6,0.8,0.6666666666666666,0.7142857142857142,0.2,0.0,1.0,0.0,0.0,0.39795918367346933,0.951219512195122,0
0.3974201474201474,0.2876712328767123,0.5,0.07668433634757302,0.7333333333333333,0.5333333333333333,0.8333333333333333,0.21428571428571427,0.8,0.0,1.0,0.0,0.0,0.346938775510204,0.951219512195122,0
0.46775184275184273,0.5068493150684932,0.5,0.011248310986383953,0.7333333333333333,0.5333333333333333,0.3333333333333333,0.8571428571428571,0.0,0.0,0.0,0.0,0.0,0.5,0.951219512195122,1
0.6665847665847666,0.2191780821917808,0.75,0.218700065828223,0.7333333333333333,0.5333333333333333,0.3333333333333333,1.0,0.0,0.0,0.0,0.0,0.0,0.44897959183673464,0.951219512195122,0
0.6738943488943488,0.2876712328767123,0.125,0.12326438693136542,0.7333333333333333,0.5333333333333333,0.0,0.7142857142857142,0.8,0.0,1.0,0.0,0.0,0.39795918367346933,0.951219512195122,0
0.6447174447174447,0.5068493150684932,0.75,0.014952014690087655,0.7333333333333333,0.5333333333333333,0.3333333333333333,0.3571428571428571,0.0,0.0,0.0,0.0,0.0,0.6020408163265305,0.951219512195122,1
0.9107493857493857,0.4520547945205479,0.5,0.06720853688112809,0.7333333333333333,0.5333333333333333,0.3333333333333333,0.5,0.0,0.0,0.0,0.0,0.0,0.39795918367346933,0.951219512195122,1
0.4578316953316953,0.0684931506849315,0.5,0.06983127187056093,0.6,0.8,0.6666666666666666,0.7142857142857142,0.6000000000000001,0.0,1.0,0.0,0.0,0.39795918367346933,0.951219512195122,0
0.8797911547911548,0.32876712328767127,0.75,0.1255406575893012,1.0,0.6,0.3333333333333333,0.21428571428571427,0.0,0.0,0.0,0.0,0.0,0.5,0.951219512195122,0
0.6263206388206388,0.5205479452054793,0.125,0.016240862003256765,0.8,0.8666666666666667,0.3333333333333333,0.2857142857142857,0.0,0.0,0.0,0.0,0.0,0.6020408163265305,0.951219512195122,1
0.3973587223587223,0.6575342465753424,0.5,0.04704223400200949,0.7333333333333333,0.5333333333333333,0.0,0.2857142857142857,0.4,0.0,1.0,0.01848018480184802,0.0,0.5,0.951219512195122,0
0.7865786240786241,0.4383561643835617,0.625,0.15067872362540277,0.9333333333333333,0.9333333333333333,0.3333333333333333,0.7142857142857142,0.0,0.0,0.0,1.0,0.0,0.36734693877551017,0.951219512195122,1
0.9359643734643734,0.2876712328767123,0.75,0.10457610089041333,0.7333333333333333,0.5333333333333333,0.3333333333333333,0.21428571428571427,0.0,0.0,0.0,0.03411034110341103,0.0,0.24489795918367346,0.951219512195122,0
0.13624078624078623,0.30136986301369856,0.5,0.11974777396667012,0.7333333333333333,0.5333333333333333,0.3333333333333333,0.2857142857142857,0.0,0.0,0.0,0.0,0.0,0.39795918367346933,0.951219512195122,0
0.6885135135135135,0.46575342465753417,0.625,0.13751238609985103,0.7333333333333333,0.5333333333333333,0.6666666666666666,0.2857142857142857,0.2,0.0,0.0,0.1052010520105201,0.0,0.39795918367346933,0.951219512195122,1
0.47208230958230957,0.5068493150684932,0.25,0.11135779371513703,0.7333333333333333,0.5333333333333333,0.3333333333333333,1.0,0.0,0.0,0.0,0.0,0.0,0.39795918367346933,0.951219512195122,0
0.6057739557739558,0.2876712328767123,0.5,0.08008869486886325,0.8,0.8666666666666667,0.6666666666666666,0.07142857142857142,0.8,0.0,1.0,0.0,0.0,0.39795918367346933,0.951219512195122,0
0.9461302211302212,0.1506849315068493,0.5,0.48758133250181895,0.6,0.8,0.6666666666666666,0.21428571428571427,0.6000000000000001,1.0,0.0,0.0,0.0,0.39795918367346933,0.951219512195122,0
0.1607800982800983,0.0684931506849315,0.5,0.17946090150019056,0.06666666666666667,0.4,0.6666666666666666,0.8571428571428571,0.2,0.0,1.0,0.0,0.0,0.39795918367346933,0.951219512195122,0
0.13427518427518428,0.0410958904109589,0.5,0.010230398780445552,1.0,0.6,0.6666666666666666,0.2857142857142857,0.6000000000000001,0.0,1.0,0.0,0.0,0.19387755102040813,0.951219512195122,0
0.7659705159705159,0.4931506849315069,0.75,0.08526764369608149,0.6,0.8,0.3333333333333333,0.2857142857142857,0.0,1.0,0.0,0.07688076880768807,0.0,0.19387755102040813,0.07317073170731708,1
0.1371928746928747,0.3150684931506849,0.5,0.07710355818868447,1.0,0.6,0.3333333333333333,0.8571428571428571,0.0,0.0,0.0,0.0,0.0,0.39795918367346933,0.951219512195122,0
0.6932739557739558,0.3972602739726027,0.125,0.05929944912171292,0.5333333333333333,0.6666666666666666,0.3333333333333333,0.07142857142857142,0.0,0.0,0.0,0.051780517805178054,0.0,0.39795918367346933,0.951219512195122,1
0.8424140049140049,0.0,0.5,0.1427959671551814,0.0,0.33333333333333337,0.6666666666666666,0.5714285714285714,0.6000000000000001,0.0,1.0,0.0,0.3677685950413223,0.11224489795918367,0.951219512195122,0
0.5812346437346437,0.5342465753424657,0.5,0.04776703738350137,1.0,0.6,0.6666666666666666,0.07142857142857142,0.2,0.0,1.0,0.0,0.0,0.39795918367346933,0.04878048780487805,0
0.41824324324324325,0.2191780821917808,0.5,0.22271835914492605,0.5333333333333333,0.6666666666666666,0.6666666666666666,0.5714285714285714,0.8,1.0,0.0,0.0,0.0,0.39795918367346933,0.951219512195122,0
0.1322174447174447,0.3698630136986301,0.5,0.06873713751169316,0.7333333333333333,0.5333333333333333,0.6666666666666666,0.07142857142857142,0.6000000000000001,0.0,0.0,0.0,0.34527089072543615,0.5,0.951219512195122,0
0.7769656019656019,0.32876712328767127,0.75,0.05889339292519835,0.5333333333333333,0.6666666666666666,0.0,0.5714285714285714,0.8,0.0,1.0,0.0,0.0,0.09183673469387754,0.951219512195122,0
0.002364864864864865,0.6849315068493149,0.0,0.1389141807850882,0.0,0.33333333333333337,0.3333333333333333,0.0,0.0,0.0,0.0,0.0,0.0,0.01020408163265306,0.951219512195122,0
0.7352579852579852,0.1232876712328767,0.5,0.10495236115441915,0.6,0.8,0.6666666666666666,0.8571428571428571,0.2,0.0,1.0,0.0,0.0,0.5510204081632653,0.951219512195122,0
0.3481265356265356,0.4520547945205479,0.5,0.12301285382669853,0.6,0.8,0.3333333333333333,0.2857142857142857,0.0,0.0,0.0,0.0,0.0,0.39795918367346933,0.951219512195122,1
0.8963452088452089,0.4246575342465753,0.5,0.1286872466479576,1.0,0.6,0.6666666666666666,0.21428571428571427,0.8,0.0,1.0,0.0,0.0,0.37755102040816324,0.951219512195122,1
0.948034398034398,0.2465753424657534,0.5,0.14830475002598484,0.6,0.8,0.6666666666666666,0.8571428571428571,0.2,0.0,1.0,0.0,0.0,0.39795918367346933,0.951219512195122,0
0.08734643734643735,0.27397260273972607,0.625,0.12062086408204274,0.7333333333333333,0.5333333333333333,0.3333333333333333,0.8571428571428571,0.0,0.0,0.0,0.07688076880768807,0.0,0.6020408163265305,0.951219512195122,1
0.6933353808353808,0.4931506849315069,0.5,0.08655164050860964,0.6,0.8,0.0,0.2857142857142857,0.8,1.0,0.0,0.0,0.0,0.5,0.951219512195122,0
0.76504914004914,0.5205479452054793,0.25,0.11020545334857776,1.0,0.6,0.5,0.07142857142857142,0.8,1.0,1.0,0.0,0.0,0.346938775510204,0.951219512195122,0
0.25813882063882065,0.1506849315068493,0.5,0.33725946713785815,0.7333333333333333,0.5333333333333333,0.6666666666666666,0.21428571428571427,0.8,0.0,0.0,0.0,0.0,0.39795918367346933,0.6341463414634146,0
0.571928746928747,0.726027397260274,0.0,0.07368949866611232,0.5333333333333333,0.6666666666666666,1.0,0.0,0.8,0.0,1.0,0.0,0.0,0.346938775510204,0.951219512195122,0
0.5307432432432432,0.2054794520547945,0.5,0.24973634064373074,0.7333333333333333,0.5333333333333333,0.3333333333333333,0.21428571428571427,0.0,0.0,0.0,0.0,0.0,0.39795918367346933,0.951219512195122,0
0.8025184275184275,0.4931506849315069,0.75,0.023849911651595466,0.8,0.8666666666666667,0.3333333333333333,0.7142857142857142,0.0,0.0,0.0,0.0,0.0,0.5,0.951219512195122,1
0.8375307125307125,0.3150684931506849,0.5,0.06841631154072687,0.7333333333333333,0.5333333333333333,0.8333333333333333,0.5,0.2,0.0,1.0,0.0,0.0,0.39795918367346933,0.951219512195122,0
0.7822174447174447,0.2054794520547945,0.75,0.030309392648026887,0.6,0.8,0.3333333333333333,0.8571428571428571,0.4,0.0,0.0,0.0,0.0,0.44897959183673464,0.951219512195122,0
0.5738636363636364,0.46575342465753417,0.75,0.015944288535495267,0.7333333333333333,0.5333333333333333,0.6666666666666666,0.3571428571428571,0.8,0.0,0.0,0.0,0.0,0.44897959183673464,0.951219512195122,0
0.39213759213759214,0.3698630136986301,0.5,0.11218792225340402,1.0,0.6,0.3333333333333333,0.8571428571428571,0.0,0.0,0.0,0.0,0.0,0.6020408163265305,0.951219512195122,0
0.32957616707616705,0.1780821917808219,0.25,0.0665911374424003,0.5333333333333333,0.6666666666666666,0.3333333333333333,0.7857142857142857,0.0,0.0,0.0,0.0,0.0,0.39795918367346933,0.951219512195122,0
0.12693488943488943,0.5205479452054793,0.5,0.09341579184422963,0.7333333333333333,0.5333333333333333,0.3333333333333333,0.21428571428571427,0.0,0.0,0.0,0.0,0.0,0.5,0.951219512195122,1
0.3856265356265356,0.3150684931506849,0.5,0.07085334164847729,0.5333333333333333,0.6666666666666666,0.3333333333333333,0.2857142857142857,0.0,0.0,0.0,0.0,0.0,0.5,0.951219512195122,1
0.24047911547911546,0.1917808219178082,0.5,0.0983556802827149,0.7333333333333333,0.5333333333333333,0.3333333333333333,0.21428571428571427,0.0,0.0,0.0,0.0,0.0,0.42857142857142855,0.951219512195122,1
0.26455773955773954,0.2054794520547945,0.5,0.12525170633683264,0.9333333333333333,0.9333333333333333,0.3333333333333333,0.8571428571428571,0.0,0.0,0.0,0.15024150241502415,0.0,0.6020408163265305,0.951219512195122,1
0.7565110565110565,0.0958904109589041,0.5,0.170768804351592,0.7333333333333333,0.5333333333333333,0.0,0.5714285714285714,0.6000000000000001,0.0,1.0,0.0,0.0,0.39795918367346933,0.5853658536585367,0
0.04419533169533169,0.41095890410958896,0.5,0.03840972871842843,0.7333333333333333,0.5333333333333333,0.3333333333333333,0.8571428571428571,0.0,0.0,0.0,0.0,0.0,0.39795918367346933,0.951219512195122,1
0.6086916461916462,0.6438356164383561,0.0,0.02557530402245089,0.06666666666666667,0.4,0.3333333333333333,0.0,0.0,0.0,0.0,0.0,0.0,0.2959183673469387,0.951219512195122,0
0.07235872235872236,0.0684931506849315,0.0,0.12795482105117278,1.0,0.6,0.8333333333333333,0.0,0.6000000000000001,0.0,0.0,0.0,0.0,0.24489795918367346,0.951219512195122,0
0.03304668304668305,0.136986301369863,0.5,0.08686553719294599,0.6,0.8,0.6666666666666666,0.8571428571428571,0.2,1.0,1.0,0.0,0.36501377410468316,0.39795918367346933,0.951219512195122,0
0.6910626535626535,0.0410958904109589,0.5,0.11187402556906766,0.4,0.26666666666666666,0.6666666666666666,0.5,0.6000000000000001,0.0,0.0,0.0,0.0,0.39795918367346933,0.951219512195122,0
0.7275184275184275,0.1095890410958904,0.5,0.010894917368256938,0.4666666666666667,0.7333333333333334,0.0,0.07142857142857142,0.8,0.0,1.0,0.0,0.0,0.39795918367346933,0.951219512195122,0
0.4767506142506142,0.0410958904109589,0.0,0.04995322731524789,0.7333333333333333,0.5333333333333333,0.3333333333333333,0.0,1.0,0.0,1.0,0.0,0.0,0.44897959183673464,0.951219512195122,0
0.821068796068796,0.1780821917808219,0.5,0.18248068461351905,0.7333333333333333,0.5333333333333333,0.3333333333333333,0.5,0.0,0.0,0.0,0.0,0.0,0.44897959183673464,0.951219512195122,0
0.691093366093366,0.0273972602739726,0.0,0.11800921595121781,0.0,0.33333333333333337,0.6666666666666666,0.0,0.2,0.0,1.0,0.0,0.0,0.37755102040816324,0.951219512195122,0
0.7213144963144963,0.30136986301369856,0.5,0.03235076048920763,0.4666666666666667,0.7333333333333334,0.0,0.2857142857142857,0.8,0.0,0.0,0.015060150601506015,0.0,0.39795918367346933,0.951219512195122,0
0.6041769041769042,0.7123287671232876,0.5,0.17823095312337595,0.7333333333333333,0.5333333333333333,1.0,0.42857142857142855,0.2,0.0,1.0,0.0,0.0,0.07142857142857142,0.951219512195122,0
0.10773955773955773,0.27397260273972607,0.5,0.17513979835775909,1.0,0.6,0.3333333333333333,1.0,0.0,0.0,0.0,0.0,0.0,0.5,0.951219512195122,0
0.3968980343980344,0.2465753424657534,0.5,0.12625506704084816,0.7333333333333333,0.5333333333333333,0.0,0.07142857142857142,0.8,0.0,1.0,0.0,0.0,0.37755102040816324,0.951219512195122,0
0.845608108108108,0.0821917808219178,0.5,0.11944704292693066,0.7333333333333333,0.5333333333333333,0.6666666666666666,0.07142857142857142,0.2,0.0,1.0,0.0,0.0,0.5,0.951219512195122,0
0.7576474201474201,0.4520547945205479,0.5,0.18513390846412364,1.0,0.6,0.3333333333333333,1.0,0.0,0.0,0.0,0.0,0.0,0.39795918367346933,0.951219512195122,1
0.7027334152334153,0.2054794520547945,0.5,0.13426601531372345,1.0,0.6,0.6666666666666666,0.07142857142857142,0.2,0.0,0.0,0.0,0.0,0.346938775510204,0.951219512195122,0
0.27054668304668306,0.2328767123287671,0.5,0.2131233759484461,0.6666666666666666,1.0,0.6666666666666666,0.7142857142857142,0.2,0.0,0.0,0.0,0.0,0.39795918367346933,0.8780487804878049,1
0.14904791154791155,0.0136986301369863,0.5,0.10809895021307556,0.7333333333333333,0.5333333333333333,0.6666666666666666,0.42857142857142855,0.6000000000000001,0.0,0.0,0.0,0.0,0.39795918367346933,0.951219512195122,0
0.8221744471744472,0.3150684931506849,0.5,0.07938190763260922,1.0,0.6,0.3333333333333333,0.07142857142857142,0.0,0.0,0.0,0.0,0.0,0.39795918367346933,0.951219512195122,1
0.010964373464373465,0.3150684931506849,0.5,0.058097910820081075,0.5333333333333333,0.6666666666666666,0.3333333333333333,0.9285714285714285,0.0,0.0,0.0,0.0,0.0,0.39795918367346933,0.951219512195122,1
0.021283783783783785,0.0410958904109589,0.5,0.21093926480268857,1.0,0.6,0.6666666666666666,0.7142857142857142,0.6000000000000001,0.0,0.0,0.0,0.0,0.19387755102040813,0.951219512195122,0
0.03866707616707617,0.27397260273972607,0.875,0.08582060076915081,1.0,0.6,0.8333333333333333,0.07142857142857142,0.2,0.0,0.0,0.0,0.0,0.39795918367346933,0.951219512195122,0
0.8961302211302211,0.1095890410958904,0.5,0.1174424003048886,1.0,0.6,0.3333333333333333,0.21428571428571427,0.0,0.0,0.0,0.0,0.0,0.39795918367346933,0.951219512195122,0
0.6531326781326782,0.0136986301369863,0.5,0.22294356096039913,0.06666666666666667,0.4,0.6666666666666666,0.21428571428571427,0.6000000000000001,0.0,0.0,0.0,0.0,0.24489795918367346,0.951219512195122,0
0.5446253071253071,0.2876712328767123,0.5,0.014426774763538092,0.6,0.8,0.3333333333333333,0.7142857142857142,0.0,1.0,0.0,0.0,0.0,0.7040816326530611,0.951219512195122,1
0.7782862407862408,0.32876712328767127,0.25,0.14922842393375604,1.0,0.6,0.3333333333333333,0.21428571428571427,0.0,0.0,0.0,0.0,0.0,0.39795918367346933,0.951219512195122,0
0.7683968058968059,0.27397260273972607,0.5,0.018475556941412882,0.7333333333333333,0.5333333333333333,0.3333333333333333,0.7142857142857142,0.0,0.0,0.0,0.0,0.0,0.5,0.951219512195122,1
0.38105036855036856,0.7397260273972601,0.875,0.1374687315940824,0.7333333333333333,0.5333333333333333,0.3333333333333333,0.7857142857142857,0.0,0.0,0.0,0.0,0.0,0.2755102040816326,0.951219512195122,0
0.14468673218673217,0.3835616438356165,0.125,0.20745314069916504,0.5333333333333333,0.6666666666666666,0.3333333333333333,0.7857142857142857,0.0,0.0,0.0,0.03908039080390804,0.0,0.39795918367346933,0.951219512195122,0
0.9630528255528256,0.0821917808219178,0.5,0.09057824896926861,0.8,0.8666666666666667,0.3333333333333333,0.7142857142857142,0.0,1.0,0.0,0.0,0.4331955922865014,0.5,0.4634146341463415,1
0.8548525798525798,0.0410958904109589,0.875,0.14077400131656448,1.0,0.6,0.6666666666666666,0.21428571428571427,0.6000000000000001,0.0,0.0,0.0,0.0,0.37755102040816324,0.951219512195122,0
0.8050675675675676,0.0273972602739726,0.5,0.29622284585801895,1.0,0.6,0.6666666666666666,0.8571428571428571,0.6000000000000001,0.0,0.0,0.0,0.0,0.14285714285714282,0.951219512195122,0
0.6008599508599508,0.35616438356164376,0.25,0.1275148113501715,0.7333333333333333,0.5333333333333333,0.0,0.2857142857142857,0.8,1.0,1.0,0.0,0.0,0.39795918367346933,0.951219512195122,0
0.1630835380835381,0.3150684931506849,0.5,0.2292090219311922,1.0,0.6,0.0,0.2857142857142857,0.2,0.0,1.0,0.0,0.0,0.39795918367346933,0.951219512195122,0
0.898433660933661,0.2465753424657534,0.5,0.1203783390499948,0.7333333333333333,0.5333333333333333,0.3333333333333333,0.21428571428571427,0.0,0.0,0.0,0.0,0.0,0.39795918367346933,0.951219512195122,1
0.3753685503685504,0.2328767123287671,0.75,0.1913875896476458,0.06666666666666667,0.4,0.3333333333333333,0.21428571428571427,0.0,0.0,0.0,0.0,0.0,0.39795918367346933,0.951219512195122,0
0.8513820638820638,0.6027397260273972,0.25,0.01114922218757579,0.8,0.8666666666666667,0.0,0.7142857142857142,0.2,0.0,1.0,0.0,0.0,0.7040816326530611,0.951219512195122,0
0.8764434889434889,0.41095890410958896,0.5,0.10116827772580812,0.8,0.8666666666666667,0.3333333333333333,0.2857142857142857,0.0,0.0,0.0,0.0,0.0,0.5,0.951219512195122,1
0.0625921375921376,0.4383561643835617,0.875,0.139293905692409,1.0,0.6,0.3333333333333333,0.7142857142857142,0.0,0.0,0.0,0.0,0.0,0.39795918367346933,0.951219512195122,0
0.055773955773955775,0.3972602739726027,0.25,0.016590790978068808,0.7333333333333333,0.5333333333333333,0.3333333333333333,0.21428571428571427,0.0,0.0,0.0,0.0,0.43663911845730025,0.39795918367346933,0.951219512195122,0
0.2569717444717445,0.4931506849315069,0.5,0.0965214981117694,1.0,0.6,0.3333333333333333,0.7142857142857142,0.0,0.0,0.0,0.15024150241502415,0.0,0.39795918367346933,0.951219512195122,1
0.1386977886977887,0.0273972602739726,0.5,0.11951217822125211,0.7333333333333333,0.5333333333333333,0.6666666666666666,0.07142857142857142,0.2,0.0,1.0,0.0,0.0,0.2551020408163265,0.951219512195122,0
0.29858722358722356,0.4794520547945205,0.5,0.21996881821016528,1.0,0.6,0.6666666666666666,0.2857142857142857,0.2,0.0,0.0,0.0,0.0,0.39795918367346933,0.951219512195122,0
0.682063882063882,0.2465753424657534,0.75,0.31219693032602297,0.7333333333333333,0.5333333333333333,0.3333333333333333,0.21428571428571427,1.0,1.0,1.0,0.0,0.0,0.39795918367346933,0.951219512195122,1
0.45887592137592137,0.5616438356164384,0.5,0.06420676991303745,0.4,0.26666666666666666,0.3333333333333333,0.42857142857142855,0.0,1.0,0.0,0.0,0.0,0.6020408163265305,0.951219512195122,0
0.18445945945945946,0.2191780821917808,0.5,0.05607248033814918,0.26666666666666666,0.13333333333333336,0.3333333333333333,0.3571428571428571,0.0,1.0,0.0,0.0,0.0,0.39795918367346933,0.7317073170731707,0
0.8186425061425061,0.2876712328767123,0.5,0.028031043204102137,1.0,0.6,0.3333333333333333,0.21428571428571427,0.0,0.0,0.0,0.0,0.0,0.39795918367346933,0.951219512195122,0
0.8134520884520884,0.46575342465753417,0.625,0.12705054914596545,1.0,0.6,0.8333333333333333,0.8571428571428571,0.2,0.0,1.0,0.0,0.0,0.39795918367346933,0.951219512195122,0
0.9062653562653562,0.0136986301369863,0.5,0.09684301701139868,0.0,0.33333333333333337,0.6666666666666666,0.5714285714285714,0.6000000000000001,0.0,1.0,0.0,0.0,0.020408163265306124,0.951219512195122,0
0.1562039312039312,0.2191780821917808,0.5,0.10981810622596404,0.7333333333333333,0.5333333333333333,0.3333333333333333,0.21428571428571427,0.0,0.0,0.0,0.0,0.0,0.39795918367346933,0.951219512195122,0
0.8439496314496314,0.5068493150684932,0.5,0.052478259363198554,0.7333333333333333,0.5333333333333333,0.0,0.5714285714285714,0.8,0.0,0.0,0.0,0.0,0.31632653061224486,0.951219512195122,0
0.7301904176904177,0.1917808219178082,0.25,0.14385060458025847,0.7333333333333333,0.5333333333333333,0.6666666666666666,0.7857142857142857,0.2,1.0,0.0,0.0,0.0,0.39795918367346933,0.951219512195122,0
0.4159090909090909,0.7808219178082192,0.5,0.09228285348023421,0.2,0.06666666666666667,1.0,0.6428571428571428,0.2,1.0,1.0,0.0,0.0,0.14285714285714282,0.951219512195122,0
0.9043304668304668,0.0821917808219178,0.5,0.12765339708277035,1.0,0.6,0.6666666666666666,0.42857142857142855,0.6000000000000001,1.0,1.0,0.0,0.0,0.39795918367346933,0.951219512195122,0
0.27008599508599507,0.2191780821917808,0.5,0.12883345459584936,0.7333333333333333,0.5333333333333333,0.3333333333333333,0.9285714285714285,0.0,0.0,0.0,0.0,0.0,0.39795918367346933,0.951219512195122,0
0.9273034398034398,0.0410958904109589,0.5,0.22218480407442054,1.0,0.6,0.6666666666666666,0.5714285714285714,0.6000000000000001,0.0,1.0,0.0,0.0,0.39795918367346933,0.951219512195122,0
0.951443488943489,0.32876712328767127,0.5,0.24073103973945884,0.6,0.8,0.3333333333333333,0.7857142857142857,0.0,0.0,0.0,0.15024150241502415,0.0,0.6020408163265305,0.951219512195122,1
0.09554668304668304,0.3835616438356165,0.5,0.11504971763156982,0.6666666666666666,1.0,0.3333333333333333,0.7142857142857142,0.0,0.0,0.0,0.0,0.0,0.5612244897959183,0.951219512195122,1
0.6108722358722358,0.1917808219178082,0.5,0.1800117797872709,0.5333333333333333,0.6666666666666666,0.0,1.0,0.2,0.0,0.0,0.0,0.0,0.39795918367346933,0.951219512195122,0
0.1108108108108108,0.0821917808219178,0.5,0.16109621314485675,1.0,0.6,0.6666666666666666,0.5,0.6000000000000001,1.0,1.0,0.0,0.0,0.19387755102040813,0.5609756097560976,0
0.33756142506142506,0.1780821917808219,0.5,0.07423067595191075,0.6,0.8,0.6666666666666666,0.7142857142857142,0.2,0.0,0.0,0.0,0.0,0.39795918367346933,0.951219512195122,0
0.9749692874692875,0.547945205479452,0.125,0.034462807054013785,0.9333333333333333,0.9333333333333333,0.0,0.2857142857142857,0.2,1.0,0.0,0.0,0.0,0.5510204081632653,0.951219512195122,1
0.5436425061425061,0.1506849315068493,0.5,0.14653085264871982,1.0,0.6,0.3333333333333333,0.07142857142857142,0.0,0.0,0.0,0.0,0.0,0.39795918367346933,0.951219512195122,1
0.6386977886977887,0.1780821917808219,0.5,0.2010553303537401,0.7333333333333333,0.5333333333333333,0.6666666666666666,0.5,0.2,0.0,0.0,0.0,0.0,0.39795918367346933,0.951219512195122,0
0.6866093366093365,0.0273972602739726,0.5,0.03942556213837785,1.0,0.6,0.6666666666666666,0.5714285714285714,0.6000000000000001,0.0,1.0,0.0,0.0,0.26530612244897955,0.951219512195122,0
0.5801597051597052,0.5753424657534245,0.625,0.16684128468974121,0.9333333333333333,0.9333333333333333,0.3333333333333333,0.7142857142857142,0.0,0.0,0.0,0.0,0.0,0.5510204081632653,0.951219512195122,1
0.4870085995085995,0.6986301369863013,0.75,0.13809998960607006,1.0,0.6,0.3333333333333333,0.8571428571428571,0.0,0.0,0.0,0.0,0.0,0.39795918367346933,0.951219512195122,1
0.27496928746928745,0.32876712328767127,0.5,0.043301112150504105,0.6,0.8,0.3333333333333333,0.5714285714285714,0.0,1.0,0.0,0.0,0.0,0.2959183673469387,0.975609756097561,0
0.3682739557739558,0.1643835616438356,0.5,0.04571666146970169,0.9333333333333333,0.9333333333333333,0.6666666666666666,0.7142857142857142,0.6000000000000001,0.0,0.0,0.0,0.0,0.5,0.951219512195122,0
0.3710995085995086,0.5342465753424657,0.5,0.20957073069327514,0.7333333333333333,0.5333333333333333,0.3333333333333333,0.21428571428571427,0.0,0.0,0.0,0.0,0.0,0.346938775510204,0.951219512195122,1
0.826443488943489,0.6712328767123288,0.25,0.11239372206631328,0.6666666666666666,1.0,0.3333333333333333,0.7142857142857142,0.0,1.0,0.0,0.20051200512005118,0.0,0.346938775510204,0.5609756097560976,1
0.040386977886977884,0.0958904109589041,0.5,0.05820185011953019,0.7333333333333333,0.5333333333333333,0.6666666666666666,0.5,0.6000000000000001,0.0,1.0,0.0,0.0,0.39795918367346933,0.951219512195122,0
0.15555896805896804,0.2191780821917808,0.75,0.1963108477982192,0.2,0.06666666666666667,0.5,0.21428571428571427,0.2,0.0,0.0,0.0,0.0,0.39795918367346933,0.6341463414634146,0
0.026443488943488944,0.35616438356164376,0.5,0.12421577798565638,0.7333333333333333,0.5333333333333333,0.3333333333333333,0.3571428571428571,0.0,0.0,0.0,0.0,0.0,0.39795918367346933,0.6341463414634146,0
0.4544226044226044,0.3424657534246575,0.5,0.12732148425319614,0.6,0.8,0.3333333333333333,1.0,0.0,0.0,0.0,0.0,0.0,0.47959183673469385,0.951219512195122,1
0.3865786240786241,0.1095890410958904,0.5,0.0991130513113675,0.6,0.8,0.6666666666666666,0.2857142857142857,0.6000000000000001,0.0,0.0,0.0,0.0,0.44897959183673464,0.951219512195122,0
0.43587223587223584,0.5068493150684932,0.875,0.20830267123999585,0.6666666666666666,1.0,0.3333333333333333,0.7142857142857142,0.0,0.0,0.0,0.0,0.0,0.4591836734693877,0.21951219512195122,1
0.49057125307125304,0.2602739726027397,0.5,0.0374313134462807,1.0,0.6,0.3333333333333333,1.0,0.0,0.0,0.0,0.0,0.0,0.44897959183673464,0.951219512195122,0
0.7758599508599509,0.2328767123287671,0.5,0.12702560371409766,0.4666666666666667,0.7333333333333334,0.3333333333333333,0.21428571428571427,0.0,0.0,0.0,0.0,0.0,0.43877551020408156,0.951219512195122,0
0.6351965601965602,0.6986301369863013,0.5,0.09881994248692097,0.7333333333333333,0.5333333333333333,0.6666666666666666,0.8571428571428571,0.2,0.0,1.0,0.0,0.0,0.2959183673469387,0.951219512195122,0
0.1300982800982801,0.7945205479452053,0.75,0.15206735266604304,0.6666666666666666,1.0,0.3333333333333333,0.7142857142857142,0.0,0.0,0.0,0.04931049310493105,0.0,0.020408163265306124,0.951219512195122,0
0.5456695331695331,0.0273972602739726,0.5,0.12222152929355921,1.0,0.6,0.6666666666666666,0.8571428571428571,0.6000000000000001,0.0,1.0,0.0,0.0,0.24489795918367346,0.951219512195122,0
0.3493857493857494,0.6164383561643836,0.125,0.13660950005196967,0.7333333333333333,0.5333333333333333,0.3333333333333333,0.07142857142857142,0.0,1.0,0.0,0.0,0.0,0.39795918367346933,0.951219512195122,0
0.261517199017199,0.0136986301369863,0.5,0.01887814849461248,0.13333333333333333,0.4666666666666667,0.6666666666666666,0.5714285714285714,0.6000000000000001,0.0,1.0,0.0,0.0,0.31632653061224486,0.951219512195122,0
0.03531941031941032,0.1095890410958904,0.5,0.15891695249974017,0.7333333333333333,0.5333333333333333,0.6666666666666666,0.5714285714285714,0.6000000000000001,0.0,0.0,0.0,0.0,0.2959183673469387,0.951219512195122,0
0.04594594594594594,0.2054794520547945,0.5,0.04696185427710217,0.06666666666666667,0.4,0.0,0.8571428571428571,0.2,0.0,0.0,0.0,0.0,0.42857142857142855,0.951219512195122,1
0.9939496314496314,0.32876712328767127,0.75,0.16562380902886048,1.0,0.6,0.3333333333333333,0.8571428571428571,0.0,0.0,0.0,0.0,0.0,0.39795918367346933,0.951219512195122,0
0.09907862407862407,0.5616438356164384,0.25,0.20635415583965633,0.0,0.33333333333333337,0.3333333333333333,1.0,0.0,0.0,0.0,0.0,0.0,0.39795918367346933,0.951219512195122,0
0.8138820638820639,0.4931506849315069,0.5,0.17507119842012267,0.6,0.8,0.6666666666666666,0.7142857142857142,0.2,0.0,1.0,0.0,0.0,0.44897959183673464,0.6341463414634146,0
0.3857493857493857,0.2328767123287671,0.5,0.2015743339223227,0.6,0.8,0.3333333333333333,0.7142857142857142,0.0,1.0,0.0,0.0,0.0,0.39795918367346933,0.0,1
0.7224508599508599,0.1917808219178082,0.5,0.7074365104112531,0.6,0.8,0.6666666666666666,0.07142857142857142,0.2,0.0,0.0,0.08614086140861409,0.0,0.39795918367346933,0.951219512195122,1
0.5868243243243243,0.46575342465753417,0.5,0.05606347226553027,0.7333333333333333,0.5333333333333333,0.0,0.7142857142857142,0.2,0.0,1.0,0.0,0.0,0.39795918367346933,0.951219512195122,0
0.01781326781326781,0.6575342465753424,0.0,0.12711637736894987,1.0,0.6,0.3333333333333333,0.0,0.0,0.0,0.0,0.0,0.0,0.2959183673469387,0.951219512195122,1
0.5490786240786241,0.0273972602739726,0.5,0.2592197623254686,0.7333333333333333,0.5333333333333333,0.6666666666666666,0.5714285714285714,0.2,0.0,0.0,0.0,0.0,0.346938775510204,0.951219512195122,0
0.8913697788697789,0.1506849315068493,0.5,0.08759103350310085,1.0,0.6,0.6666666666666666,0.21428571428571427,0.6000000000000001,0.0,0.0,0.0,0.0,0.5,0.951219512195122,0
0.9684275184275184,0.0821917808219178,0.5,0.05499982676783424,1.0,0.6,0.0,0.42857142857142855,0.6000000000000001,0.0,0.0,0.0,0.0,0.39795918367346933,0.951219512195122,0
0.6286240786240787,0.547945205479452,0.5,0.12721546616775803,0.7333333333333333,0.5333333333333333,0.3333333333333333,0.21428571428571427,0.0,0.0,0.0,0.0,0.0,0.39795918367346933,0.951219512195122,0
0.5966830466830466,0.32876712328767127,0.5,0.09211447181512664,0.4,0.26666666666666666,0.6666666666666666,0.6428571428571428,0.8,0.0,1.0,0.0,0.0,0.39795918367346933,0.0975609756097561,0
0.23019041769041768,0.1780821917808219,0.875,0.07908325537885874,0.6,0.8,0.5,0.07142857142857142,0.2,0.0,0.0,0.0,0.0,0.39795918367346933,0.951219512195122,0
0.051197788697788696,0.2465753424657534,0.5,0.06631743062051762,0.06666666666666667,0.4,0.6666666666666666,0.8571428571428571,0.2,0.0,0.0,0.0,0.0,0.44897959183673464,0.951219512195122,0
0.422972972972973,0.6575342465753424,0.5,0.3168880573744933,0.6,0.8,0.3333333333333333,0.8571428571428571,0.0,0.0,0.0,0.0,0.0,0.14285714285714282,0.951219512195122,0
0.562561425061425,0.1232876712328767,0.5,0.22802064927415724,0.6,0.8,0.6666666666666666,0.5714285714285714,0.4,0.0,0.0,0.0,0.0,0.14285714285714282,0.951219512195122,0
0.07113022113022113,0.32876712328767127,0.5,0.06809895021307556,0.6,0.8,0.3333333333333333,0.2857142857142857,0.0,0.0,0.0,0.0,0.0,0.39795918367346933,0.951219512195122,0
0.5802518427518427,0.4931506849315069,0.25,0.12803173613276514,0.8,0.8666666666666667,0.3333333333333333,0.7142857142857142,0.0,0.0,0.0,0.0,0.0,0.39795918367346933,0.951219512195122,1
0.4217444717444717,0.3698630136986301,0.5,0.18392751966185084,1.0,0.6,0.3333333333333333,0.07142857142857142,1.0,0.0,1.0,0.0,0.0,0.346938775510204,0.951219512195122,0
0.7408476658476658,0.35616438356164376,0.5,0.09747635380937532,0.6,0.8,0.3333333333333333,0.2857142857142857,0.0,0.0,0.0,0.07298072980729807,0.0,0.39795918367346933,0.951219512195122,1
0.30479115479115476,0.46575342465753417,0.5,0.13006963933063093,0.4,0.26666666666666666,0.3333333333333333,0.21428571428571427,0.0,0.0,0.0,0.0,0.0,0.5,0.951219512195122,1
0.8458230958230958,0.2328767123287671,0.625,0.011758306482347642,1.0,0.6,0.3333333333333333,0.21428571428571427,0.0,0.0,0.0,0.0,0.0,0.7040816326530611,0.951219512195122,0
0.7136977886977887,0.30136986301369856,0.5,0.0650646155978242,0.7333333333333333,0.5333333333333333,0.0,0.5714285714285714,0.8,1.0,1.0,0.06849068490684906,0.0,0.39795918367346933,0.951219512195122,0
0.10457616707616707,0.41095890410958896,0.25,0.0848047673492014,1.0,0.6,0.3333333333333333,0.2857142857142857,0.0,0.0,0.0,0.0,0.0,0.39795918367346933,0.951219512195122,0
0.5161240786240786,0.32876712328767127,0.125,0.23811315525066695,0.7333333333333333,0.5333333333333333,0.3333333333333333,0.9285714285714285,0.0,0.0,0.0,0.0,0.0,0.39795918367346933,0.951219512195122,1
0.571590909090909,0.1917808219178082,0.5,0.14217163842982367,0.7333333333333333,0.5333333333333333,0.0,0.21428571428571427,0.2,0.0,0.0,0.0,0.0,0.44897959183673464,0.951219512195122,0
0.2541154791154791,0.5342465753424657,0.5,0.1107202993451824,0.7333333333333333,0.5333333333333333,0.0,0.5714285714285714,0.8,1.0,1.0,0.0,0.0,0.39795918367346933,0.5609756097560976,0
0.17893120393120393,0.0958904109589041,0.5,0.14422686484426428,0.7333333333333333,0.5333333333333333,0.6666666666666666,0.42857142857142855,0.2,0.0,0.0,0.0,0.0,0.39795918367346933,0.951219512195122,0
0.5423218673218673,0.35616438356164376,0.875,0.2952860063056508,1.0,0.6,0.0,0.07142857142857142,0.2,1.0,1.0,0.0,0.0,0.39795918367346933,0.951219512195122,0
0.7937346437346438,0.1643835616438356,0.5,0.24602016422409312,0.7333333333333333,0.5333333333333333,0.3333333333333333,0.5,0.0,0.0,0.0,0.0,0.0,0.39795918367346933,0.951219512195122,0
0.6949631449631449,0.2876712328767123,0.5,0.06642067699130375,0.6,0.8,0.6666666666666666,0.2857142857142857,0.2,0.0,0.0,0.022020220202202023,0.0,0.44897959183673464,0.951219512195122,0
0.41698402948402946,0.5205479452054793,0.5,0.18041852891244847,0.6,0.8,0.3333333333333333,0.9285714285714285,0.0,0.0,0.0,0.0,0.0,0.5510204081632653,0.951219512195122,1
0.8549140049140049,0.0958904109589041,0.5,0.05523611544191526,0.4666666666666667,0.7333333333333334,0.6666666666666666,0.2857142857142857,0.2,0.0,0.0,0.0,0.0,0.19387755102040813,0.951219512195122,0
0.8421068796068796,0.0547945205479452,0.5,0.29785261407338115,0.7333333333333333,0.5333333333333333,0.6666666666666666,0.42857142857142855,0.6000000000000001,0.0,1.0,0.0,0.0,0.39795918367346933,0.951219512195122,0
0.8468366093366093,0.4520547945205479,0.25,0.10521567404635693,0.7333333333333333,0.5333333333333333,0.6666666666666666,0.5714285714285714,0.2,1.0,1.0,0.0,0.0,0.39795918367346933,0.951219512195122,0
0.7859029484029484,0.3972602739726027,0.5,0.08050098742334476,0.0,0.33333333333333337,0.3333333333333333,0.42857142857142855,0.0,0.0,0.0,0.0,0.0,0.39795918367346933,0.951219512195122,0
0.07957616707616708,0.2191780821917808,0.5,0.11666909191698714,1.0,0.6,0.5,0.21428571428571427,0.2,0.0,0.0,0.0,0.0,0.39795918367346933,0.0,0
0.6531941031941032,0.2191780821917808,0.5,0.13964452759588403,1.0,0.6,0.0,0.9285714285714285,0.8,0.0,1.0,0.0,0.0,0.39795918367346933,0.951219512195122,0
0.9839373464373464,0.3835616438356165,0.75,0.013299379828846618,0.6,0.8,0.3333333333333333,0.8571428571428571,0.0,0.0,0.0,0.028290282902829027,0.0,0.6020408163265305,0.951219512195122,0
0.29207616707616707,0.4246575342465753,0.5,0.1315400339535045,0.06666666666666667,0.4,0.0,0.5714285714285714,0.2,0.0,1.0,0.0,0.0,0.336734693877551,0.951219512195122,0
0.4266277641277641,0.4246575342465753,0.5,0.0731483213803139,1.0,0.6,0.3333333333333333,0.7142857142857142,0.0,0.0,0.0,0.0,0.0,0.39795918367346933,0.951219512195122,1
0.16554054054054054,0.1917808219178082,0.5,0.09349686449779995,0.13333333333333333,0.4666666666666667,0.0,0.5714285714285714,0.8,0.0,1.0,0.0,0.0,0.2040816326530612,0.951219512195122,0
0.22297297297297297,0.0273972602739726,0.5,0.1487218930811073,1.0,0.6,0.6666666666666666,0.8571428571428571,0.6000000000000001,0.0,1.0,0.0,0.0,0.19387755102040813,0.951219512195122,0
0.07549140049140049,0.1643835616438356,0.25,0.11684925336936562,1.0,0.6,0.8333333333333333,0.07142857142857142,0.8,0.0,1.0,0.0,0.0,0.37755102040816324,0.951219512195122,0
0.8928132678132678,0.2602739726027397,0.5,0.0597512386099851,0.5333333333333333,0.6666666666666666,0.0,0.9285714285714285,0.8,0.0,1.0,0.0,0.0,0.39795918367346933,0.951219512195122,0
0.4971130221130221,0.0273972602739726,0.5,0.07998059799743616,0.7333333333333333,0.5333333333333333,0.6666666666666666,0.3571428571428571,0.6000000000000001,1.0,0.0,0.0,0.0,0.2959183673469387,0.951219512195122,0
0.8254299754299754,0.2054794520547945,0.875,0.26875030315629006,0.6,0.8,0.3333333333333333,0.7857142857142857,0.0,0.0,0.0,0.0,0.0,0.39795918367346933,0.951219512195122,1
0.3703316953316953,0.2602739726027397,0.75,0.07874995669195856,0.9333333333333333,0.9333333333333333,0.6666666666666666,0.7142857142857142,0.2,0.0,0.0,0.0,0.0,0.5510204081632653,0.951219512195122,1
0.2710380835380835,0.41095890410958896,0.75,0.11069466098465162,0.7333333333333333,0.5333333333333333,0.3333333333333333,0.8571428571428571,0.0,0.0,0.0,0.0,0.0,0.7551020408163265,0.951219512195122,1
0.5432432432432432,0.41095890410958896,0.5,0.06287288223677372,0.3333333333333333,0.2,0.3333333333333333,0.5,1.0,1.0,1.0,0.0,0.0,0.39795918367346933,0.8048780487804879,0
0.4967137592137592,0.0273972602739726,0.0,0.08128122509787616,1.0,0.6,0.6666666666666666,0.0,0.6000000000000001,0.0,0.0,0.0,0.0,0.39795918367346933,0.951219512195122,0
0.6377457002457002,0.5205479452054793,0.5,0.14609846516301148,0.4,0.26666666666666666,0.3333333333333333,0.3571428571428571,0.0,0.0,0.0,0.0,0.0,0.39795918367346933,0.951219512195122,0
0.8769041769041769,0.5753424657534245,0.5,0.09462564528981741,0.7333333333333333,0.5333333333333333,0.0,0.5,0.2,0.0,1.0,0.0,0.0,0.39795918367346933,0.951219512195122,0
0.639588452088452,0.136986301369863,0.0,0.12359422097495064,0.6,0.8,0.6666666666666666,0.0,0.8,1.0,0.0,0.0,0.0,0.24489795918367346,0.7317073170731707,0
0.5032248157248157,0.1095890410958904,0.5,0.12471884419499012,0.6,0.8,0.3333333333333333,0.7142857142857142,0.0,0.0,0.0,0.0,0.0,0.39795918367346933,0.951219512195122,0
0.9668304668304668,0.7123287671232876,0.875,0.10960260541177286,0.7333333333333333,0.5333333333333333,0.3333333333333333,0.5714285714285714,0.0,0.0,0.0,0.0,0.0,0.19387755102040813,0.951219512195122,0
0.7797297297297298,0.136986301369863,0.5,0.04590236635138412,0.7333333333333333,0.5333333333333333,0.6666666666666666,1.0,0.6000000000000001,0.0,1.0,0.0,0.0,0.14285714285714282,0.951219512195122,0
0.39917076167076165,0.0684931506849315,0.5,0.13824827633995082,1.0,0.6,0.6666666666666666,0.21428571428571427,0.6000000000000001,0.0,0.0,0.0,0.0,0.39795918367346933,0.951219512195122,0
0.2798832923832924,0.41095890410958896,0.125,0.08705401378928039,1.0,0.6,0.3333333333333333,0.07142857142857142,0.0,1.0,0.0,0.0,0.0,0.39795918367346933,0.951219512195122,1
0.6572481572481572,0.2328767123287671,0.5,0.23132522606797631,0.7333333333333333,0.5333333333333333,0.6666666666666666,0.9285714285714285,0.2,0.0,0.0,0.0,0.0,0.39795918367346933,0.951219512195122,0
0.06557125307125307,0.3698630136986301,0.5,0.048205661227176656,0.7333333333333333,0.5333333333333333,0.6666666666666666,0.8571428571428571,0.2,1.0,1.0,0.0,0.0,0.39795918367346933,0.951219512195122,0
0.4474201474201474,0.2876712328767123,0.5,0.014241069881855662,0.6,0.8,0.0,0.7142857142857142,0.8,0.0,1.0,0.0,0.0,0.5612244897959183,0.951219512195122,0
0.02585995085995086,0.46575342465753417,0.5,0.09321830717527631,1.0,0.6,0.3333333333333333,0.7142857142857142,0.0,0.0,0.0,0.0,0.0,0.39795918367346933,0.951219512195122,1
0.04401105651105651,0.0136986301369863,0.0,0.10920347850188823,1.0,0.6,0.6666666666666666,0.0,0.6000000000000001,0.0,1.0,0.005940059400594006,0.0,0.14285714285714282,0.951219512195122,0
0.9905405405405405,0.27397260273972607,0.75,0.06349998267678342,0.6,0.8,0.3333333333333333,0.8571428571428571,1.0,0.0,1.0,0.0,0.0,0.5,0.951219512195122,0
0.33866707616707614,0.6027397260273972,0.0,0.15267505110348892,0.9333333333333333,0.9333333333333333,0.3333333333333333,0.0,0.0,0.0,0.0,0.0,0.0,0.39795918367346933,0.951219512195122,1
0.7318796068796068,0.3835616438356165,0.75,0.06501403180542563,1.0,0.6,0.3333333333333333,0.5714285714285714,1.0,0.0,1.0,0.0,0.0,0.9999999999999999,0.951219512195122,0
0.5791769041769042,0.4931506849315069,0.5,0.05805148459966046,1.0,0.6,0.3333333333333333,0.2857142857142857,0.0,0.0,0.0,0.0,0.39944903581267216,0.39795918367346933,0.951219512195122,0
0.33553439803439805,0.0684931506849315,0.5,0.18950906004226867,0.5333333333333333,0.6666666666666666,0.6666666666666666,0.21428571428571427,0.6000000000000001,0.0,0.0,0.0,0.0,0.39795918367346933,0.951219512195122,0
0.7033476658476658,0.1917808219178082,0.625,0.09523680837057824,0.7333333333333333,0.5333333333333333,0.3333333333333333,0.21428571428571427,0.0,0.0,0.0,0.0,0.0,0.5,0.951219512195122,0
0.43393734643734644,0.4246575342465753,0.75,0.16284447216159098,0.7333333333333333,0.5333333333333333,0.3333333333333333,0.21428571428571427,0.0,0.0,0.0,0.0,0.0,0.2959183673469387,0.7073170731707318,0
0.013574938574938574,0.0958904109589041,0.125,0.12388732979939714,0.7333333333333333,0.5333333333333333,0.6666666666666666,0.14285714285714285,0.6000000000000001,0.0,0.0,0.0,0.0,0.39795918367346933,0.951219512195122,0
0.594502457002457,0.1232876712328767,0.5,0.21498943283788935,0.6,0.8,0.6666666666666666,0.7142857142857142,0.2,0.0,1.0,0.0,0.0,0.44897959183673464,0.951219512195122,0
0.4353808353808354,0.1643835616438356,0.5,0.11127048470359976,0.7333333333333333,0.5333333333333333,0.3333333333333333,0.5,0.0,0.0,0.0,0.0,0.0,0.5,0.951219512195122,0
0.5422911547911548,0.27397260273972607,0.5,0.1473595953296608,0.5333333333333333,0.6666666666666666,0.6666666666666666,0.5714285714285714,0.2,0.0,0.0,0.0,0.0,0.39795918367346933,0.951219512195122,0
0.9318181818181818,0.547945205479452,0.5,0.040491286422062844,0.7333333333333333,0.5333333333333333,0.3333333333333333,0.5714285714285714,0.0,0.0,0.0,0.0,0.0,0.7857142857142856,0.951219512195122,0
0.964527027027027,0.27397260273972607,0.5,0.06354225132522606,0.6,0.8,0.3333333333333333,0.7142857142857142,0.0,0.0,0.0,0.07688076880768807,0.0,0.38775510204081626,0.951219512195122,1
0.6614864864864864,0.41095890410958896,0.75,0.15621799535737796,0.7333333333333333,0.5333333333333333,0.3333333333333333,0.3571428571428571,0.0,0.0,0.0,0.028290282902829027,0.0,0.6530612244897959,0.951219512195122,0
0.6081081081081081,0.2054794520547945,0.75,0.29883310813151787,0.7333333333333333,0.5333333333333333,0.6666666666666666,0.21428571428571427,0.2,0.0,0.0,0.0,0.0,0.39795918367346933,0.951219512195122,0
0.07245085995085995,0.0410958904109589,0.0,0.07554862626892561,0.0,0.33333333333333337,0.6666666666666666,0.0,0.6000000000000001,0.0,0.0,0.0,0.0,0.39795918367346933,0.951219512195122,0
0.8866093366093366,0.1643835616438356,0.5,0.1203083532550324,0.6,0.8,0.3333333333333333,0.2857142857142857,0.0,1.0,0.0,0.0,0.0,0.5510204081632653,0.951219512195122,1
0.36108722358722356,0.6027397260273972,0.875,0.0964376537435471,0.0,0.33333333333333337,0.6666666666666666,0.5714285714285714,0.2,1.0,1.0,0.0,0.0,0.37755102040816324,0.951219512195122,0
0.3820945945945946,0.4520547945205479,0.75,0.07100647888299899,0.6,0.8,0.6666666666666666,0.21428571428571427,0.2,0.0,0.0,0.04416044160441605,0.0,0.44897959183673464,0.951219512195122,0
0.0976965601965602,0.0547945205479452,0.5,0.031130513113674943,0.7333333333333333,0.5333333333333333,0.6666666666666666,0.21428571428571427,0.6000000000000001,0.0,0.0,0.0,0.0,0.39795918367346933,0.951219512195122,0
0.19837223587223587,0.1232876712328767,0.5,0.027492637632955688,0.13333333333333333,0.4666666666666667,0.6666666666666666,0.8571428571428571,0.4,1.0,0.0,0.0,0.0,0.510204081632653,0.951219512195122,0
0.5216216216216216,0.7945205479452053,0.0,0.16391088937393897,0.7333333333333333,0.5333333333333333,0.16666666666666666,0.0,1.0,0.0,1.0,0.026530265302653025,0.0,0.13265306122448978,0.951219512195122,0
0.1589987714987715,0.6849315068493149,0.5,0.1285937012784534,1.0,0.6,0.0,0.07142857142857142,0.2,0.0,1.0,0.0,0.0,0.39795918367346933,0.951219512195122,0
0.15098280098280098,0.41095890410958896,0.5,0.012591899663929597,0.5333333333333333,0.6666666666666666,0.3333333333333333,0.5714285714285714,0.0,0.0,0.0,0.0,0.0,0.39795918367346933,0.951219512195122,0
0.7284398034398034,0.4520547945205479,0.5,0.18805460277864394,1.0,0.6,0.0,0.21428571428571427,0.2,0.0,0.0,0.0,0.0,0.39795918367346933,0.951219512195122,0
0.15445331695331696,0.0,0.5,0.07535737795793923,0.13333333333333333,0.4666666666666667,0.6666666666666666,0.8571428571428571,0.6000000000000001,0.0,1.0,0.0,0.0,0.14285714285714282,0.951219512195122,0
0.5602579852579852,0.136986301369863,0.5,0.054674843224889996,0.7333333333333333,0.5333333333333333,0.6666666666666666,0.07142857142857142,0.6000000000000001,0.0,0.0,0.0,0.0,0.39795918367346933,0.951219512195122,0
0.6577395577395577,0.4520547945205479,0.25,0.0555735717007934,1.0,0.6,0.3333333333333333,0.21428571428571427,0.0,0.0,0.0,0.0,0.0,0.39795918367346933,0.951219512195122,0
0.17567567567567566,0.1506849315068493,0.0,0.03025673006963933,0.6,0.8,0.6666666666666666,0.0,0.6000000000000001,1.0,1.0,0.0,0.0,0.39795918367346933,0.2682926829268293,0
0.6637285012285012,0.0958904109589041,0.5,0.19205418702144617,0.5333333333333333,0.6666666666666666,0.6666666666666666,0.07142857142857142,0.6000000000000001,1.0,1.0,0.0,0.0,0.39795918367346933,0.7317073170731707,0
0.8588759213759214,0.46575342465753417,0.5,0.05130928870872743,0.5333333333333333,0.6666666666666666,0.3333333333333333,0.5714285714285714,0.0,0.0,0.0,0.04064040640406404,0.0,0.5510204081632653,0.951219512195122,0
0.4453624078624078,0.0684931506849315,0.5,0.2507230710598344,0.7333333333333333,0.5333333333333333,0.6666666666666666,0.8571428571428571,0.8,0.0,1.0,0.0,0.0,0.346938775510204,0.951219512195122,0
0.07263513513513513,0.41095890410958896,0.5,0.11964106295256903,1.0,0.6,0.8333333333333333,0.5714285714285714,0.2,1.0,1.0,0.0,0.0,0.346938775510204,0.951219512195122,0
0.46824324324324323,0.136986301369863,0.5,0.06743997505456813,0.4,0.26666666666666666,0.3333333333333333,0.5,1.0,0.0,1.0,0.0,0.0,0.36734693877551017,0.7804878048780488,0
0.9870085995085995,0.1232876712328767,0.875,0.10163739043065516,0.8,0.8666666666666667,0.6666666666666666,0.2857142857142857,0.2,0.0,1.0,0.0,0.0,0.39795918367346933,0.951219512195122,0
0.807985257985258,0.5205479452054793,0.75,0.10952776911616949,0.7333333333333333,0.5333333333333333,0.0,0.5714285714285714,0.4,0.0,1.0,0.0,0.0,0.39795918367346933,0.951219512195122,0
0.42113022113022114,0.0136986301369863,0.5,0.010736929633094272,0.7333333333333333,0.5333333333333333,0.6666666666666666,0.8571428571428571,0.6000000000000001,0.0,1.0,0.0,0.0,0.24489795918367346,0.951219512195122,0
0.8887899262899263,0.4794520547945205,0.5,0.13482798045941172,0.7333333333333333,0.5333333333333333,0.3333333333333333,0.21428571428571427,0.0,0.0,0.0,0.0,0.0,0.39795918367346933,0.951219512195122,0
0.17374078624078623,0.2191780821917808,0.5,0.172190693968056,1.0,0.6,0.3333333333333333,0.21428571428571427,0.0,0.0,0.0,0.0,0.0,0.4081632653061224,0.951219512195122,1
0.8177518427518428,0.1095890410958904,0.5,0.15409347607663793,0.5333333333333333,0.6666666666666666,0.3333333333333333,0.21428571428571427,0.0,0.0,0.0,0.0,0.0,0.44897959183673464,0.951219512195122,0
0.8322788697788698,0.4383561643835617,0.75,0.08012749887399093,0.7333333333333333,0.5333333333333333,0.3333333333333333,0.21428571428571427,0.0,0.0,0.0,0.0,0.0,0.39795918367346933,0.951219512195122,0
0.022174447174447175,0.1643835616438356,0.5,0.17949831964799226,0.6,0.8,0.6666666666666666,0.7142857142857142,0.2,0.0,0.0,0.04650046500465005,0.0,0.39795918367346933,0.951219512195122,0
0.4183968058968059,0.7397260273972601,0.5,0.1389467484322489,0.7333333333333333,0.5333333333333333,0.3333333333333333,0.8571428571428571,0.0,0.0,0.0,0.0,0.0,0.3571428571428571,0.951219512195122,0
0.4796990171990172,0.4246575342465753,0.5,0.11799258566330596,0.6,0.8,0.3333333333333333,0.8571428571428571,0.0,1.0,0.0,0.0,0.0,0.39795918367346933,0.951219512195122,1
0.04407248157248157,0.5616438356164384,0.625,0.11889616463985032,0.0,0.33333333333333337,0.3333333333333333,1.0,1.0,0.0,1.0,0.0,0.0,0.39795918367346933,0.951219512195122,0
0.2831388206388206,0.0547945205479452,0.5,0.11330423032948758,0.7333333333333333,0.5333333333333333,0.6666666666666666,0.7142857142857142,0.8,0.0,1.0,0.0,0.0,0.5510204081632653,0.951219512195122,0
0.3026105651105651,0.0684931506849315,0.5,0.13970619824689048,0.26666666666666666,0.13333333333333336,0.6666666666666666,0.6428571428571428,0.4,0.0,1.0,0.0,0.0,0.39795918367346933,0.1951219512195122,0
0.6241707616707617,0.2328767123287671,0.125,0.09110695353913315,0.4666666666666667,0.7333333333333334,0.6666666666666666,0.07142857142857142,0.2,0.0,0.0,0.0,0.0,0.39795918367346933,0.951219512195122,0
0.41937960687960685,0.4383561643835617,0.875,0.26282784187367914,0.6,0.8,0.3333333333333333,0.2857142857142857,0.0,0.0,0.0,0.15024150241502415,0.0,0.39795918367346933,0.951219512195122,1
0.3982186732186732,0.0821917808219178,0.5,0.35608148841076814,0.6,0.8,0.6666666666666666,0.07142857142857142,0.8,1.0,1.0,0.0,0.0,0.39795918367346933,0.951219512195122,0
0.014465601965601965,0.0684931506849315,0.0,0.08841631154072688,1.0,0.6,0.6666666666666666,0.0,0.6000000000000001,0.0,0.0,0.0,0.0,0.39795918367346933,0.951219512195122,0
0.42189803439803436,0.1506849315068493,0.125,0.22826733187818316,0.7333333333333333,0.5333333333333333,0.6666666666666666,0.21428571428571427,0.2,0.0,0.0,0.0,0.0,0.39795918367346933,0.951219512195122,0
0.7299447174447175,0.2191780821917808,0.5,0.4198496344801303,0.7333333333333333,0.5333333333333333,0.6666666666666666,0.2857142857142857,0.2,0.0,1.0,0.0,0.0,0.39795918367346933,0.951219512195122,0
0.4489250614250614,0.2876712328767123,0.5,0.11106676367667949,0.6,0.8,0.3333333333333333,0.2857142857142857,0.0,0.0,0.0,0.0,0.42424242424242425,0.5408163265306122,0.951219512195122,1
0.1953931203931204,0.46575342465753417,0.5,0.051337698783910195,0.6,0.8,0.3333333333333333,0.5,0.0,0.0,0.0,0.0,0.0,0.24489795918367346,0.951219512195122,0
0.6218366093366093,0.30136986301369856,0.25,0.09531095173751862,0.6,0.8,0.0,0.7142857142857142,0.8,0.0,1.0,0.0,0.0,0.39795918367346933,0.951219512195122,0
0.4787162162162162,0.4246575342465753,0.5,0.13353081800228667,0.7333333333333333,0.5333333333333333,0.6666666666666666,0.9285714285714285,0.8,1.0,1.0,0.0,0.0,0.32653061224489793,0.5609756097560976,0
0.8335380835380836,0.7123287671232876,0.0,0.06533000727575096,0.6666666666666666,1.0,0.3333333333333333,0.0,0.0,0.0,0.0,0.0,0.0,0.5,0.951219512195122,1
0.2296990171990172,0.726027397260274,0.75,0.09604060561965146,1.0,0.6,0.3333333333333333,0.21428571428571427,0.0,0.0,0.0,0.0,0.0,0.24489795918367346,0.951219512195122,0
0.3416154791154791,0.30136986301369856,0.125,0.013877282333783736,0.6,0.8,0.6666666666666666,0.7142857142857142,0.2,0.0,1.0,0.0,0.0,0.6020408163265305,0.951219512195122,0
0.8117628992628992,0.6986301369863013,0.5,0.12643245677857465,0.6666666666666666,1.0,0.0,0.7142857142857142,0.2,0.0,1.0,0.0,0.0,0.39795918367346933,0.12195121951219512,0
0.33786855036855035,0.0821917808219178,0.0,0.21958147108755155,1.0,0.6,0.6666666666666666,0.0,0.2,0.0,0.0,0.0,0.0,0.39795918367346933,0.951219512195122,0
0.4490786240786241,0.1232876712328767,0.5,0.10982988601323493,1.0,0.6,0.3333333333333333,1.0,0.0,0.0,0.0,0.0,0.0,0.39795918367346933,0.951219512195122,0
0.2146191646191646,0.6301369863013697,0.5,0.2319162942175103,0.6,0.8,0.3333333333333333,0.7142857142857142,1.0,0.0,1.0,0.07688076880768807,0.0,0.3571428571428571,0.951219512195122,1
0.05101351351351351,0.3698630136986301,0.5,0.06795551397983578,0.6,0.8,0.3333333333333333,0.2857142857142857,0.0,0.0,0.0,0.0,0.0,0.39795918367346933,0.951219512195122,1
0.5447788697788698,0.2602739726027397,0.5,0.310537366178152,0.4,0.26666666666666666,0.0,0.8571428571428571,0.2,0.0,1.0,0.0,0.0,0.39795918367346933,0.951219512195122,0
0.7451474201474201,0.1232876712328767,0.5,0.03922669161209853,0.7333333333333333,0.5333333333333333,0.6666666666666666,0.07142857142857142,0.2,0.0,0.0,0.0,0.0,0.5,0.6341463414634146,0
0.3475737100737101,0.5890410958904109,0.5,0.06161036621279839,0.5333333333333333,0.6666666666666666,0.0,0.5714285714285714,0.2,0.0,0.0,0.0,0.0,0.19387755102040813,0.951219512195122,0
0.6481572481572482,0.5068493150684932,0.875,0.06298305789418979,0.6666666666666666,1.0,0.3333333333333333,0.2857142857142857,0.0,0.0,0.0,0.0,0.43663911845730025,0.5,0.951219512195122,1
0.8714680589680589,0.30136986301369856,0.5,0.15837300349928976,1.0,0.6,0.6666666666666666,0.5714285714285714,0.2,0.0,1.0,0.0,0.0,0.24489795918367346,0.951219512195122,0
0.2565724815724816,0.2465753424657534,0.5,0.061040085923154214,0.0,0.33333333333333337,0.0,0.21428571428571427,0.2,0.0,0.0,0.0,0.0,0.6020408163265305,0.951219512195122,0
0.9973894348894349,0.0684931506849315,0.5,0.038075737102865256,0.7333333333333333,0.5333333333333333,0.6666666666666666,0.42857142857142855,0.8,0.0,0.0,0.0,0.0,0.44897959183673464,0.951219512195122,0
0.8207309582309582,0.32876712328767127,0.75,0.1565318920417143,0.7333333333333333,0.5333333333333333,0.3333333333333333,0.3571428571428571,1.0,0.0,1.0,0.0,0.0,0.39795918367346933,0.951219512195122,0
0.5186425061425062,0.6301369863013697,0.5,0.076330942729446,0.13333333333333333,0.4666666666666667,0.3333333333333333,0.21428571428571427,0.0,0.0,0.0,0.0,0.0,0.39795918367346933,0.951219512195122,0
0.7831695331695332,0.1643835616438356,1.0,0.1387956899837162,1.0,0.6,0.3333333333333333,0.3571428571428571,0.6000000000000001,0.0,0.0,0.0,0.0,0.6530612244897959,0.951219512195122,0
0.05221130221130221,0.27397260273972607,0.5,0.16937809652496277,1.0,0.6,0.0,0.07142857142857142,0.8,1.0,1.0,0.0,0.0,0.346938775510204,0.951219512195122,0
0.8889127764127764,0.0821917808219178,0.0,0.051312753352042405,1.0,0.6,0.6666666666666666,0.0,0.2,0.0,1.0,0.0,0.0,0.14285714285714282,0.951219512195122,0
0.08614864864864864,0.0136986301369863,0.5,0.2600443474344316,0.0,0.33333333333333337,0.6666666666666666,0.8571428571428571,0.6000000000000001,0.0,0.0,0.0,0.0,0.09183673469387754,0.951219512195122,0
0.7183968058968059,0.3835616438356165,0.5,0.17198835879846172,0.8,0.8666666666666667,0.3333333333333333,0.2857142857142857,0.0,0.0,0.0,0.0,0.0,0.5,0.951219512195122,1
0.12625921375921376,0.35616438356164376,0.5,0.12230260194712954,1.0,0.6,0.0,1.0,0.2,0.0,0.0,0.0,0.0,0.44897959183673464,0.951219512195122,0
0.6082002457002457,0.1232876712328767,0.5,0.19430204760419917,0.13333333333333333,0.4666666666666667,0.6666666666666666,0.21428571428571427,0.2,0.0,0.0,0.0,0.0,0.39795918367346933,0.6341463414634146,0
0.6922911547911548,0.2602739726027397,0.5,0.14380279250251188,0.4,0.26666666666666666,0.3333333333333333,0.21428571428571427,0.0,0.0,0.0,0.0,0.0,0.346938775510204,0.3170731707317073,0
0.6899262899262899,0.0958904109589041,0.5,0.1504403561653328,0.06666666666666667,0.4,0.6666666666666666,0.3571428571428571,0.8,0.0,0.0,0.024630246302463025,0.0,0.39795918367346933,0.951219512195122,0
0.27457002457002455,0.136986301369863,0.0,0.12225063229740497,1.0,0.6,0.0,0.0,0.2,0.0,0.0,0.0,0.0,0.2959183673469387,0.951219512195122,0
0.026842751842751842,0.5205479452054793,0.5,0.18741502962270035,0.26666666666666666,0.13333333333333336,0.0,0.5714285714285714,0.8,1.0,0.0,0.0,0.0,0.24489795918367346,0.951219512195122,0
0.7565417690417691,0.2191780821917808,0.5,0.03188857707099054,0.5333333333333333,0.6666666666666666,0.3333333333333333,0.21428571428571427,0.0,0.0,0.0,0.0,0.0,0.39795918367346933,0.951219512195122,0
0.3012592137592138,0.4520547945205479,0.5,0.015208398295395489,0.7333333333333333,0.5333333333333333,0.3333333333333333,0.3571428571428571,0.0,0.0,0.0,0.0,0.0,0.5,0.951219512195122,0
0.3919840294840295,0.0410958904109589,0.5,0.18729446003533937,1.0,0.6,0.6666666666666666,0.5714285714285714,0.2,0.0,0.0,0.0,0.0,0.39795918367346933,0.951219512195122,0
0.2273034398034398,0.2465753424657534,0.625,0.0483428611024495,1.0,0.6,0.3333333333333333,0.8571428571428571,1.0,0.0,1.0,0.0,0.0,0.39795918367346933,0.951219512195122,0
0.18682432432432433,0.1095890410958904,0.5,0.03339916155631777,1.0,0.6,0.6666666666666666,0.07142857142857142,0.6000000000000001,0.0,1.0,0.0,0.0,0.2959183673469387,0.951219512195122,0
0.02582923832923833,0.2465753424657534,0.5,0.08514499532273152,1.0,0.6,0.3333333333333333,0.21428571428571427,0.0,0.0,0.0,0.0,0.0,0.5,0.951219512195122,0
0.6043304668304668,0.1643835616438356,0.25,0.12696878356373212,0.8,0.8666666666666667,0.3333333333333333,0.7142857142857142,0.0,0.0,0.0,0.0,0.0,0.39795918367346933,0.951219512195122,0
0.8097665847665847,0.5068493150684932,0.875,0.12920070678723627,1.0,0.6,0.3333333333333333,0.7857142857142857,0.0,0.0,0.0,0.0,0.0,0.39795918367346933,0.951219512195122,1
0.12754914004914006,0.41095890410958896,0.625,0.11341371305824065,0.6,0.8,0.6666666666666666,0.8571428571428571,0.2,0.0,0.0,0.033250332503325035,0.0,0.6020408163265305,0.951219512195122,0
0.11658476658476659,0.6575342465753424,0.5,0.10862488306828812,0.7333333333333333,0.5333333333333333,0.6666666666666666,0.5,0.2,0.0,0.0,0.0,0.0,0.09183673469387754,0.951219512195122,0
0.580558968058968,0.1232876712328767,0.25,0.22560509995495964,0.6,0.8,0.6666666666666666,0.7142857142857142,0.6000000000000001,1.0,1.0,0.0,0.0,0.39795918367346933,0.951219512195122,0
0.6588144963144963,0.4931506849315069,0.625,0.09957246301493261,0.8,0.8666666666666667,0.3333333333333333,0.8571428571428571,0.0,0.0,0.0,0.0,0.0,0.6530612244897959,0.951219512195122,1
0.6885749385749386,0.2328767123287671,0.5,0.07036898451304438,1.0,0.6,0.3333333333333333,0.8571428571428571,0.0,0.0,0.0,0.0,0.0,0.44897959183673464,0.951219512195122,1
0.8660012285012285,0.3150684931506849,0.5,0.19036344108374043,0.9333333333333333,0.9333333333333333,0.3333333333333333,0.7142857142857142,0.0,0.0,0.0,0.15024150241502415,0.0,0.5510204081632653,0.2682926829268293,1
0.15893734643734644,0.3424657534246575,0.75,0.06021550081419118,1.0,0.6,0.3333333333333333,0.2857142857142857,0.0,0.0,0.0,0.0,0.0,0.39795918367346933,0.951219512195122,1
0.3679361179361179,0.1917808219178082,0.5,0.14774763538093755,0.5333333333333333,0.6666666666666666,0.6666666666666666,0.5714285714285714,0.8,0.0,1.0,0.0,0.0,0.39795918367346933,0.951219512195122,0
0.4419226044226044,0.3150684931506849,0.5,0.053094965873263344,0.6,0.8,0.3333333333333333,0.2857142857142857,0.0,0.0,0.0,0.15024150241502415,0.0,0.5,0.951219512195122,1
0.05451474201474201,0.1917808219178082,0.5,0.19134116342722518,0.0,0.33333333333333337,0.3333333333333333,0.5,0.0,0.0,0.0,0.0,0.0,0.39795918367346933,0.951219512195122,0
0.8712223587223586,0.30136986301369856,0.5,0.18019817759761633,0.7333333333333333,0.5333333333333333,0.3333333333333333,0.07142857142857142,1.0,0.0,1.0,0.0,0.0,0.24489795918367346,0.951219512195122,0
0.3658169533169533,0.3424657534246575,0.5,0.07129750892145653,0.6,0.8,0.0,0.7142857142857142,0.8,0.0,1.0,0.0,0.0,0.14285714285714282,0.951219512195122,0
0.23707002457002457,0.7123287671232876,0.5,0.36687246647957594,1.0,0.6,1.0,0.07142857142857142,0.2,0.0,1.0,0.02050020500205002,0.0,0.2346938775510204,0.951219512195122,0
0.2457923832923833,0.2465753424657534,0.75,0.11564009285244084,0.7333333333333333,0.5333333333333333,0.6666666666666666,0.8571428571428571,0.8,1.0,1.0,0.0,0.0,0.37755102040816324,0.2682926829268293,0
0.497051597051597,0.2328767123287671,0.5,0.08557668987977687,0.6,0.8,0.6666666666666666,0.7142857142857142,0.2,0.0,1.0,0.0,0.0,0.3571428571428571,0.951219512195122,0
0.20264127764127762,0.35616438356164376,0.5,0.20838928732287013,0.7333333333333333,0.5333333333333333,0.3333333333333333,0.5,0.0,1.0,0.0,0.04386043860438604,0.0,0.39795918367346933,0.951219512195122,1
0.7837530712530713,0.0,0.0,0.05376087031840072,0.0,0.33333333333333337,0.6666666666666666,0.0,0.6000000000000001,0.0,0.0,0.0,0.0,0.39795918367346933,0.951219512195122,0
0.3695945945945946,0.2465753424657534,0.5,0.14981672036863805,1.0,0.6,0.6666666666666666,0.8571428571428571,0.6000000000000001,0.0,0.0,0.0,0.0,0.47959183673469385,0.951219512195122,0
0.23022113022113022,0.0684931506849315,0.5,0.14921595121782213,0.7333333333333333,0.5333333333333333,0.0,1.0,0.2,0.0,0.0,0.0,0.0,0.39795918367346933,0.951219512195122,0
0.016646191646191646,0.1780821917808219,0.5,0.15633717908741296,1.0,0.6,0.6666666666666666,0.42857142857142855,0.8,0.0,1.0,0.0,0.0,0.39795918367346933,0.951219512195122,0
0.07315724815724815,0.30136986301369856,0.0,0.06354225132522606,0.7333333333333333,0.5333333333333333,0.6666666666666666,0.0,0.2,0.0,0.0,0.0,0.36501377410468316,0.39795918367346933,0.951219512195122,0
0.6207002457002457,0.35616438356164376,0.875,0.07928212590513806,0.6,0.8,0.3333333333333333,0.2857142857142857,0.0,0.0,0.0,0.0,0.0,0.346938775510204,0.951219512195122,1
0.38135749385749385,0.2328767123287671,0.5,0.27239095035166133,1.0,0.6,0.6666666666666666,0.21428571428571427,0.2,1.0,0.0,0.0,0.0,0.2755102040816326,0.951219512195122,0
0.08424447174447174,0.1780821917808219,0.875,0.1297536638603056,0.7333333333333333,0.5333333333333333,0.3333333333333333,0.07142857142857142,0.0,0.0,0.0,0.0,0.43663911845730025,0.39795918367346933,0.951219512195122,0
0.7687960687960688,0.1780821917808219,0.5,0.13981775976163255,1.0,0.6,0.6666666666666666,0.3571428571428571,0.4,1.0,0.0,0.0,0.0,0.7244897959183673,0.951219512195122,0
0.7076474201474201,0.2328767123287671,0.5,0.12887087274365105,1.0,0.6,0.3333333333333333,0.9285714285714285,0.0,0.0,0.0,0.03103031030310303,0.0,0.39795918367346933,0.951219512195122,1
0.9178746928746928,0.2054794520547945,0.75,0.2543928212590514,0.5333333333333333,0.6666666666666666,0.3333333333333333,0.21428571428571427,0.0,0.0,0.0,0.0,0.0,0.39795918367346933,0.951219512195122,0
0.6195945945945945,0.0547945205479452,0.5,0.1349949762671933,0.7333333333333333,0.5333333333333333,0.6666666666666666,0.42857142857142855,0.6000000000000001,0.0,0.0,0.0,0.0,0.39795918367346933,0.951219512195122,0
0.9248464373464373,0.2191780821917808,0.5,0.2625014724734089,0.7333333333333333,0.5333333333333333,0.6666666666666666,0.42857142857142855,0.6000000000000001,0.0,0.0,0.0,0.0,0.39795918367346933,0.951219512195122,0
0.5888820638820639,0.136986301369863,0.5,0.11411634272251671,0.5333333333333333,0.6666666666666666,0.6666666666666666,0.21428571428571427,0.2,0.0,0.0,0.0,0.0,0.39795918367346933,0.951219512195122,0
0.6615479115479115,0.27397260273972607,0.5,0.17861899317465268,1.0,0.6,0.0,0.07142857142857142,0.8,0.0,1.0,0.25236252362523626,0.0,0.24489795918367346,0.951219512195122,1
0.006664619164619165,0.2876712328767123,0.5,0.1180223815958147,0.6,0.8,0.3333333333333333,0.8571428571428571,0.0,0.0,0.0,0.0,0.0,0.5,0.7560975609756098,0
0.2984336609336609,0.32876712328767127,0.75,0.14014897966254375,0.7333333333333333,0.5333333333333333,0.0,1.0,0.2,0.0,0.0,0.0,0.36501377410468316,0.39795918367346933,0.951219512195122,0
0.8375921375921376,0.4794520547945205,0.5,0.2080116412015383,0.7333333333333333,0.5333333333333333,1.0,1.0,0.2,0.0,0.0,0.0,0.0,0.39795918367346933,0.951219512195122,0
0.983968058968059,0.4794520547945205,0.5,0.1958950906004227,0.6,0.8,0.3333333333333333,0.7142857142857142,0.0,0.0,0.0,0.0,0.0,0.39795918367346933,0.951219512195122,1
0.37432432432432433,0.1095890410958904,0.5,0.10421785677164536,0.13333333333333333,0.4666666666666667,0.3333333333333333,0.21428571428571427,0.0,0.0,0.0,0.0,0.0,0.39795918367346933,0.951219512195122,1
0.9697481572481572,0.0136986301369863,0.5,0.1728406610539445,0.7333333333333333,0.5333333333333333,0.6666666666666666,0.07142857142857142,0.2,0.0,1.0,0.0,0.0,0.39795918367346933,0.951219512195122,0
0.4539004914004914,0.30136986301369856,0.875,0.14466548868793958,0.8,0.8666666666666667,0.3333333333333333,0.7142857142857142,0.4,1.0,1.0,0.07688076880768807,0.0,0.37755102040816324,0.951219512195122,1
0.3542997542997543,0.6301369863013697,0.75,0.08146069362159165,0.3333333333333333,0.2,0.3333333333333333,0.21428571428571427,0.0,0.0,0.0,0.0,0.0,0.39795918367346933,0.951219512195122,0
0.35835380835380837,0.1506849315068493,0.5,0.2252662578387555,0.7333333333333333,0.5333333333333333,0.3333333333333333,0.21428571428571427,0.0,0.0,0.0,0.0,0.0,0.39795918367346933,0.951219512195122,0
0.8966830466830467,0.0273972602739726,0.5,0.130889373938953,0.7333333333333333,0.5333333333333333,0.6666666666666666,0.8571428571428571,0.2,0.0,1.0,0.0,0.0,0.2959183673469387,0.951219512195122,0
0.8718058968058968,0.2191780821917808,0.25,0.16214946471260785,0.6,0.8,0.6666666666666666,0.7142857142857142,0.2,0.0,1.0,0.0,0.0,0.4591836734693877,0.951219512195122,0
0.3683353808353808,0.2602739726027397,0.25,0.15917472196237398,0.6,0.8,0.3333333333333333,0.7142857142857142,0.0,0.0,0.0,0.0,0.3838383838383838,0.5,0.951219512195122,0
0.38295454545454544,0.136986301369863,0.5,0.16940650660014553,0.4666666666666667,0.7333333333333334,0.6666666666666666,0.8571428571428571,0.2,0.0,0.0,0.0,0.0,0.39795918367346933,0.951219512195122,0
0.9679054054054054,0.3698630136986301,0.125,0.16030973911235838,0.5333333333333333,0.6666666666666666,0.3333333333333333,0.21428571428571427,0.0,0.0,0.0,0.0,0.0,0.39795918367346933,0.951219512195122,1
0.8796068796068796,0.46575342465753417,0.5,0.2080116412015383,1.0,0.6,0.3333333333333333,1.0,0.0,0.0,0.0,0.03908039080390804,0.0,0.39795918367346933,0.951219512195122,0
0.42730343980343977,0.0958904109589041,0.5,0.31335412119322315,0.4666666666666667,0.7333333333333334,0.6666666666666666,0.8571428571428571,0.2,1.0,0.0,0.0,0.0,0.39795918367346933,0.0,0
0.3562039312039312,0.1780821917808219,0.5,0.2555992100613242,1.0,0.6,0.3333333333333333,0.21428571428571427,0.0,0.0,0.0,0.0,0.0,0.39795918367346933,0.951219512195122,0
0.9132063882063882,0.1095890410958904,0.5,0.0395856286595295,1.0,0.6,0.6666666666666666,0.8571428571428571,0.6000000000000001,0.0,1.0,0.0,0.0,0.39795918367346933,0.951219512195122,0
0.9629606879606879,0.2054794520547945,0.5,0.12094307591033503,0.6,0.8,0.3333333333333333,0.21428571428571427,0.0,0.0,0.0,0.0,0.0,0.39795918367346933,0.951219512195122,1
0.2822174447174447,0.1095890410958904,0.5,0.21405952257215122,0.6,0.8,0.6666666666666666,0.2857142857142857,0.2,0.0,0.0,0.04101041010410104,0.0,0.346938775510204,0.951219512195122,0
0.9812960687960688,0.27397260273972607,0.75,0.12926999965353567,0.06666666666666667,0.4,0.3333333333333333,1.0,0.0,0.0,0.0,0.0,0.0,0.39795918367346933,0.951219512195122,0
0.2756756756756757,0.2602739726027397,0.5,0.20307452447770502,0.0,0.33333333333333337,0.0,0.21428571428571427,0.4,1.0,0.0,0.0,0.0,0.39795918367346933,0.951219512195122,0
0.8758906633906633,0.30136986301369856,0.125,0.2523438312025777,0.9333333333333333,0.9333333333333333,0.3333333333333333,0.7142857142857142,0.0,0.0,0.0,0.0,0.4331955922865014,0.5,0.951219512195122,1
0.8430896805896806,0.0410958904109589,0.5,0.109348300592454,1.0,0.6,0.6666666666666666,0.07142857142857142,0.6000000000000001,0.0,1.0,0.0,0.0,0.09183673469387754,0.951219512195122,0
0.619563882063882,0.5068493150684932,0.25,0.25142847243876243,0.5333333333333333,0.6666666666666666,0.0,0.21428571428571427,0.2,0.0,0.0,0.0,0.0,0.39795918367346933,0.951219512195122,0
0.13964987714987714,0.27397260273972607,0.5,0.012984097287184285,0.7333333333333333,0.5333333333333333,0.3333333333333333,0.21428571428571427,0.0,0.0,0.0,0.0,0.0,0.510204081632653,0.951219512195122,0
0.39711302211302213,0.46575342465753417,0.5,0.07119149083601843,0.7333333333333333,0.5333333333333333,0.3333333333333333,0.21428571428571427,0.0,0.0,0.0,0.0,0.0,0.39795918367346933,0.951219512195122,0
0.779054054054054,0.3698630136986301,0.5,0.14580466340990197,0.3333333333333333,0.2,0.3333333333333333,0.5,0.0,1.0,0.0,0.0,0.0,0.39795918367346933,0.6585365853658537,0
0.10267199017199016,0.32876712328767127,0.625,0.08843917818660568,0.5333333333333333,0.6666666666666666,0.3333333333333333,0.8571428571428571,0.0,1.0,0.0,0.0,0.5002295684113865,0.846938775510204,0.6341463414634146,0
0.9596437346437346,0.32876712328767127,0.5,0.15767453140699167,0.7333333333333333,0.5333333333333333,0.5,1.0,0.8,1.0,0.0,0.0,0.0,0.5,0.951219512195122,0
0.2777948402948403,0.1506849315068493,0.125,0.030742473062398225,0.6,0.8,0.6666666666666666,0.7142857142857142,0.6000000000000001,1.0,1.0,0.0,0.0,0.39795918367346933,0.951219512195122,0
0.16296068796068797,0.1643835616438356,0.75,0.08931850465994526,1.0,0.6,0.3333333333333333,0.3571428571428571,0.0,0.0,0.0,0.0,0.0,0.5510204081632653,0.951219512195122,0
0.1257985257985258,0.5753424657534245,0.5,0.038496344801302707,0.7333333333333333,0.5333333333333333,0.3333333333333333,0.42857142857142855,0.0,0.0,0.0,0.0,0.0,0.39795918367346933,0.951219512195122,1
0.34004914004914005,0.3835616438356165,0.625,0.06529605377126424,0.7333333333333333,0.5333333333333333,0.0,0.2857142857142857,0.2,0.0,1.0,0.0,0.0,0.39795918367346933,0.951219512195122,0
0.9818488943488943,0.1643835616438356,0.5,0.23964175588123204,0.7333333333333333,0.5333333333333333,0.6666666666666666,0.5714285714285714,0.4,1.0,1.0,0.0,0.0,0.520408163265306,0.951219512195122,0
0.5414312039312039,0.2054794520547945,0.5,0.061862592246128265,0.6,0.8,0.6666666666666666,0.7142857142857142,0.2,0.0,1.0,0.0,0.0,0.44897959183673464,0.951219512195122,0
0.9544840294840294,0.0136986301369863,0.5,0.08962408620032568,1.0,0.6,0.6666666666666666,0.9285714285714285,0.6000000000000001,0.0,0.0,0.021760217602176023,0.0,0.19387755102040813,0.951219512195122,0
0.6403869778869778,0.0958904109589041,0.5,0.10089664968991442,1.0,0.6,0.6666666666666666,0.42857142857142855,0.6000000000000001,1.0,0.0,0.0,0.0,0.39795918367346933,0.951219512195122,0
0.48025184275184274,0.35616438356164376,0.5,0.10010047465613414,1.0,0.6,0.3333333333333333,0.21428571428571427,0.0,1.0,0.0,0.0,0.0,0.39795918367346933,0.951219512195122,0
0.36934889434889434,0.5342465753424657,0.5,0.12707133700585527,0.0,0.33333333333333337,0.3333333333333333,0.5714285714285714,0.0,0.0,0.0,0.0,0.0,0.346938775510204,0.12195121951219512,1
0.7116707616707616,0.27397260273972607,0.5,0.2793992308491841,1.0,0.6,0.3333333333333333,0.5,0.0,1.0,0.0,0.0,0.0,0.39795918367346933,0.951219512195122,1
0.285012285012285,0.3424657534246575,0.75,0.08405155389252676,1.0,0.6,0.3333333333333333,0.21428571428571427,0.0,0.0,0.0,0.0,0.0,0.39795918367346933,0.1951219512195122,0
0.7485872235872235,0.136986301369863,0.5,0.07013546755361535,0.8,0.8666666666666667,0.6666666666666666,0.07142857142857142,0.6000000000000001,0.0,0.0,0.0,0.0,0.44897959183673464,0.951219512195122,0
0.9591830466830467,0.4246575342465753,0.5,0.12846758826178845,1.0,0.6,0.3333333333333333,0.8571428571428571,0.0,1.0,0.0,0.0,0.0,0.39795918367346933,0.951219512195122,1
0.8115479115479115,0.1643835616438356,0.5,0.06504382773793438,0.7333333333333333,0.5333333333333333,0.6666666666666666,0.21428571428571427,0.2,0.0,0.0,0.0,0.0,0.5,0.951219512195122,0
0.79757371007371,0.1506849315068493,0.5,0.09810761182136299,0.06666666666666667,0.4,0.3333333333333333,0.21428571428571427,0.0,0.0,0.0,0.0,0.0,0.39795918367346933,0.951219512195122,0
0.5464373464373464,0.32876712328767127,0.5,0.11321692131795032,0.6,0.8,0.3333333333333333,0.9285714285714285,0.0,0.0,0.0,0.0,0.0,0.39795918367346933,0.951219512195122,1
0.27883906633906635,0.30136986301369856,0.625,0.14148771783944844,0.6,0.8,0.3333333333333333,0.2857142857142857,0.0,0.0,0.0,0.0,0.0,0.6020408163265305,0.951219512195122,1
0.7656633906633906,0.2191780821917808,0.5,0.015634549423136884,1.0,0.6,0.3333333333333333,0.5714285714285714,0.0,0.0,0.0,0.0,0.0,0.39795918367346933,0.951219512195122,0
0.5868550368550368,0.32876712328767127,0.25,0.10144683504833177,0.6,0.8,0.3333333333333333,0.7857142857142857,0.0,0.0,0.0,0.0,0.0,0.5,0.951219512195122,0
0.6627457002457002,0.1506849315068493,0.5,0.17919273810761183,0.4666666666666667,0.7333333333333334,0.6666666666666666,0.8571428571428571,0.2,0.0,0.0,0.0,0.0,0.6530612244897959,0.951219512195122,0
0.4945331695331695,0.30136986301369856,0.5,0.012741572255136334,1.0,0.6,0.0,0.42857142857142855,0.2,0.0,0.0,0.0,0.0,0.5,0.951219512195122,1
0.22711916461916462,0.4520547945205479,0.75,0.01676540900114333,0.0,0.33333333333333337,0.0,0.21428571428571427,0.2,0.0,0.0,0.0,0.0,0.44897959183673464,0.951219512195122,0
0.2238943488943489,0.30136986301369856,0.875,0.13083879014655442,0.6,0.8,0.3333333333333333,0.2857142857142857,1.0,0.0,1.0,0.0,0.0,0.5510204081632653,0.951219512195122,1
0.5808353808353808,0.0958904109589041,0.0,0.2770820774001317,0.7333333333333333,0.5333333333333333,0.3333333333333333,0.0,1.0,0.0,1.0,0.0,0.0,0.39795918367346933,0.6341463414634146,0
0.12039312039312039,0.7534246575342465,0.5,0.0286865537192946,1.0,0.6,0.3333333333333333,0.7857142857142857,0.0,1.0,0.0,0.0,0.0,0.39795918367346933,0.951219512195122,0
0.28344594594594597,0.2054794520547945,0.5,0.13581817551883035,0.7333333333333333,0.5333333333333333,0.3333333333333333,0.8571428571428571,0.0,0.0,0.0,0.0,0.0,0.5,0.951219512195122,0
0.06704545454545455,0.2465753424657534,0.75,0.13531718809548557,0.3333333333333333,0.2,0.3333333333333333,0.3571428571428571,0.0,0.0,0.0,0.0,0.0,0.7551020408163265,0.951219512195122,0
0.36649262899262897,0.35616438356164376,0.125,0.030335031008557667,0.6,0.8,0.3333333333333333,0.8571428571428571,0.0,0.0,0.0,0.0,0.0,0.6020408163265305,0.951219512195122,0
0.3468366093366093,0.3698630136986301,0.5,0.030626061047015207,0.6,0.8,0.6666666666666666,0.07142857142857142,0.6000000000000001,0.0,1.0,0.0,0.0,0.36734693877551017,0.951219512195122,0
0.7007985257985258,0.1780821917808219,0.5,0.046539167792675744,1.0,0.6,0.0,0.07142857142857142,0.8,0.0,1.0,0.0,0.0,0.09183673469387754,0.951219512195122,0
0.316492628992629,0.2191780821917808,0.5,0.23952395800852302,0.7333333333333333,0.5333333333333333,0.3333333333333333,0.42857142857142855,0.0,0.0,0.0,0.0,0.0,0.346938775510204,0.4634146341463415,0
0.8035626535626536,0.1643835616438356,0.5,0.18135675432214254,1.0,0.6,0.6666666666666666,0.7142857142857142,0.2,0.0,0.0,0.0,0.0,0.44897959183673464,0.951219512195122,0
0.9394656019656019,0.2465753424657534,0.5,0.08127221702525725,0.7333333333333333,0.5333333333333333,0.3333333333333333,1.0,0.0,0.0,0.0,0.0,0.0,0.6530612244897959,0.951219512195122,0
0.5181203931203932,0.4931506849315069,0.5,0.19129543013546757,0.6,0.8,0.3333333333333333,0.2857142857142857,0.0,0.0,0.0,0.0,0.0,0.39795918367346933,0.951219512195122,1
0.019256756756756758,0.2876712328767123,0.75,0.17688459273117835,0.7333333333333333,0.5333333333333333,0.3333333333333333,0.8571428571428571,0.0,0.0,0.0,0.0,0.0,0.6428571428571428,0.951219512195122,0
0.8343366093366094,0.3972602739726027,0.625,0.0787215466167758,0.8,0.8666666666666667,0.3333333333333333,0.8571428571428571,0.0,0.0,0.0,0.0,0.0,0.5,0.951219512195122,1
0.6177518427518427,0.4794520547945205,0.5,0.21251429165367428,0.7333333333333333,0.5333333333333333,0.0,0.07142857142857142,0.8,0.0,1.0,0.0,0.0,0.39795918367346933,0.12195121951219512,0
0.6680896805896805,0.0684931506849315,0.5,0.1626164986314659,1.0,0.6,0.6666666666666666,0.7142857142857142,0.2,0.0,0.0,0.0,0.0,0.11224489795918367,0.951219512195122,0
0.03409090909090909,0.2465753424657534,0.625,0.19204171430551226,0.8,0.8666666666666667,0.3333333333333333,0.8571428571428571,0.0,0.0,0.0,0.0,0.0,0.44897959183673464,0.6341463414634146,1
0.3133292383292383,0.2328767123287671,0.5,0.06331012022312303,1.0,0.6,0.3333333333333333,0.2857142857142857,0.0,0.0,0.0,0.0,0.0,0.39795918367346933,0.951219512195122,1
0.8709766584766585,0.4931506849315069,0.5,0.10765755465474829,0.7333333333333333,0.5333333333333333,0.3333333333333333,0.21428571428571427,0.0,0.0,0.0,0.0,0.0,0.39795918367346933,0.951219512195122,1
0.7555282555282555,0.32876712328767127,0.625,0.15503308734365798,0.6,0.8,0.3333333333333333,0.7142857142857142,0.0,0.0,0.0,0.15024150241502415,0.0,0.39795918367346933,0.951219512195122,1
0.4961302211302211,0.3835616438356165,0.5,0.08354086546790007,0.7333333333333333,0.5333333333333333,0.6666666666666666,0.42857142857142855,0.2,0.0,1.0,0.0,0.0,0.39795918367346933,0.951219512195122,0
0.04978501228501228,0.3698630136986301,0.75,0.11590756331635657,0.7333333333333333,0.5333333333333333,0.3333333333333333,0.2857142857142857,0.0,0.0,0.0,0.0,0.45385674931129477,0.44897959183673464,0.951219512195122,1
0.5452088452088452,0.2054794520547945,0.0,0.09106052731871253,1.0,0.6,0.6666666666666666,0.0,0.8,0.0,1.0,0.0,0.0,0.39795918367346933,0.951219512195122,0
0.4983415233415233,0.0136986301369863,0.5,0.13415722551363338,0.06666666666666667,0.4,0.6666666666666666,0.8571428571428571,0.6000000000000001,0.0,0.0,0.0,0.0,0.14285714285714282,0.951219512195122,0
0.9973587223587224,0.2602739726027397,0.5,0.12093961126702006,0.4666666666666667,0.7333333333333334,0.3333333333333333,0.21428571428571427,0.0,0.0,0.0,0.0,0.0,0.520408163265306,0.951219512195122,1
0.5380528255528255,0.32876712328767127,0.5,0.12805876035062191,1.0,0.6,0.6666666666666666,0.5714285714285714,0.2,1.0,0.0,0.0,0.0,0.19387755102040813,0.951219512195122,0
0.12957616707616706,0.1232876712328767,0.5,0.0737629491043897,0.6,0.8,0.6666666666666666,0.7142857142857142,0.2,0.0,1.0,0.0,0.0,0.19387755102040813,0.951219512195122,0
0.6811425061425062,0.3424657534246575,0.5,0.22830059245400686,1.0,0.6,0.6666666666666666,0.5,0.2,0.0,1.0,0.0,0.0,0.39795918367346933,0.951219512195122,0
0.2870085995085995,0.4383561643835617,0.5,0.10988878494958944,0.8,0.8666666666666667,0.3333333333333333,0.2857142857142857,0.0,0.0,0.0,0.0,0.0,0.44897959183673464,0.951219512195122,1
0.566031941031941,0.2328767123287671,0.625,0.11220593839864186,0.8,0.8666666666666667,0.6666666666666666,0.2857142857142857,0.2,0.0,1.0,0.04787047870478705,0.0,0.44897959183673464,0.24390243902439024,1
0.9061425061425061,0.2602739726027397,0.5,0.20397117416761945,0.6,0.8,0.3333333333333333,0.2857142857142857,0.0,0.0,0.0,0.0,0.0,0.5510204081632653,0.951219512195122,1
0.02288083538083538,0.3424657534246575,0.25,0.0790174271558743,0.6,0.8,0.3333333333333333,0.7142857142857142,1.0,0.0,1.0,0.0,0.0,0.39795918367346933,0.951219512195122,1
0.3029176904176904,0.46575342465753417,0.125,0.10284308630426497,0.7333333333333333,0.5333333333333333,0.3333333333333333,0.07142857142857142,0.0,0.0,0.0,0.0,0.0,0.39795918367346933,0.951219512195122,0
0.7630528255528255,0.0821917808219178,0.5,0.027911859474067144,0.7333333333333333,0.5333333333333333,0.6666666666666666,0.07142857142857142,0.2,0.0,1.0,0.0,0.0,0.39795918367346933,0.951219512195122,0
0.2191031941031941,0.27397260273972607,0.5,0.11327582025430481,0.6,0.8,0.3333333333333333,0.9285714285714285,0.0,0.0,0.0,0.0,0.0,0.39795918367346933,0.951219512195122,1
0.02199017199017199,0.2191780821917808,0.5,0.1260132349374632,0.7333333333333333,0.5333333333333333,0.3333333333333333,0.5,0.0,0.0,0.0,0.0,0.0,0.39795918367346933,0.951219512195122,0
0.950061425061425,0.0684931506849315,0.5,0.09362297751446488,0.6,0.8,0.6666666666666666,0.3571428571428571,0.2,0.0,0.0,0.0,0.0,0.19387755102040813,0.951219512195122,0
0.8936732186732187,0.27397260273972607,0.5,0.19407892457471504,0.6,0.8,0.3333333333333333,0.7142857142857142,0.0,1.0,0.0,0.0,0.0,0.5,0.0,1
0.3218058968058968,0.3972602739726027,0.5,0.22178567716453593,1.0,0.6,0.3333333333333333,0.07142857142857142,0.0,0.0,0.0,0.0,0.0,0.39795918367346933,0.951219512195122,0
0.8675061425061424,0.41095890410958896,0.75,0.11652357689775837,1.0,0.6,0.3333333333333333,0.9285714285714285,0.0,1.0,0.0,0.0,0.0,0.39795918367346933,0.951219512195122,1
0.057678132678132675,0.0821917808219178,0.0,0.0074011710494404585,0.6,0.8,0.6666666666666666,0.0,0.6000000000000001,0.0,0.0,0.0,0.0,0.346938775510204,0.951219512195122,0
0.5861793611793612,0.0958904109589041,0.5,0.0969344835949139,1.0,0.6,0.6666666666666666,0.42857142857142855,0.2,0.0,0.0,0.0,0.0,0.38775510204081626,0.951219512195122,0
0.733507371007371,0.1643835616438356,0.5,0.36288189030939266,1.0,0.6,0.3333333333333333,0.21428571428571427,0.0,0.0,0.0,0.0,0.0,0.44897959183673464,0.951219512195122,0
0.538544226044226,0.6438356164383561,0.5,0.42938156116827775,0.0,0.33333333333333337,0.3333333333333333,0.07142857142857142,0.0,0.0,0.0,0.0,0.0,0.39795918367346933,0.951219512195122,0
0.6678132678132678,0.3835616438356165,0.125,0.06256037140976337,0.7333333333333333,0.5333333333333333,0.3333333333333333,0.21428571428571427,0.0,0.0,0.0,0.0,0.0,0.39795918367346933,0.951219512195122,1
0.25135135135135134,0.5753424657534245,0.5,0.1280968714270866,0.7333333333333333,0.5333333333333333,0.3333333333333333,0.7857142857142857,0.0,0.0,0.0,0.0,0.0,0.2346938775510204,0.951219512195122,1
0.06716830466830466,0.0958904109589041,0.5,0.23609811869867997,0.6,0.8,0.6666666666666666,0.5,0.2,0.0,0.0,0.0,0.0,0.6530612244897959,0.951219512195122,0
0.11038083538083537,0.5753424657534245,0.0,0.09836191664068183,0.7333333333333333,0.5333333333333333,0.3333333333333333,0.0,1.0,0.0,1.0,0.07688076880768807,0.0,0.39795918367346933,0.951219512195122,1
0.8611179361179361,0.2054794520547945,0.5,0.08952984790215847,0.5333333333333333,0.6666666666666666,0.0,0.2857142857142857,0.8,0.0,1.0,0.0,0.0,0.5,0.951219512195122,0
0.5533783783783783,0.0958904109589041,0.5,0.09004053632678516,0.6,0.8,0.6666666666666666,0.07142857142857142,0.2,0.0,1.0,0.0,0.0,0.2959183673469387,0.951219512195122,0
0.20165847665847667,0.3150684931506849,0.75,0.07305962651145065,0.7333333333333333,0.5333333333333333,0.3333333333333333,0.3571428571428571,0.0,0.0,0.0,0.0,0.0,0.6020408163265305,0.951219512195122,0
0.8282862407862408,0.0273972602739726,0.875,0.09156636524269826,1.0,0.6,0.6666666666666666,0.7142857142857142,0.6000000000000001,0.0,0.0,0.0,0.0,0.09183673469387754,0.951219512195122,0
0.7663083538083538,0.0273972602739726,0.5,0.18391019644527598,0.4,0.26666666666666666,0.6666666666666666,0.3571428571428571,0.4,0.0,0.0,0.0,0.0,0.1530612244897959,0.6341463414634146,0
0.5322481572481572,0.41095890410958896,0.5,0.062379517028721895,0.8,0.8666666666666667,0.3333333333333333,0.2857142857142857,0.0,0.0,0.0,1.0,0.0,0.5,0.951219512195122,1
0.131019656019656,0.2054794520547945,0.5,0.2081432976475072,0.6,0.8,0.3333333333333333,0.7142857142857142,0.0,0.0,0.0,0.15024150241502415,0.0,0.5,0.951219512195122,1
0.8998464373464373,0.30136986301369856,0.75,0.09434778089595676,0.7333333333333333,0.5333333333333333,0.3333333333333333,0.3571428571428571,0.0,0.0,0.0,0.0,0.0,0.6020408163265305,0.951219512195122,0
0.3021191646191646,0.1643835616438356,0.5,0.128640127498874,0.7333333333333333,0.5333333333333333,0.3333333333333333,0.42857142857142855,1.0,0.0,1.0,0.0,0.0,0.39795918367346933,0.6341463414634146,1
0.9278869778869778,0.5753424657534245,0.25,0.20176003880400514,0.8,0.8666666666666667,1.0,0.7142857142857142,0.8,0.0,1.0,0.04787047870478705,0.0,0.6020408163265305,0.951219512195122,1
0.8096130221130221,0.1917808219178082,0.5,0.11777084849114784,0.7333333333333333,0.5333333333333333,0.0,0.21428571428571427,0.2,0.0,0.0,0.0,0.0,0.44897959183673464,0.951219512195122,0
0.2896191646191646,0.136986301369863,0.5,0.09728579842705193,0.7333333333333333,0.5333333333333333,0.3333333333333333,1.0,0.0,0.0,0.0,0.03908039080390804,0.0,0.346938775510204,0.951219512195122,0
0.582985257985258,0.3698630136986301,0.5,0.15639954266708245,0.9333333333333333,0.9333333333333333,0.3333333333333333,0.5,0.0,0.0,0.0,0.0,0.0,0.44897959183673464,0.0,0
0.591554054054054,0.1643835616438356,0.5,0.16589335827876522,0.6,0.8,0.6666666666666666,0.3571428571428571,0.6000000000000001,0.0,0.0,0.0,0.0,0.5,0.951219512195122,0
0.7111793611793612,0.2191780821917808,0.5,0.4064144406333368,1.0,0.6,0.0,0.07142857142857142,0.8,1.0,1.0,0.0,0.0,0.39795918367346933,0.951219512195122,0
0.634428746928747,0.3972602739726027,0.625,0.11341371305824065,0.13333333333333333,0.4666666666666667,0.3333333333333333,0.21428571428571427,0.0,0.0,0.0,0.0,0.0,0.44897959183673464,0.0,0
0.6189189189189189,0.4794520547945205,0.625,0.07100647888299899,0.6,0.8,0.3333333333333333,0.8571428571428571,0.0,0.0,0.0,0.15024150241502415,0.0,0.5,0.951219512195122,1
0.4850737100737101,0.0958904109589041,0.5,0.09426255067040848,1.0,0.6,0.3333333333333333,0.07142857142857142,0.0,1.0,0.0,0.0,0.0,0.39795918367346933,0.951219512195122,0
0.9671683046683046,0.30136986301369856,0.5,0.08781277067525899,0.6,0.8,0.3333333333333333,0.07142857142857142,0.0,1.0,0.0,0.0,0.0,0.39795918367346933,0.7317073170731707,1
0.5901105651105651,0.32876712328767127,0.5,0.07483075217406368,0.6,0.8,0.3333333333333333,0.7142857142857142,0.0,0.0,0.0,0.0,0.0,0.39795918367346933,0.951219512195122,1
0.41544840294840296,0.35616438356164376,0.5,0.02974604164501264,0.7333333333333333,0.5333333333333333,0.3333333333333333,0.5,0.0,0.0,0.0,0.0,0.45385674931129477,0.520408163265306,0.951219512195122,1
0.9681818181818181,0.46575342465753417,0.75,0.06021550081419118,0.4666666666666667,0.7333333333333334,0.3333333333333333,0.2857142857142857,0.0,0.0,0.0,0.0,0.0,0.39795918367346933,0.951219512195122,1
0.4837837837837838,0.30136986301369856,0.5,0.06642067699130375,0.5333333333333333,0.6666666666666666,0.3333333333333333,0.21428571428571427,0.0,0.0,0.0,0.0,0.0,0.39795918367346933,0.951219512195122,0
0.8120700245700245,0.5616438356164384,0.5,0.1338218480407442,0.7333333333333333,0.5333333333333333,0.3333333333333333,0.5,0.0,0.0,0.0,0.0,0.0,0.39795918367346933,0.951219512195122,0
0.37764127764127764,0.0958904109589041,0.75,0.11070366905727055,0.4666666666666667,0.7333333333333334,0.6666666666666666,0.21428571428571427,0.6000000000000001,0.0,0.0,0.0,0.0,0.39795918367346933,0.951219512195122,0
0.019133906633906635,0.1643835616438356,0.5,0.015312337594844612,0.5333333333333333,0.6666666666666666,0.3333333333333333,1.0,0.0,0.0,0.0,0.0,0.0,0.5510204081632653,0.951219512195122,0
0.955497542997543,0.0684931506849315,0.75,0.13978380625714584,1.0,0.6,0.6666666666666666,0.8571428571428571,0.6000000000000001,1.0,0.0,1.0,0.0,0.5510204081632653,0.951219512195122,1
0.5961609336609337,0.1780821917808219,0.5,0.15570661400408828,1.0,0.6,0.6666666666666666,0.07142857142857142,0.8,0.0,1.0,0.0,0.0,0.2959183673469387,0.951219512195122,0
0.7488022113022113,0.30136986301369856,0.5,0.06040051276721062,0.6,0.8,0.3333333333333333,0.7142857142857142,0.0,0.0,0.0,0.0,0.0,0.5,0.951219512195122,1
0.01812039312039312,0.3424657534246575,0.0,0.08668884038388247,0.7333333333333333,0.5333333333333333,0.3333333333333333,0.0,0.0,0.0,0.0,0.0,0.0,0.39795918367346933,0.951219512195122,0
0.3116093366093366,0.27397260273972607,0.5,0.1120347850188823,0.7333333333333333,0.5333333333333333,0.3333333333333333,1.0,0.0,0.0,0.0,0.0,0.0,0.39795918367346933,0.951219512195122,0
0.4916461916461916,0.2465753424657534,0.875,0.11089768908290891,0.6,0.8,0.8333333333333333,0.2857142857142857,0.2,0.0,0.0,0.0,0.0,0.4183673469387755,0.951219512195122,0
0.43396805896805896,0.0684931506849315,0.5,0.07309981637390431,0.6,0.8,0.6666666666666666,0.7142857142857142,0.6000000000000001,0.0,0.0,0.0,0.0,0.39795918367346933,0.951219512195122,0
0.78762285012285,0.1095890410958904,0.5,0.09684440286872466,0.6,0.8,0.6666666666666666,0.7142857142857142,0.6000000000000001,0.0,1.0,0.0,0.0,0.39795918367346933,0.3170731707317073,0
0.20307125307125307,0.0273972602739726,0.5,0.1272909953920244,0.7333333333333333,0.5333333333333333,0.6666666666666666,0.5714285714285714,0.2,0.0,1.0,0.0,0.0,0.5,0.951219512195122,0
0.06219287469287469,0.0821917808219178,0.0,0.09845684786751203,0.6,0.8,0.6666666666666666,0.0,0.2,0.0,1.0,0.0,0.0,0.5,0.951219512195122,0
0.8838144963144963,0.0136986301369863,0.75,0.021184215085056995,1.0,0.6,0.6666666666666666,0.21428571428571427,0.2,0.0,1.0,0.0,0.0,0.346938775510204,0.951219512195122,0
0.11210073710073709,0.0136986301369863,0.5,0.06403977410525587,0.7333333333333333,0.5333333333333333,0.6666666666666666,0.07142857142857142,0.6000000000000001,1.0,0.0,0.0,0.0,0.39795918367346933,0.951219512195122,0
0.2682432432432432,0.1917808219178082,0.5,0.08707826629248519,1.0,0.6,0.3333333333333333,0.5714285714285714,0.0,1.0,0.0,0.0,0.0,0.39795918367346933,0.8048780487804879,0
0.7481265356265356,0.0,0.5,0.014189793160794094,0.0,0.33333333333333337,0.6666666666666666,0.5714285714285714,0.6000000000000001,0.0,0.0,0.0,0.0,0.14285714285714282,0.951219512195122,0
0.8160626535626535,0.30136986301369856,0.5,0.025742992758895467,0.4666666666666667,0.7333333333333334,0.0,0.7142857142857142,0.8,0.0,1.0,0.0,0.3168044077134986,0.39795918367346933,0.951219512195122,0
0.06243857493857494,0.41095890410958896,0.5,0.12000138585732599,0.7333333333333333,0.5333333333333333,0.3333333333333333,0.21428571428571427,0.0,1.0,0.0,0.0,0.0,0.39795918367346933,0.951219512195122,0
0.5968673218673218,0.6849315068493149,0.5,0.1388767626372865,0.8,0.8666666666666667,0.5,0.2857142857142857,0.2,0.0,0.0,0.0,0.0,0.5510204081632653,0.951219512195122,1
0.1788083538083538,0.2465753424657534,0.5,0.060334684544226164,0.8,0.8666666666666667,0.3333333333333333,0.7142857142857142,1.0,0.0,1.0,0.15024150241502415,0.0,0.5,0.951219512195122,1
0.22149877149877148,0.1917808219178082,0.5,0.21228701105221218,0.06666666666666667,0.4,0.6666666666666666,0.21428571428571427,0.2,0.0,0.0,0.0,0.0,0.39795918367346933,0.951219512195122,0
0.6537776412776413,0.0,0.5,0.07562623427918096,0.06666666666666667,0.4,0.6666666666666666,0.07142857142857142,0.6000000000000001,0.0,1.0,0.0,0.0,0.1530612244897959,0.951219512195122,0
0.1703009828009828,0.0547945205479452,0.25,0.018352908568062917,1.0,0.6,0.6666666666666666,0.07142857142857142,0.6000000000000001,0.0,0.0,0.0,0.0,0.39795918367346933,0.951219512195122,0
0.27985257985257983,0.1095890410958904,0.5,0.03441845961958216,1.0,0.6,0.6666666666666666,1.0,0.2,0.0,0.0,0.0,0.0,0.5,0.951219512195122,0
0.650522113022113,0.3424657534246575,0.75,0.05837161764196376,0.6,0.8,0.3333333333333333,0.8571428571428571,0.0,0.0,0.0,0.0,0.0,0.39795918367346933,0.951219512195122,1
0.3385135135135135,0.0410958904109589,0.5,0.10595987943041263,1.0,0.6,0.6666666666666666,0.07142857142857142,0.6000000000000001,0.0,1.0,0.0,0.0,0.030612244897959183,0.951219512195122,0
0.3823402948402948,0.2465753424657534,0.5,0.13377195717700863,0.7333333333333333,0.5333333333333333,0.3333333333333333,0.21428571428571427,0.0,0.0,0.0,0.0,0.0,0.39795918367346933,0.951219512195122,0
0.15132063882063881,0.0547945205479452,0.5,0.1355631777708485,1.0,0.6,0.5,0.07142857142857142,0.6000000000000001,0.0,1.0,0.0,0.0,0.14285714285714282,0.951219512195122,0
0.8796990171990172,0.3424657534246575,0.5,0.05917818660568894,0.7333333333333333,0.5333333333333333,0.0,0.8571428571428571,0.2,0.0,0.0,0.0,0.0,0.4693877551020408,0.951219512195122,0
0.02506142506142506,0.32876712328767127,0.5,0.16779614038734714,0.5333333333333333,0.6666666666666666,0.6666666666666666,0.7142857142857142,0.2,0.0,1.0,0.0,0.0,0.6020408163265305,0.951219512195122,0
0.4746928746928747,0.0273972602739726,0.75,0.12605758237189482,1.0,0.6,0.6666666666666666,0.5714285714285714,0.6000000000000001,0.0,1.0,0.0,0.0,0.39795918367346933,0.6341463414634146,0
0.7531019656019656,0.5753424657534245,0.5,0.34883899802515334,0.3333333333333333,0.2,0.3333333333333333,0.21428571428571427,0.0,0.0,0.0,0.0,0.0,0.39795918367346933,0.951219512195122,0
0.810534398034398,0.1643835616438356,0.875,0.06561133631292658,0.8,0.8666666666666667,0.6666666666666666,0.7142857142857142,0.2,0.0,1.0,0.0,0.0,0.346938775510204,0.951219512195122,0
0.5502764127764128,0.1232876712328767,0.5,0.13464643314970726,0.6,0.8,0.6666666666666666,0.21428571428571427,0.6000000000000001,0.0,0.0,0.0,0.0,0.39795918367346933,0.6341463414634146,0
0.869502457002457,0.0684931506849315,0.5,0.10506600145515019,1.0,0.6,0.6666666666666666,0.07142857142857142,0.6000000000000001,0.0,1.0,0.0,0.0,0.19387755102040813,0.951219512195122,0
0.21268427518427518,0.3835616438356165,0.5,0.2186889789696151,0.9333333333333333,0.9333333333333333,0.6666666666666666,0.7142857142857142,0.2,0.0,0.0,0.0,0.0,0.39795918367346933,0.951219512195122,1
0.36016584766584764,0.0,0.5,0.1920243910889374,0.06666666666666667,0.4,0.6666666666666666,0.5,0.6000000000000001,1.0,0.0,0.0,0.0,0.11224489795918367,0.951219512195122,0
0.5097358722358722,0.2191780821917808,0.875,0.075501507119842,0.6,0.8,0.3333333333333333,0.7142857142857142,0.0,0.0,0.0,0.0,0.0,0.6020408163265305,0.951219512195122,1
0.9236486486486486,0.1780821917808219,0.125,0.025065308526487196,1.0,0.6,0.6666666666666666,0.07142857142857142,0.6000000000000001,1.0,1.0,0.0,0.0,0.39795918367346933,0.951219512195122,0
0.4328009828009828,0.0821917808219178,0.5,0.11580778158888543,0.7333333333333333,0.5333333333333333,0.6666666666666666,0.21428571428571427,0.8,0.0,0.0,0.0,0.0,0.39795918367346933,0.951219512195122,0
0.00476044226044226,0.4246575342465753,0.5,0.12156047534906282,0.7333333333333333,0.5333333333333333,0.3333333333333333,0.21428571428571427,0.0,0.0,0.0,0.0,0.0,0.4591836734693877,0.951219512195122,0
0.8827395577395577,0.32876712328767127,0.5,0.07375255517444479,0.13333333333333333,0.4666666666666667,0.0,0.07142857142857142,0.2,1.0,0.0,0.0,0.0,0.39795918367346933,0.951219512195122,0
0.10211916461916462,0.30136986301369856,0.5,0.11116862419013962,0.7333333333333333,0.5333333333333333,0.0,0.07142857142857142,0.8,0.0,1.0,0.0,0.0,0.39795918367346933,0.951219512195122,0
0.21719901719901719,0.2054794520547945,0.5,0.16158888542424557,0.7333333333333333,0.5333333333333333,0.3333333333333333,0.5,0.0,1.0,0.0,0.0,0.0,0.39795918367346933,0.0,0
0.41947174447174446,0.2328767123287671,0.5,0.151718809548557,0.4,0.26666666666666666,0.8333333333333333,0.3571428571428571,0.8,1.0,0.0,0.0,0.0,0.39795918367346933,0.951219512195122,0
0.6604115479115479,0.2465753424657534,0.5,0.0559532966081142,0.7333333333333333,0.5333333333333333,0.6666666666666666,0.5,0.2,1.0,0.0,0.0,0.0,0.39795918367346933,0.024390243902439025,0
0.25648034398034397,0.6027397260273972,0.5,0.15106329903336452,1.0,0.6,0.3333333333333333,0.07142857142857142,0.0,0.0,0.0,0.07688076880768807,0.0,0.39795918367346933,0.951219512195122,1
0.15546683046683046,0.6164383561643836,0.5,0.11534490524200533,0.7333333333333333,0.5333333333333333,0.3333333333333333,0.21428571428571427,0.0,0.0,0.0,0.0,0.0,0.44897959183673464,0.951219512195122,1
0.7750614250614251,0.3835616438356165,0.5,0.10831375809860375,0.13333333333333333,0.4666666666666667,0.3333333333333333,0.07142857142857142,1.0,1.0,1.0,0.03103031030310303,0.0,0.39795918367346933,0.951219512195122,1
0.8455159705159705,0.4520547945205479,0.5,0.09295222256868656,0.7333333333333333,0.5333333333333333,0.3333333333333333,0.21428571428571427,0.0,0.0,0.0,0.0,0.0,0.39795918367346933,0.951219512195122,0
0.8868550368550369,0.32876712328767127,0.5,0.07001281918026539,0.7333333333333333,0.5333333333333333,0.3333333333333333,0.42857142857142855,0.0,0.0,0.0,0.0,0.0,0.39795918367346933,0.951219512195122,0
0.9790233415233415,0.4383561643835617,0.5,0.056859647299310534,0.6,0.8,0.3333333333333333,0.21428571428571427,0.0,0.0,0.0,0.0,0.0,0.6020408163265305,0.951219512195122,0
0.9960687960687961,0.2602739726027397,0.5,0.13566365242698264,0.8666666666666667,0.0,0.0,0.5714285714285714,0.2,1.0,0.0,0.0,0.0,0.7244897959183673,0.6341463414634146,0
0.6585380835380835,0.2191780821917808,0.5,0.14484911478363305,0.5333333333333333,0.6666666666666666,0.6666666666666666,0.5,0.8,1.0,1.0,0.0,0.0,0.39795918367346933,0.951219512195122,0
0.24072481572481572,0.1095890410958904,0.5,0.16905934933998545,0.4666666666666667,0.7333333333333334,0.3333333333333333,0.8571428571428571,0.0,0.0,0.0,0.0,0.0,0.39795918367346933,0.951219512195122,0
0.6038390663390664,0.0136986301369863,0.5,0.07721234798877455,0.06666666666666667,0.4,0.6666666666666666,0.42857142857142855,0.2,1.0,0.0,0.0,0.0,0.39795918367346933,0.951219512195122,0
0.22094594594594594,0.27397260273972607,0.25,0.14267331878183143,0.6,0.8,0.3333333333333333,0.7142857142857142,0.0,0.0,0.0,0.0,0.4331955922865014,0.39795918367346933,0.951219512195122,1
0.9873157248157248,0.4520547945205479,0.75,0.1584291307209923,0.4666666666666667,0.7333333333333334,0.6666666666666666,0.8571428571428571,0.2,0.0,1.0,0.0,0.3232323232323232,0.04081632653061224,0.951219512195122,0
0.6696867321867321,0.6301369863013697,0.0,0.09279077019020891,0.6,0.8,0.3333333333333333,0.0,0.0,0.0,0.0,0.0,0.0,0.39795918367346933,0.951219512195122,0
0.9807739557739558,0.41095890410958896,0.875,0.13403111249696845,1.0,0.6,0.3333333333333333,0.5714285714285714,0.0,0.0,0.0,0.0,0.0,0.37755102040816324,0.951219512195122,0
0.05092137592137592,0.0136986301369863,0.5,0.14020164224093132,1.0,0.6,0.6666666666666666,0.8571428571428571,0.6000000000000001,0.0,0.0,0.0,0.0,0.1530612244897959,0.951219512195122,0
0.37585995085995083,0.3150684931506849,0.875,0.08857222048990056,0.4,0.26666666666666666,0.8333333333333333,0.5,0.2,1.0,0.0,0.0,0.0,0.39795918367346933,0.951219512195122,0
0.4436732186732187,0.35616438356164376,0.25,0.12875376779960504,0.7333333333333333,0.5333333333333333,0.3333333333333333,0.21428571428571427,0.0,0.0,0.0,0.07688076880768807,0.0,0.39795918367346933,0.951219512195122,1
0.1843058968058968,0.3698630136986301,0.5,0.16674981810622597,0.0,0.33333333333333337,0.0,0.07142857142857142,0.8,1.0,1.0,0.0,0.0,0.4183673469387755,0.951219512195122,0
0.4833845208845209,0.35616438356164376,0.5,0.12735959532966082,0.8,0.8666666666666667,0.3333333333333333,0.7142857142857142,0.0,0.0,0.0,0.0,0.0,0.5510204081632653,0.951219512195122,0
0.42994471744471746,0.27397260273972607,0.5,0.02767279908533416,0.06666666666666667,0.4,0.3333333333333333,1.0,0.0,0.0,0.0,0.0,0.0,0.39795918367346933,0.951219512195122,0
0.43028255528255527,0.3835616438356165,0.5,0.1028042822991373,0.6,0.8,0.0,0.07142857142857142,0.8,0.0,1.0,0.04687046870468704,0.0,0.346938775510204,0.951219512195122,1
0.6663697788697789,0.1232876712328767,0.5,0.03193431036274815,0.7333333333333333,0.5333333333333333,0.6666666666666666,0.07142857142857142,0.6000000000000001,0.0,0.0,0.0,0.0,0.39795918367346933,0.951219512195122,0
0.4233722358722359,0.6712328767123288,0.5,0.1610199909919274,0.6,0.8,0.3333333333333333,0.07142857142857142,0.0,1.0,0.0,0.0,0.0,0.39795918367346933,0.7317073170731707,0
0.3757678132678133,0.3424657534246575,0.5,0.11851436094654054,0.26666666666666666,0.13333333333333336,0.3333333333333333,0.5714285714285714,0.0,0.0,0.0,0.0,0.0,0.39795918367346933,0.1951219512195122,0
0.0578009828009828,0.3698630136986301,0.75,0.1625451269791775,0.7333333333333333,0.5333333333333333,0.3333333333333333,0.7142857142857142,1.0,0.0,1.0,0.0,0.0,0.39795918367346933,0.5365853658536586,1
0.21928746928746928,0.41095890410958896,0.5,0.07392648026885631,0.7333333333333333,0.5333333333333333,0.3333333333333333,1.0,0.0,0.0,0.0,0.0,0.0,0.5,0.951219512195122,1
0.8363636363636363,0.3698630136986301,0.5,0.16325052835810555,0.5333333333333333,0.6666666666666666,0.0,0.2857142857142857,0.2,0.0,0.0,0.08614086140861409,0.0,0.39795918367346933,0.951219512195122,1
0.3571560196560197,0.1917808219178082,0.5,0.0814322835464089,0.4,0.26666666666666666,0.6666666666666666,0.3571428571428571,0.2,0.0,0.0,0.0,0.0,0.39795918367346933,0.8048780487804879,0
0.8303439803439803,0.0,0.5,0.11770987076880436,0.0,0.33333333333333337,0.6666666666666666,0.6428571428571428,0.6000000000000001,0.0,0.0,0.0,0.0,0.2959183673469387,0.951219512195122,0
0.5346437346437346,0.2054794520547945,0.125,0.11220593839864186,0.6,0.8,0.6666666666666666,0.2857142857142857,0.2,0.0,1.0,0.0,0.0,0.6020408163265305,0.951219512195122,0
0.4221437346437346,0.0273972602739726,0.5,0.11092609915809166,0.06666666666666667,0.4,0.6666666666666666,1.0,0.6000000000000001,0.0,0.0,0.0,0.0,0.19387755102040813,0.951219512195122,0
0.6835687960687961,0.4520547945205479,0.5,0.1107923639261338,0.9333333333333333,0.9333333333333333,0.3333333333333333,0.7142857142857142,0.0,0.0,0.0,0.0,0.0,0.5,0.951219512195122,1
0.0511056511056511,0.3698630136986301,0.5,0.29848248622804285,0.7333333333333333,0.5333333333333333,0.3333333333333333,0.42857142857142855,0.0,1.0,0.0,0.0,0.0,0.39795918367346933,0.951219512195122,0
0.12985257985257984,0.2876712328767123,0.5,0.05823718948134289,0.5333333333333333,0.6666666666666666,0.0,0.07142857142857142,0.8,1.0,1.0,0.0,0.0,0.39795918367346933,0.951219512195122,0
0.9316339066339067,0.0410958904109589,0.0,0.10420399819838547,0.06666666666666667,0.4,0.6666666666666666,0.0,0.8,0.0,0.0,0.0,0.0,0.39795918367346933,0.1951219512195122,0
0.6629299754299754,0.136986301369863,0.5,0.1137989813948654,0.6,0.8,0.6666666666666666,0.07142857142857142,0.2,0.0,1.0,0.0,0.0,0.39795918367346933,0.951219512195122,0
0.9548832923832924,0.1643835616438356,0.625,0.013507258427744863,0.7333333333333333,0.5333333333333333,0.8333333333333333,0.7142857142857142,0.4,0.0,0.0,0.0,0.0,0.24489795918367346,0.951219512195122,0
0.8943796068796068,0.46575342465753417,0.75,0.023639954266708244,1.0,0.6,0.3333333333333333,0.7142857142857142,1.0,0.0,1.0,0.0,0.0,0.39795918367346933,0.951219512195122,1
0.3136670761670762,0.2465753424657534,0.5,0.06574160690156948,0.13333333333333333,0.4666666666666667,0.8333333333333333,0.5714285714285714,0.2,0.0,1.0,0.0,0.0,0.2959183673469387,0.951219512195122,0
0.16532555282555284,0.0410958904109589,0.0,0.020024252503204797,1.0,0.6,0.6666666666666666,0.0,0.6000000000000001,0.0,1.0,0.0,0.0,0.2959183673469387,0.951219512195122,0
0.3516891891891892,0.136986301369863,0.5,0.09400685999376364,0.7333333333333333,0.5333333333333333,0.6666666666666666,0.5,0.4,0.0,0.0,0.0,0.0,0.0,0.951219512195122,0
0.67257371007371,0.6849315068493149,0.5,0.06439455358070886,1.0,0.6,1.0,0.07142857142857142,0.2,0.0,1.0,0.0,0.0,0.24489795918367346,0.951219512195122,0
0.5645577395577396,0.2465753424657534,0.5,0.08901846654886879,0.7333333333333333,0.5333333333333333,0.6666666666666666,0.8571428571428571,0.2,0.0,0.0,0.0,0.0,0.24489795918367346,0.951219512195122,0
0.00214987714987715,0.0273972602739726,0.5,0.06182586702698957,1.0,0.6,0.6666666666666666,0.7142857142857142,0.6000000000000001,0.0,0.0,0.0,0.0,0.31632653061224486,0.951219512195122,0
0.3663390663390663,0.3835616438356165,0.5,0.1646744967605585,0.6,0.8,0.3333333333333333,0.3571428571428571,0.0,0.0,0.0,0.0,0.0,0.6020408163265305,0.951219512195122,0
0.16203931203931204,0.3698630136986301,0.5,0.07230502719745002,0.8,0.8666666666666667,0.3333333333333333,0.2857142857142857,0.0,0.0,0.0,0.0,0.0,0.5,0.951219512195122,1
0.10737100737100737,0.0136986301369863,0.5,0.0822838928732287,0.06666666666666667,0.4,0.6666666666666666,0.5714285714285714,0.4,1.0,0.0,0.0,0.0,0.14285714285714282,0.951219512195122,0
0.8992628992628993,0.4383561643835617,0.5,0.09652426982642137,1.0,0.6,0.3333333333333333,0.5714285714285714,0.0,0.0,0.0,0.0,0.0,0.31632653061224486,0.951219512195122,0
0.7414312039312039,0.32876712328767127,0.875,0.14561826559955654,0.4666666666666667,0.7333333333333334,0.3333333333333333,0.7857142857142857,0.0,0.0,0.0,0.0,0.0,0.39795918367346933,0.951219512195122,0
0.5097051597051597,0.41095890410958896,0.5,0.12181408723971866,0.7333333333333333,0.5333333333333333,0.3333333333333333,0.5,0.0,0.0,0.0,0.0,0.0,0.39795918367346933,0.951219512195122,1
0.46845823095823097,0.1917808219178082,0.5,0.18482486228042824,0.8,0.8666666666666667,0.3333333333333333,0.2857142857142857,0.0,0.0,0.0,0.0,0.5544077134986226,0.7040816326530611,0.8780487804878049,1
0.3028869778869779,0.5342465753424657,0.875,0.09122128676852717,0.6,0.8,1.0,0.7142857142857142,0.2,0.0,1.0,0.0,0.0,0.39795918367346933,0.951219512195122,0
0.47776412776412774,0.3835616438356165,0.5,0.12299968818210165,0.8,0.8666666666666667,0.3333333333333333,0.8571428571428571,0.0,0.0,0.0,0.0,0.0,0.39795918367346933,0.951219512195122,1
0.29563882063882063,0.4794520547945205,0.0,0.07131898971000936,0.9333333333333333,0.9333333333333333,0.5,0.0,0.8,1.0,1.0,0.0,0.0,0.39795918367346933,0.975609756097561,0
0.12076167076167076,0.2054794520547945,0.25,0.0799404081349825,0.7333333333333333,0.5333333333333333,0.3333333333333333,0.21428571428571427,0.0,0.0,0.0,0.0,0.0,0.39795918367346933,0.951219512195122,1
0.8610257985257985,0.0958904109589041,0.5,0.2653999930707134,1.0,0.6,0.6666666666666666,0.8571428571428571,0.6000000000000001,0.0,1.0,0.0,0.0,0.346938775510204,0.951219512195122,0
0.9644348894348894,0.3698630136986301,0.125,0.08791601704604511,0.4666666666666667,0.7333333333333334,0.0,0.07142857142857142,0.2,1.0,1.0,0.0,0.39967860422405876,0.39795918367346933,0.951219512195122,0
0.4851965601965602,0.3150684931506849,0.5,0.13688667151716732,0.7333333333333333,0.5333333333333333,0.6666666666666666,0.21428571428571427,0.2,0.0,0.0,0.0,0.0,0.39795918367346933,0.951219512195122,0
0.5967444717444718,0.0273972602739726,0.5,0.3003450784741711,0.7333333333333333,0.5333333333333333,0.6666666666666666,0.21428571428571427,0.2,0.0,0.0,0.0,0.0,0.39795918367346933,0.951219512195122,0
0.547512285012285,0.1095890410958904,0.5,0.07106191317603852,0.9333333333333333,0.9333333333333333,0.6666666666666666,0.7142857142857142,0.2,0.0,1.0,0.0,0.0,0.07142857142857142,0.5365853658536586,0
0.864588452088452,0.46575342465753417,0.75,0.045973045075009523,1.0,0.6,0.3333333333333333,0.2857142857142857,0.0,1.0,0.0,0.0,0.0,0.6020408163265305,0.951219512195122,0
0.20018427518427517,0.4383561643835617,0.5,0.03396874891729896,0.3333333333333333,0.2,0.3333333333333333,0.5,0.0,1.0,0.0,0.0,0.0,0.37755102040816324,0.951219512195122,0
0.9607800982800982,0.6027397260273972,0.75,0.11056023282403077,0.7333333333333333,0.5333333333333333,1.0,0.7142857142857142,0.8,0.0,1.0,0.0,0.0,0.1530612244897959,0.951219512195122,0
0.8080159705159705,0.5342465753424657,0.5,0.11890586564113224,0.06666666666666667,0.4,0.3333333333333333,0.5,0.0,0.0,0.0,0.0,0.0,0.39795918367346933,0.951219512195122,0
0.013237100737100736,0.0,0.0,0.13181997713335414,0.06666666666666667,0.4,0.6666666666666666,0.0,0.6000000000000001,0.0,0.0,0.0,0.0,0.39795918367346933,0.951219512195122,0
0.21698402948402948,0.0958904109589041,0.5,0.10311263555416969,0.6,0.8,0.6666666666666666,0.2857142857142857,0.6000000000000001,0.0,0.0,0.0,0.0,0.39795918367346933,0.951219512195122,0
0.10955159705159705,0.547945205479452,0.5,0.16970862349721097,0.7333333333333333,0.5333333333333333,0.3333333333333333,0.5,0.0,0.0,0.0,0.0,0.0,0.39795918367346933,0.951219512195122,0
0.4014127764127764,0.2465753424657534,0.875,0.053185739528115575,0.6,0.8,0.3333333333333333,0.2857142857142857,0.0,0.0,0.0,0.0,0.0,0.39795918367346933,0.951219512195122,1
0.6419840294840294,0.0821917808219178,0.5,0.13780618785296056,0.13333333333333333,0.4666666666666667,0.3333333333333333,0.42857142857142855,0.6000000000000001,0.0,0.0,0.0,0.0,0.39795918367346933,0.951219512195122,0
0.7777027027027027,0.136986301369863,0.5,0.12699788656757788,0.7333333333333333,0.5333333333333333,0.6666666666666666,0.21428571428571427,0.6000000000000001,1.0,0.0,0.0,0.0,0.19387755102040813,0.951219512195122,0
0.7906326781326781,0.3972602739726027,0.25,0.0017967640231438178,0.9333333333333333,0.9333333333333333,0.3333333333333333,0.7142857142857142,0.0,1.0,0.0,0.0,0.0,0.39795918367346933,0.7317073170731707,1
0.19769656019656018,0.0,0.5,0.12401690745937706,0.06666666666666667,0.4,0.6666666666666666,0.5714285714285714,0.6000000000000001,0.0,0.0,0.005940059400594006,0.0,0.09183673469387754,0.951219512195122,0
0.5834766584766584,0.3835616438356165,0.125,0.10806014620794789,0.6,0.8,0.6666666666666666,0.07142857142857142,0.2,0.0,0.0,0.0,0.0,0.5510204081632653,0.951219512195122,1
0.14235257985257985,0.1506849315068493,0.5,0.11391608633891141,0.4666666666666667,0.7333333333333334,0.6666666666666666,0.7142857142857142,0.6000000000000001,0.0,0.0,0.0,0.0,0.39795918367346933,0.24390243902439024,0
0.7042383292383292,0.7808219178082192,0.75,0.2637293420642345,0.7333333333333333,0.5333333333333333,1.0,0.3571428571428571,0.2,0.0,1.0,0.0,0.0,0.13265306122448978,0.951219512195122,0
0.952088452088452,0.35616438356164376,0.5,0.32085160932681983,1.0,0.6,0.3333333333333333,1.0,0.0,0.0,0.0,0.0,0.0,0.5,0.951219512195122,1
0.7394963144963145,0.1506849315068493,0.5,0.0443668364341891,1.0,0.6,0.3333333333333333,0.21428571428571427,0.0,1.0,0.0,0.0,0.0,0.6020408163265305,0.951219512195122,0
0.7125,0.0410958904109589,0.5,0.15987596576932406,0.7333333333333333,0.5333333333333333,0.6666666666666666,0.5,0.4,1.0,0.0,0.0,0.0,0.31632653061224486,0.951219512195122,0
0.007524570024570024,0.5342465753424657,0.5,0.13255378858746494,0.7333333333333333,0.5333333333333333,0.3333333333333333,0.07142857142857142,0.0,0.0,0.0,0.0,0.0,0.346938775510204,0.0,0
0.6813882063882064,0.1917808219178082,0.5,0.26690364826941065,0.7333333333333333,0.5333333333333333,0.3333333333333333,0.21428571428571427,0.0,0.0,0.0,0.0,0.0,0.39795918367346933,0.951219512195122,0
0.3638820638820639,0.3150684931506849,0.25,0.06934622180646502,0.8,0.8666666666666667,0.3333333333333333,0.7142857142857142,0.0,0.0,0.0,0.0,0.0,0.39795918367346933,0.951219512195122,0
0.937960687960688,0.1780821917808219,0.75,0.03672036863804871,0.4666666666666667,0.7333333333333334,0.6666666666666666,0.21428571428571427,0.6000000000000001,0.0,0.0,0.0,0.0,0.39795918367346933,0.951219512195122,0
0.11022727272727273,0.1917808219178082,0.25,0.026440078993867577,1.0,0.6,0.6666666666666666,0.2857142857142857,0.6000000000000001,1.0,1.0,0.0,0.0,0.31632653061224486,0.951219512195122,0
0.5735872235872236,0.1095890410958904,0.5,0.09273602882583237,1.0,0.6,0.6666666666666666,0.5,0.2,0.0,0.0,0.0,0.0,0.4183673469387755,0.951219512195122,0
0.9038083538083538,0.41095890410958896,0.5,0.12506738731247619,0.6,0.8,0.3333333333333333,0.7142857142857142,0.0,0.0,0.0,0.0,0.0,0.5,0.951219512195122,0
0.03931203931203931,0.4794520547945205,0.5,0.12091605169247825,0.7333333333333333,0.5333333333333333,0.6666666666666666,0.8571428571428571,0.2,0.0,0.0,0.0,0.43067033976124885,0.5,0.951219512195122,0
0.3554361179361179,0.0821917808219178,0.0,0.15260160066521153,0.7333333333333333,0.5333333333333333,0.8333333333333333,0.0,0.6000000000000001,0.0,1.0,0.0,0.0,0.39795918367346933,0.951219512195122,0
0.5179668304668305,0.46575342465753417,0.5,0.10509163981568097,0.5333333333333333,0.6666666666666666,0.3333333333333333,0.9285714285714285,0.0,0.0,0.0,0.0,0.0,0.39795918367346933,0.951219512195122,1
0.7429054054054054,0.0136986301369863,0.5,0.01370197138204622,0.06666666666666667,0.4,0.6666666666666666,0.42857142857142855,0.6000000000000001,0.0,0.0,0.0,0.0,0.39795918367346933,0.951219512195122,0
0.8487407862407862,0.3698630136986301,0.625,0.07339985448498076,0.6,0.8,0.3333333333333333,0.2857142857142857,0.0,0.0,0.0,1.0,0.0,0.7040816326530611,0.951219512195122,1
0.9561732186732187,0.1780821917808219,0.5,0.084850500640959,1.0,0.6,0.6666666666666666,0.07142857142857142,0.6000000000000001,0.0,0.0,0.0,0.0,0.44897959183673464,0.951219512195122,0
0.4177211302211302,0.0958904109589041,0.5,0.05326473339569691,0.4,0.26666666666666666,0.6666666666666666,0.5714285714285714,0.2,0.0,0.0,0.0,0.0,0.39795918367346933,0.1951219512195122,0
0.07678132678132678,0.136986301369863,0.5,0.1673623670443128,1.0,0.6,0.6666666666666666,0.07142857142857142,0.2,0.0,1.0,0.0,0.0,0.39795918367346933,0.951219512195122,0
0.2794226044226044,0.1095890410958904,0.5,0.15381491875411427,0.6,0.8,0.6666666666666666,0.8571428571428571,0.2,0.0,0.0,0.0,0.0,0.39795918367346933,0.951219512195122,0
0.9045761670761671,0.0136986301369863,0.5,0.21600388040051277,0.4,0.26666666666666666,0.6666666666666666,0.3571428571428571,0.6000000000000001,0.0,0.0,0.0,0.0,0.19387755102040813,0.951219512195122,0
0.02853194103194103,0.2191780821917808,0.5,0.2504084814468351,0.2,0.06666666666666667,0.5,0.6428571428571428,0.2,0.0,1.0,0.0,0.0,0.39795918367346933,0.3170731707317073,0
0.7442567567567567,0.1506849315068493,0.5,0.012907182205591934,0.7333333333333333,0.5333333333333333,0.3333333333333333,0.07142857142857142,0.0,0.0,0.0,0.0,0.0,0.39795918367346933,0.951219512195122,0
0.36117936117936117,0.2465753424657534,0.5,0.051528254166233585,0.8,0.8666666666666667,0.3333333333333333,0.7142857142857142,0.0,0.0,0.0,0.0,0.45385674931129477,0.44897959183673464,0.951219512195122,1
0.24391891891891893,0.46575342465753417,0.0,0.04445275958840037,1.0,0.6,0.0,0.0,0.8,0.0,1.0,0.0,0.0,0.39795918367346933,0.951219512195122,0
0.8499692874692875,0.30136986301369856,0.5,0.13378650867893152,0.4666666666666667,0.7333333333333334,1.0,0.07142857142857142,0.8,0.0,1.0,0.0,0.0,0.44897959183673464,0.951219512195122,0
0.203992628992629,0.3972602739726027,0.5,0.23666216263035722,0.4666666666666667,0.7333333333333334,0.6666666666666666,0.07142857142857142,0.2,0.0,0.0,0.0,0.0,0.39795918367346933,0.951219512195122,0
0.4063882063882064,0.4246575342465753,0.5,0.07171742369123099,0.4,0.26666666666666666,0.3333333333333333,0.21428571428571427,0.0,0.0,0.0,0.0,0.0,0.43877551020408156,0.951219512195122,0
0.001812039312039312,0.1780821917808219,0.5,0.1218591276028133,0.7333333333333333,0.5333333333333333,0.3333333333333333,0.5,0.0,0.0,0.0,0.05013050130501305,0.0,0.39795918367346933,0.951219512195122,0
0.7424140049140049,0.136986301369863,0.5,0.11391608633891141,0.5333333333333333,0.6666666666666666,0.3333333333333333,0.5714285714285714,0.0,0.0,0.0,0.0,0.0,0.6020408163265305,0.951219512195122,0
0.06446560196560197,0.6027397260273972,0.75,0.07119010497869244,0.8,0.8666666666666667,0.3333333333333333,0.21428571428571427,0.0,0.0,0.0,0.0,0.0,0.030612244897959183,0.0,0
0.1246007371007371,0.1917808219178082,0.5,0.1708512628624883,0.5333333333333333,0.6666666666666666,0.6666666666666666,0.07142857142857142,0.8,1.0,1.0,0.0,0.0,0.39795918367346933,0.951219512195122,0
0.19585380835380836,0.3972602739726027,0.5,0.2443460485742993,0.06666666666666667,0.4,0.3333333333333333,1.0,0.0,1.0,0.0,0.0,0.0,0.39795918367346933,0.951219512195122,0
0.7792997542997543,0.1643835616438356,0.5,0.09315317188095486,0.7333333333333333,0.5333333333333333,0.6666666666666666,1.0,0.2,0.0,1.0,0.0,0.0,0.44897959183673464,0.951219512195122,0
0.38633292383292384,0.0958904109589041,0.5,0.03974292346602917,0.6,0.8,0.6666666666666666,0.8571428571428571,0.6000000000000001,0.0,0.0,0.0,0.0,0.39795918367346933,0.951219512195122,0
0.398955773955774,0.4246575342465753,0.75,0.13641062952569033,0.7333333333333333,0.5333333333333333,0.3333333333333333,1.0,0.0,0.0,0.0,0.0,0.0,0.6020408163265305,0.951219512195122,0
0.23046683046683047,0.1232876712328767,0.5,0.34836295603367634,0.0,0.33333333333333337,0.3333333333333333,0.42857142857142855,1.0,0.0,1.0,0.0,0.0,0.39795918367346933,0.951219512195122,0
0.8632371007371007,0.2054794520547945,0.5,0.07363475730173578,0.6,0.8,0.3333333333333333,0.07142857142857142,1.0,0.0,1.0,0.0,0.0,0.346938775510204,0.0,1
0.0035933660933660933,0.4383561643835617,0.25,0.12825139451893428,0.5333333333333333,0.6666666666666666,0.3333333333333333,0.21428571428571427,0.0,1.0,0.0,0.0,0.0,0.39795918367346933,0.951219512195122,1
0.043918918918918914,0.4383561643835617,0.5,0.09357100786474032,0.5333333333333333,0.6666666666666666,0.3333333333333333,0.5,1.0,0.0,1.0,0.0,0.0,0.39795918367346933,0.7073170731707318,0
0.005343980343980344,0.1506849315068493,0.875,0.09516612964695284,0.6,0.8,0.3333333333333333,0.7142857142857142,0.0,0.0,0.0,0.0,0.0,0.39795918367346933,0.951219512195122,1
0.6025798525798526,0.6438356164383561,0.0,0.02625229532619617,0.7333333333333333,0.5333333333333333,0.3333333333333333,0.0,0.0,0.0,0.0,0.0,0.0,0.09183673469387754,0.951219512195122,0
0.3109029484029484,0.41095890410958896,0.5,0.042975435678896855,0.6,0.8,0.0,0.21428571428571427,0.2,0.0,0.0,0.0,0.0,0.39795918367346933,0.951219512195122,0
0.7276412776412776,0.1917808219178082,0.5,0.01750407095589509,0.6,0.8,0.6666666666666666,0.7142857142857142,0.2,0.0,1.0,0.0,0.0,0.39795918367346933,0.951219512195122,0
0.7334152334152334,0.6986301369863013,0.0,0.019866957696705122,0.6,0.8,0.3333333333333333,0.0,0.0,0.0,0.0,0.0,0.0,0.24489795918367346,0.951219512195122,0
0.6048218673218673,0.35616438356164376,0.5,0.05834320756678099,0.7333333333333333,0.5333333333333333,0.0,0.5714285714285714,0.6000000000000001,1.0,1.0,0.0,0.0,0.39795918367346933,0.8536585365853658,0
0.28375307125307125,0.0273972602739726,0.5,0.0770058552472023,0.13333333333333333,0.4666666666666667,0.8333333333333333,0.7142857142857142,0.6000000000000001,0.0,1.0,0.01055010550105501,0.0,0.39795918367346933,0.951219512195122,0
0.91262285012285,0.1506849315068493,0.5,0.20995877074455185,1.0,0.6,0.6666666666666666,0.7142857142857142,0.2,1.0,0.0,0.0,0.0,0.39795918367346933,0.951219512195122,0
0.744502457002457,0.0410958904109589,0.0,0.13733083879014657,1.0,0.6,0.6666666666666666,0.0,0.6000000000000001,0.0,1.0,0.0,0.0,0.14285714285714282,0.951219512195122,0
0.7423525798525799,0.4520547945205479,0.5,0.08073519731143679,0.6,0.8,0.3333333333333333,0.9285714285714285,0.0,0.0,0.0,0.0,0.0,0.39795918367346933,0.951219512195122,1
0.6167690417690418,0.5753424657534245,0.125,0.12693205834459342,0.8,0.8666666666666667,0.6666666666666666,0.2857142857142857,0.2,0.0,0.0,0.0,0.0,0.39795918367346933,0.951219512195122,0
0.4217751842751843,0.4246575342465753,0.25,0.33369850673873125,0.7333333333333333,0.5333333333333333,0.3333333333333333,0.2857142857142857,0.0,1.0,0.0,0.07298072980729807,0.0,0.37755102040816324,0.951219512195122,1
0.005528255528255528,0.3698630136986301,0.25,0.11714582683712711,1.0,0.6,0.3333333333333333,0.2857142857142857,0.0,1.0,0.0,0.0,0.0,0.37755102040816324,0.951219512195122,1
0.22865479115479115,0.2328767123287671,0.5,0.10982018501195302,0.7333333333333333,0.5333333333333333,0.3333333333333333,0.21428571428571427,0.0,0.0,0.0,0.0,0.0,0.5,0.951219512195122,0
0.1573095823095823,0.2328767123287671,0.5,0.023030869971936388,0.7333333333333333,0.5333333333333333,0.6666666666666666,0.5714285714285714,0.2,0.0,0.0,0.0,0.0,0.39795918367346933,0.951219512195122,0
0.764004914004914,0.7123287671232876,0.0,0.1163441083740429,0.4666666666666667,0.7333333333333334,1.0,0.0,0.2,0.0,1.0,0.0,0.0,0.05102040816326531,0.5365853658536586,0
0.4532862407862408,0.27397260273972607,0.5,0.10967536292138724,0.5333333333333333,0.6666666666666666,0.8333333333333333,0.7142857142857142,0.8,0.0,1.0,0.0,0.0,0.31632653061224486,0.951219512195122,0
0.6992936117936118,0.1506849315068493,0.5,0.14036863804871288,0.7333333333333333,0.5333333333333333,0.3333333333333333,1.0,0.0,0.0,0.0,0.0,0.0,0.39795918367346933,0.951219512195122,0
0.2261056511056511,0.2328767123287671,0.5,0.11779025049371168,1.0,0.6,0.3333333333333333,0.2857142857142857,1.0,0.0,1.0,0.0,0.4331955922865014,0.39795918367346933,0.951219512195122,1
0.11268427518427518,0.41095890410958896,0.5,0.05019644527595884,1.0,0.6,0.3333333333333333,0.5,0.0,0.0,0.0,0.0,0.0,0.39795918367346933,0.951219512195122,0
0.14517813267813268,0.1643835616438356,0.5,0.07063645497696013,0.6,0.8,0.3333333333333333,0.7142857142857142,0.0,0.0,0.0,0.0,0.0,0.39795918367346933,0.951219512195122,1
0.556941031941032,0.1232876712328767,0.5,0.10817863700931989,0.7333333333333333,0.5333333333333333,0.3333333333333333,0.42857142857142855,0.0,0.0,0.0,0.0,0.0,0.39795918367346933,0.951219512195122,0
0.35119778869778867,0.5342465753424657,0.125,0.09905623116100197,0.7333333333333333,0.5333333333333333,0.3333333333333333,0.07142857142857142,0.0,0.0,0.0,0.0,0.0,0.39795918367346933,0.951219512195122,1
0.09892506142506143,0.4931506849315069,0.25,0.08510341960295187,0.7333333333333333,0.5333333333333333,0.3333333333333333,0.5714285714285714,0.0,0.0,0.0,0.0,0.4595959595959596,0.44897959183673464,0.951219512195122,0
0.8838759213759213,0.0958904109589041,0.5,0.1379662543741122,0.0,0.33333333333333337,0.6666666666666666,0.8571428571428571,0.2,0.0,1.0,0.0,0.0,0.14285714285714282,0.951219512195122,0
0.0683046683046683,0.1917808219178082,0.5,0.17001628382358036,0.06666666666666667,0.4,0.6666666666666666,1.0,0.8,0.0,0.0,0.0,0.0,0.39795918367346933,0.951219512195122,0
0.7495700245700245,0.1917808219178082,0.5,0.12242386446315352,0.4666666666666667,0.7333333333333334,0.6666666666666666,0.9285714285714285,0.6000000000000001,0.0,1.0,0.0,0.0,0.39795918367346933,0.951219512195122,0
0.7901412776412776,0.0136986301369863,0.5,0.031059141461386545,0.06666666666666667,0.4,0.6666666666666666,0.8571428571428571,0.6000000000000001,0.0,0.0,0.0,0.0,0.1530612244897959,0.951219512195122,0
0.3074938574938575,0.0958904109589041,0.5,0.004937116723833282,0.7333333333333333,0.5333333333333333,0.0,0.8571428571428571,0.8,1.0,1.0,0.0,0.0,0.47959183673469385,0.951219512195122,0
0.6594594594594595,0.2191780821917808,0.5,0.14615736409936597,0.7333333333333333,0.5333333333333333,0.0,0.21428571428571427,0.8,0.0,0.0,0.0,0.0,0.39795918367346933,0.951219512195122,0
0.12395577395577395,0.0958904109589041,0.5,0.12968783563732114,0.6,0.8,0.6666666666666666,0.2857142857142857,0.6000000000000001,0.0,1.0,0.0,0.0,0.14285714285714282,0.951219512195122,0
0.529514742014742,0.27397260273972607,0.625,0.11299934171777015,0.7333333333333333,0.5333333333333333,0.3333333333333333,0.21428571428571427,0.0,0.0,0.0,0.0,0.0,0.39795918367346933,0.951219512195122,1
0.16977886977886977,0.35616438356164376,0.25,0.05948446107473235,0.6,0.8,0.0,0.7142857142857142,0.6000000000000001,0.0,1.0,0.0,0.0,0.38775510204081626,0.951219512195122,0
0.4619164619164619,0.1095890410958904,0.875,0.10017184630842255,0.7333333333333333,0.5333333333333333,0.3333333333333333,0.7857142857142857,0.6000000000000001,0.0,0.0,0.0,0.0,0.346938775510204,0.951219512195122,0
0.9508906633906634,0.1232876712328767,0.5,0.24525101340816963,0.7333333333333333,0.5333333333333333,0.3333333333333333,0.21428571428571427,0.0,1.0,0.0,0.0,0.42424242424242425,0.6020408163265305,0.951219512195122,1
0.4207923832923833,0.5753424657534245,0.5,0.12561618681356757,0.7333333333333333,0.5333333333333333,0.0,0.5,0.6000000000000001,0.0,1.0,0.0,0.0,0.39795918367346933,0.951219512195122,0
0.6673218673218673,0.0821917808219178,0.5,0.01798357759068704,0.6,0.8,0.6666666666666666,0.5714285714285714,0.6000000000000001,0.0,0.0,0.0,0.0,0.39795918367346933,0.951219512195122,0
0.5605651105651106,0.1643835616438356,0.5,0.09433946575200083,0.4666666666666667,0.7333333333333334,0.3333333333333333,0.8571428571428571,1.0,1.0,1.0,0.07688076880768807,0.0,0.44897959183673464,0.951219512195122,1
0.43796068796068793,0.0547945205479452,0.5,0.11362436337179087,0.4666666666666667,0.7333333333333334,0.6666666666666666,0.5714285714285714,0.6000000000000001,0.0,1.0,0.0,0.0,0.173469387755102,0.951219512195122,0
0.6262899262899263,0.2191780821917808,0.5,0.14326230814537644,0.06666666666666667,0.4,0.6666666666666666,0.8571428571428571,0.2,0.0,1.0,0.0,0.0,0.39795918367346933,0.951219512195122,0
0.5014434889434889,0.46575342465753417,0.5,0.014564667567473927,0.7333333333333333,0.5333333333333333,0.3333333333333333,0.21428571428571427,0.0,0.0,0.0,0.0,0.0,0.39795918367346933,0.951219512195122,0
0.7680282555282555,0.4931506849315069,0.5,0.098815784914943,0.4,0.26666666666666666,0.3333333333333333,1.0,0.0,0.0,0.0,0.0,0.0,0.39795918367346933,0.951219512195122,0
0.5021191646191646,0.2876712328767123,0.5,0.0784845650140318,0.7333333333333333,0.5333333333333333,0.0,0.07142857142857142,0.2,0.0,1.0,0.0,0.0,0.346938775510204,0.951219512195122,0
0.6509520884520884,0.5205479452054793,0.5,0.12738869833350658,0.6,0.8,0.8333333333333333,0.21428571428571427,0.2,0.0,0.0,0.0,0.0,0.39795918367346933,0.0,0
0.15153562653562652,0.1095890410958904,0.5,0.19739389529847903,0.7333333333333333,0.5333333333333333,0.3333333333333333,0.42857142857142855,0.0,0.0,0.0,0.024070240702407025,0.0,0.39795918367346933,0.951219512195122,0
0.1282862407862408,0.32876712328767127,0.5,0.05011606555105152,0.6,0.8,0.3333333333333333,0.2857142857142857,0.0,0.0,0.0,0.0,0.43663911845730025,0.6020408163265305,0.951219512195122,1
0.3113329238329238,0.46575342465753417,0.5,0.017289955999029896,0.7333333333333333,0.5333333333333333,0.3333333333333333,0.3571428571428571,0.0,0.0,0.0,0.0,0.0,0.8061224489795917,0.951219512195122,1
0.10672604422604422,0.2328767123287671,0.5,0.07096005266257839,1.0,0.6,0.3333333333333333,0.2857142857142857,0.0,0.0,0.0,0.0,0.0,0.5,0.951219512195122,1
0.19542383292383292,0.6027397260273972,0.25,0.113964591345321,0.7333333333333333,0.5333333333333333,0.3333333333333333,0.3571428571428571,0.0,0.0,0.0,0.0,0.0,0.47959183673469385,0.951219512195122,0
0.890509828009828,0.3972602739726027,0.5,0.06398988324152029,0.7333333333333333,0.5333333333333333,0.3333333333333333,0.5,0.0,1.0,0.0,0.0,0.0,0.39795918367346933,0.024390243902439025,1
0.2198095823095823,0.0136986301369863,0.5,0.4876700273706822,0.0,0.33333333333333337,0.6666666666666666,0.5,0.6000000000000001,0.0,0.0,0.0,0.0,0.2959183673469387,0.951219512195122,0
0.0433968058968059,0.4931506849315069,0.5,0.015301943664899698,1.0,0.6,0.3333333333333333,0.2857142857142857,0.0,0.0,0.0,0.0,0.0,0.44897959183673464,0.951219512195122,1
0.3025184275184275,0.1506849315068493,0.5,0.06590028756539514,0.7333333333333333,0.5333333333333333,0.6666666666666666,0.2857142857142857,0.6000000000000001,0.0,0.0,0.0,0.0,0.31632653061224486,0.951219512195122,0
0.6367628992628992,0.0958904109589041,0.5,0.05884835256210373,0.4666666666666667,0.7333333333333334,0.3333333333333333,0.07142857142857142,1.0,0.0,1.0,0.0,0.0,0.39795918367346933,0.951219512195122,0
0.9089987714987715,0.1780821917808219,0.75,0.12263451477670374,0.4666666666666667,0.7333333333333334,0.0,0.07142857142857142,0.2,0.0,1.0,0.0,0.0,0.39795918367346933,0.951219512195122,0
0.6002764127764127,0.0958904109589041,0.5,0.10318608599244708,0.6,0.8,0.6666666666666666,0.7142857142857142,0.2,0.0,0.0,0.0,0.0,0.24489795918367346,0.951219512195122,0
0.4135135135135135,0.3835616438356165,0.5,0.10437584450680802,1.0,0.6,0.0,1.0,0.2,0.0,0.0,0.0,0.0,0.5,0.951219512195122,0
0.07017813267813268,0.0821917808219178,0.5,0.05213803138966843,0.6,0.8,0.6666666666666666,0.8571428571428571,0.2,0.0,1.0,0.0,0.0,0.44897959183673464,0.951219512195122,0
0.783445945945946,0.6164383561643836,0.5,0.1393036066936909,0.7333333333333333,0.5333333333333333,0.3333333333333333,0.7142857142857142,0.0,0.0,0.0,0.0,0.0,0.39795918367346933,0.951219512195122,1
0.4776105651105651,0.35616438356164376,0.5,0.30762637286491357,0.8,0.8666666666666667,0.3333333333333333,0.2857142857142857,0.0,0.0,0.0,0.0,0.0,0.5,0.951219512195122,1
0.0953931203931204,0.3424657534246575,0.25,0.16146762290822161,0.6,0.8,0.3333333333333333,0.2857142857142857,0.0,0.0,0.0,0.0,0.45385674931129477,0.47959183673469385,0.951219512195122,1
0.2401105651105651,0.1095890410958904,0.5,0.12953539133146244,0.6,0.8,0.3333333333333333,0.7142857142857142,0.0,0.0,0.0,0.0,0.0,0.44897959183673464,0.951219512195122,1
0.06117936117936118,0.41095890410958896,0.5,0.24331012022312304,1.0,0.6,0.6666666666666666,0.8571428571428571,0.2,0.0,0.0,0.0,0.0,0.7040816326530611,0.951219512195122,1
0.3580159705159705,0.4520547945205479,0.5,0.08051346013927865,0.7333333333333333,0.5333333333333333,0.3333333333333333,0.21428571428571427,0.0,0.0,0.0,0.0,0.0,0.6020408163265305,0.951219512195122,1
0.451504914004914,0.46575342465753417,0.5,0.15614800956241556,0.7333333333333333,0.5333333333333333,0.3333333333333333,0.9285714285714285,0.0,0.0,0.0,0.07298072980729807,0.0,0.5,0.951219512195122,1
0.9175675675675675,0.0273972602739726,0.5,0.20766309808405226,0.2,0.06666666666666667,0.6666666666666666,0.5,0.4,0.0,0.0,0.0,0.0,0.39795918367346933,0.6341463414634146,0
0.28283169533169533,0.0684931506849315,0.5,0.2124727159338946,0.7333333333333333,0.5333333333333333,0.6666666666666666,0.5714285714285714,0.8,0.0,1.0,0.0,0.0,0.39795918367346933,0.951219512195122,0
0.9679975429975429,0.2876712328767123,0.5,0.22509441153033297,0.2,0.06666666666666667,0.5,0.21428571428571427,0.2,0.0,0.0,0.0,0.0,0.39795918367346933,0.6341463414634146,0
0.9185503685503685,0.2191780821917808,0.75,0.14265946020857154,0.7333333333333333,0.5333333333333333,0.3333333333333333,0.21428571428571427,0.0,0.0,0.0,0.0,0.0,0.39795918367346933,0.951219512195122,0
0.8436425061425061,0.0273972602739726,0.5,0.1440016630287912,1.0,0.6,0.6666666666666666,0.07142857142857142,0.2,0.0,1.0,0.0,0.0,0.39795918367346933,0.951219512195122,0
0.856019656019656,0.2602739726027397,0.5,0.1088875030315629,0.7333333333333333,0.5333333333333333,0.3333333333333333,0.5,0.0,0.0,0.0,0.07298072980729807,0.0,0.39795918367346933,0.951219512195122,1
0.5113022113022113,0.4794520547945205,0.5,0.12792086754668608,0.06666666666666667,0.4,0.8333333333333333,0.42857142857142855,0.8,0.0,0.0,0.0,0.0,0.39795918367346933,0.951219512195122,0
0.7853194103194103,0.1506849315068493,0.5,0.09433807989467484,0.7333333333333333,0.5333333333333333,0.3333333333333333,0.5,0.0,0.0,0.0,0.028850288502885027,0.0,0.39795918367346933,0.951219512195122,0
0.291492628992629,0.3972602739726027,0.5,0.0807338114541108,0.6,0.8,0.3333333333333333,0.2857142857142857,0.0,0.0,0.0,0.0,0.0,0.43877551020408156,0.951219512195122,1
0.39287469287469284,0.547945205479452,0.5,0.15171465197657902,0.3333333333333333,0.2,0.3333333333333333,0.21428571428571427,0.0,0.0,0.0,0.0,0.0,0.39795918367346933,0.951219512195122,0
0.8199017199017199,0.5342465753424657,0.5,0.11208467588261788,0.7333333333333333,0.5333333333333333,0.0,0.5714285714285714,0.2,0.0,0.0,0.0,0.0,0.39795918367346933,0.951219512195122,0
0.18473587223587223,0.6849315068493149,0.0,0.11855247202300521,0.7333333333333333,0.5333333333333333,1.0,0.0,0.2,0.0,1.0,0.02329023290232902,0.0,0.14285714285714282,0.951219512195122,0
0.2168918918918919,0.1917808219178082,0.125,0.08811973807296539,0.6,0.8,0.6666666666666666,0.2857142857142857,0.6000000000000001,0.0,1.0,0.0,0.0,0.39795918367346933,0.12195121951219512,0
0.8809889434889435,0.2602739726027397,0.5,0.11076048920763606,0.4,0.26666666666666666,0.3333333333333333,0.42857142857142855,0.0,0.0,0.0,0.0,0.0,0.39795918367346933,0.951219512195122,0
0.11624692874692874,0.0410958904109589,0.5,0.15223365554516163,1.0,0.6,0.6666666666666666,1.0,0.2,0.0,0.0,0.0,0.0,0.31632653061224486,0.951219512195122,0
0.20758599508599507,0.1917808219178082,0.5,0.025155389252676436,1.0,0.6,0.3333333333333333,0.21428571428571427,0.0,0.0,0.0,0.0,0.0,0.39795918367346933,0.951219512195122,0
0.7913083538083537,0.2602739726027397,0.5,0.20391643280324293,0.7333333333333333,0.5333333333333333,0.3333333333333333,1.0,1.0,0.0,1.0,0.0,0.0,0.39795918367346933,0.951219512195122,1
0.70497542997543,0.2328767123287671,0.5,0.23526660430308702,0.6,0.8,0.6666666666666666,0.7142857142857142,0.2,0.0,1.0,0.0,0.0,0.44897959183673464,0.12195121951219512,0
0.6768120393120393,0.1095890410958904,0.5,0.16265807435124555,0.6,0.8,0.6666666666666666,0.8571428571428571,0.2,0.0,0.0,0.033250332503325035,0.0,0.47959183673469385,0.951219512195122,0
0.7407248157248157,0.1506849315068493,0.5,0.03648615874995669,1.0,0.6,0.6666666666666666,0.5714285714285714,0.6000000000000001,0.0,1.0,0.0,0.0,0.2959183673469387,0.951219512195122,0
0.6226658476658476,0.0273972602739726,0.5,0.1894917368256938,0.7333333333333333,0.5333333333333333,0.6666666666666666,0.42857142857142855,0.4,0.0,0.0,0.0,0.0,0.2959183673469387,0.951219512195122,0
0.08796068796068796,0.1643835616438356,0.5,0.18397463881093443,1.0,0.6,0.3333333333333333,0.8571428571428571,1.0,0.0,1.0,0.0,0.0,0.24489795918367346,0.951219512195122,0
0.5343366093366093,0.1643835616438356,0.5,0.007175969233967362,0.7333333333333333,0.5333333333333333,0.3333333333333333,0.5,0.0,1.0,0.0,0.0,0.0,0.44897959183673464,0.951219512195122,0
0.6391584766584767,0.1232876712328767,0.5,0.062495929044104906,0.6,0.8,0.6666666666666666,0.7142857142857142,0.6000000000000001,0.0,0.0,0.1052010520105201,0.0,0.6428571428571428,0.951219512195122,1
0.5337530712530713,0.0958904109589041,0.5,0.026410975990021825,1.0,0.6,0.3333333333333333,0.8571428571428571,0.0,1.0,0.0,0.0,0.0,0.39795918367346933,0.951219512195122,0
0.4690110565110565,0.46575342465753417,0.5,0.054102484149256835,1.0,0.6,0.3333333333333333,0.07142857142857142,0.0,0.0,0.0,0.15024150241502415,0.0,0.39795918367346933,0.951219512195122,1
0.7706388206388206,0.1917808219178082,0.875,0.03562969892249593,0.6,0.8,0.6666666666666666,0.7142857142857142,0.2,0.0,1.0,0.0,0.0,0.39795918367346933,0.951219512195122,0
0.4821253071253071,0.2054794520547945,0.5,0.013480927138551086,0.8,0.8666666666666667,0.3333333333333333,0.7142857142857142,0.0,1.0,0.0,0.0,0.0,0.39795918367346933,0.4634146341463415,0
0.42367936117936117,0.32876712328767127,0.75,0.09942279042372587,1.0,0.6,0.3333333333333333,0.2857142857142857,0.0,0.0,0.0,0.0,0.0,0.5,0.951219512195122,0
0.9769348894348894,0.5068493150684932,0.125,0.04361985933548141,0.7333333333333333,0.5333333333333333,0.3333333333333333,0.2857142857142857,0.0,0.0,0.0,0.051780517805178054,0.0,0.39795918367346933,0.951219512195122,1
0.754576167076167,0.2465753424657534,0.5,0.0954557738280844,0.7333333333333333,0.5333333333333333,0.3333333333333333,0.2857142857142857,1.0,0.0,1.0,0.0,0.0,0.39795918367346933,0.951219512195122,1
0.05122850122850123,0.4794520547945205,0.5,0.05689360080379724,0.7333333333333333,0.5333333333333333,0.3333333333333333,0.07142857142857142,0.0,0.0,0.0,0.0,0.0,0.39795918367346933,0.951219512195122,0
0.5212530712530712,0.2328767123287671,0.875,0.23796209680213423,0.7333333333333333,0.5333333333333333,0.8333333333333333,0.07142857142857142,0.8,0.0,1.0,0.0,0.0,0.19387755102040813,0.951219512195122,0
0.31464987714987713,0.5068493150684932,0.5,0.018369538855974775,0.4,0.26666666666666666,0.8333333333333333,0.21428571428571427,0.8,0.0,0.0,0.0,0.0,0.39795918367346933,0.951219512195122,0
0.8229115479115479,0.5616438356164384,0.5,0.1308436406471954,1.0,0.6,0.0,0.07142857142857142,0.2,1.0,1.0,0.0,0.0,0.5510204081632653,0.951219512195122,1
0.7454238329238329,0.6712328767123288,0.75,0.18166233586252295,0.4,0.26666666666666666,0.3333333333333333,0.3571428571428571,0.0,0.0,0.0,0.0,0.0,0.24489795918367346,0.951219512195122,1
0.9891277641277642,0.7534246575342465,0.0,0.058609292173370756,0.26666666666666666,0.13333333333333336,1.0,0.0,0.2,0.0,1.0,0.0,0.0,0.39795918367346933,0.951219512195122,0
0.4537162162162162,0.3698630136986301,0.5,0.5152430447285451,0.7333333333333333,0.5333333333333333,0.3333333333333333,0.21428571428571427,0.0,0.0,0.0,0.0,0.0,0.7040816326530611,0.951219512195122,1
0.017137592137592136,0.2328767123287671,0.5,0.09424245573918165,0.7333333333333333,0.5333333333333333,0.3333333333333333,0.9285714285714285,1.0,0.0,1.0,0.0,0.0,0.31632653061224486,0.951219512195122,0
0.4879299754299754,0.2465753424657534,0.5,0.16672695146034716,0.4666666666666667,0.7333333333333334,0.6666666666666666,0.07142857142857142,0.2,0.0,1.0,0.14344143441434415,0.0,0.39795918367346933,0.951219512195122,1
0.04702088452088452,0.3150684931506849,0.5,0.05107577174929841,0.0,0.33333333333333337,0.3333333333333333,0.5,0.0,0.0,0.0,0.0,0.0,0.39795918367346933,0.951219512195122,1
0.5176289926289926,0.2465753424657534,0.5,0.20031458961299936,0.13333333333333333,0.4666666666666667,0.6666666666666666,0.5,0.8,1.0,1.0,0.0,0.0,0.39795918367346933,0.951219512195122,0
0.033783783783783786,0.6986301369863013,0.0,0.08869279007726154,0.3333333333333333,0.2,0.3333333333333333,0.0,0.0,0.0,0.0,0.0,0.0,0.07142857142857142,0.951219512195122,0
0.5902334152334152,0.1506849315068493,0.5,0.11976717596923396,1.0,0.6,0.6666666666666666,0.9285714285714285,0.2,0.0,0.0,0.0,0.0,0.5408163265306122,0.951219512195122,0
0.427027027027027,0.4520547945205479,0.75,0.13221979697190175,0.6,0.8,0.3333333333333333,0.2857142857142857,0.0,0.0,0.0,0.0,0.0,0.346938775510204,0.951219512195122,0
0.879576167076167,0.2602739726027397,0.5,0.17612583584519975,0.7333333333333333,0.5333333333333333,0.6666666666666666,1.0,0.6000000000000001,1.0,0.0,0.0,0.0,0.47959183673469385,0.951219512195122,0
0.6580159705159705,0.5205479452054793,0.5,0.15655406575893013,0.7333333333333333,0.5333333333333333,0.3333333333333333,0.21428571428571427,0.0,0.0,0.0,0.0,0.0,0.39795918367346933,0.951219512195122,0
0.06649262899262899,0.0684931506849315,0.5,0.061186986799708964,1.0,0.6,0.6666666666666666,0.5714285714285714,0.6000000000000001,1.0,1.0,0.0,0.0,0.14285714285714282,0.951219512195122,0
0.28083538083538084,0.1095890410958904,0.5,0.08258185219831618,0.6,0.8,0.3333333333333333,0.7142857142857142,0.0,0.0,0.0,0.0,0.0,0.39795918367346933,0.951219512195122,0
0.5115479115479116,0.46575342465753417,0.5,0.1102615805702803,1.0,0.6,0.3333333333333333,1.0,0.0,0.0,0.0,0.0,0.0,0.39795918367346933,0.951219512195122,1
0.06237714987714987,0.6301369863013697,0.75,0.10755361535529917,1.0,0.6,0.3333333333333333,0.7142857142857142,1.0,0.0,1.0,0.20051200512005118,0.0,0.09183673469387754,0.951219512195122,1
0.4374078624078624,0.2328767123287671,0.5,0.061964452759588395,0.7333333333333333,0.5333333333333333,0.8333333333333333,1.0,0.2,1.0,0.0,0.0,0.0,0.39795918367346933,0.951219512195122,0
0.5608722358722359,0.1917808219178082,0.5,0.10174825901673422,0.6,0.8,0.3333333333333333,0.7142857142857142,0.0,0.0,0.0,0.0,0.0,0.6020408163265305,0.951219512195122,1
0.3247850122850123,0.726027397260274,0.5,0.10958181755188304,0.6,0.8,1.0,0.7142857142857142,0.8,0.0,1.0,0.0,0.0,0.19387755102040813,0.8048780487804879,0
0.018581081081081082,0.4246575342465753,0.5,0.023093233551605863,0.7333333333333333,0.5333333333333333,0.6666666666666666,0.07142857142857142,0.8,1.0,1.0,0.0,0.0,0.36734693877551017,0.951219512195122,0
0.31802825552825553,0.41095890410958896,0.125,0.14895125246855836,0.6,0.8,0.3333333333333333,0.7857142857142857,0.0,1.0,0.0,0.0,0.0,0.5,0.951219512195122,1
0.16366707616707615,0.3835616438356165,0.25,0.0173377680767765,0.6,0.8,0.3333333333333333,0.7142857142857142,0.0,0.0,0.0,0.0,0.0,0.44897959183673464,0.951219512195122,1
0.47487714987714985,0.2876712328767123,0.5,0.10824307937497835,0.4666666666666667,0.7333333333333334,0.3333333333333333,0.8571428571428571,0.0,0.0,0.0,0.0,0.0,0.5,0.951219512195122,1
0.0663083538083538,0.41095890410958896,0.75,0.07541766275161972,0.26666666666666666,0.13333333333333336,0.3333333333333333,0.8571428571428571,0.0,0.0,0.0,0.0,0.0,0.5510204081632653,0.5365853658536586,1
0.6898341523341524,0.0547945205479452,0.5,0.17541419810830475,1.0,0.6,0.6666666666666666,0.7142857142857142,0.6000000000000001,0.0,1.0,0.0,0.0,0.2959183673469387,0.951219512195122,0
0.5732800982800983,0.3698630136986301,0.125,0.10321518899629283,0.7333333333333333,0.5333333333333333,0.0,0.5,0.2,0.0,0.0,0.0,0.0,0.39795918367346933,0.951219512195122,0
0.9372235872235872,0.27397260273972607,0.5,0.26153899456051,0.13333333333333333,0.4666666666666667,0.0,0.21428571428571427,0.6000000000000001,0.0,0.0,0.0,0.0,0.346938775510204,0.951219512195122,0
0.5626535626535626,0.2876712328767123,0.5,0.018931504001663026,0.6,0.8,0.3333333333333333,0.2857142857142857,1.0,0.0,1.0,0.0,0.0,0.39795918367346933,0.951219512195122,0
0.49195331695331695,0.5205479452054793,0.5,0.20947718532377094,0.7333333333333333,0.5333333333333333,0.3333333333333333,0.21428571428571427,0.0,0.0,0.0,0.0,0.0,0.39795918367346933,0.951219512195122,1
0.38679361179361177,0.3698630136986301,0.875,0.0983203409209022,1.0,0.6,0.0,0.07142857142857142,0.2,1.0,1.0,0.0,0.36501377410468316,0.39795918367346933,0.951219512195122,0
0.20236486486486485,0.1095890410958904,0.5,0.1130062710044001,1.0,0.6,0.0,0.5,0.6000000000000001,0.0,1.0,0.0,0.0,0.39795918367346933,0.951219512195122,0
0.24966216216216217,0.0,0.5,0.06863250528358106,0.06666666666666667,0.4,0.6666666666666666,0.8571428571428571,0.6000000000000001,0.0,1.0,0.0,0.0,0.19387755102040813,0.951219512195122,0
0.8389742014742014,0.726027397260274,0.0,0.029493815611682773,0.6666666666666666,1.0,0.3333333333333333,0.0,0.0,0.0,0.0,0.0,0.0,0.19387755102040813,0.951219512195122,1
0.34333538083538084,0.0410958904109589,0.25,0.15999237778470707,0.7333333333333333,0.5333333333333333,0.6666666666666666,0.42857142857142855,0.6000000000000001,0.0,0.0,0.0,0.0,0.39795918367346933,0.951219512195122,0
0.9079545454545455,0.2191780821917808,0.5,0.18024876139001492,0.6,0.8,0.6666666666666666,0.2857142857142857,0.2,0.0,1.0,0.0,0.0,0.39795918367346933,0.951219512195122,0
0.7514127764127764,0.1232876712328767,0.5,0.14021550081419118,0.7333333333333333,0.5333333333333333,0.0,0.5714285714285714,0.8,0.0,1.0,0.0,0.0,0.346938775510204,0.951219512195122,0
0.8237407862407862,0.0684931506849315,0.5,0.18543879707584104,0.7333333333333333,0.5333333333333333,0.3333333333333333,0.5714285714285714,0.6000000000000001,1.0,0.0,0.0,0.0,0.39795918367346933,0.951219512195122,0
0.7166769041769041,0.0273972602739726,0.5,0.20456016353116446,1.0,0.6,0.6666666666666666,0.5714285714285714,0.6000000000000001,0.0,1.0,0.0,0.0,0.22448979591836732,0.951219512195122,0
0.8013820638820639,0.6164383561643836,0.0,0.03892596057235907,0.6666666666666666,1.0,0.3333333333333333,0.0,0.0,1.0,0.0,0.0,0.0,0.39795918367346933,0.951219512195122,1
0.45128992628992626,0.41095890410958896,0.75,0.1395974084468004,1.0,0.6,0.0,0.5714285714285714,0.8,0.0,1.0,0.0,0.0,0.44897959183673464,0.951219512195122,0
0.08203316953316953,0.35616438356164376,0.5,0.12195960225894743,0.2,0.06666666666666667,0.6666666666666666,0.8571428571428571,0.6000000000000001,0.0,0.0,0.0,0.0,0.39795918367346933,0.951219512195122,0
0.5375,0.5205479452054793,0.875,0.10071995288085091,1.0,0.6,0.3333333333333333,0.7857142857142857,0.0,0.0,0.0,0.0,0.0,0.39795918367346933,0.951219512195122,1
0.6051904176904177,0.32876712328767127,0.75,0.014030419568305441,0.5333333333333333,0.6666666666666666,0.3333333333333333,0.3571428571428571,0.0,0.0,0.0,0.0,0.0,0.44897959183673464,0.951219512195122,0
0.5377149877149877,0.35616438356164376,0.5,0.08288396909538162,0.6,0.8,0.3333333333333333,0.2857142857142857,0.0,0.0,0.0,0.0,0.0,0.39795918367346933,0.951219512195122,1
0.0949938574938575,0.4246575342465753,0.625,0.12535287392162978,0.6,0.8,0.3333333333333333,0.2857142857142857,0.0,0.0,0.0,0.0,0.0,0.39795918367346933,0.951219512195122,1
0.06931818181818182,0.0410958904109589,0.5,0.14278349443924748,0.7333333333333333,0.5333333333333333,0.6666666666666666,0.5714285714285714,0.6000000000000001,0.0,1.0,0.0,0.0,0.24489795918367346,0.951219512195122,0
0.8259520884520885,0.1095890410958904,0.5,0.1415639399923778,0.6,0.8,0.3333333333333333,0.2857142857142857,0.0,0.0,0.0,0.0,0.0,0.42857142857142855,0.951219512195122,0
0.6668304668304668,0.0821917808219178,0.5,0.11625610643384263,0.6,0.8,0.6666666666666666,0.5,0.6000000000000001,0.0,0.0,0.0,0.0,0.5,0.951219512195122,0
0.5167997542997543,0.0821917808219178,0.0,0.25600665211516477,0.4666666666666667,0.7333333333333334,0.6666666666666666,0.0,0.6000000000000001,0.0,0.0,0.0,0.3950872359963269,0.19387755102040813,0.951219512195122,0
0.759551597051597,0.0547945205479452,0.5,0.12802896441811318,1.0,0.6,0.6666666666666666,0.5714285714285714,0.6000000000000001,0.0,1.0,0.0,0.0,0.346938775510204,0.951219512195122,0
0.06133292383292383,0.7945205479452053,0.75,0.012690295534074766,0.8,0.8666666666666667,0.5,0.7142857142857142,0.2,0.0,1.0,0.0,0.0,0.5,0.951219512195122,0
0.8571560196560196,0.136986301369863,0.5,0.14383674600699858,0.7333333333333333,0.5333333333333333,0.3333333333333333,1.0,0.0,0.0,0.0,0.0,0.0,0.39795918367346933,0.951219512195122,0
0.9751535626535627,0.0684931506849315,0.0,0.09470256037140976,1.0,0.6,0.6666666666666666,0.0,0.6000000000000001,1.0,1.0,0.0,0.0,0.14285714285714282,0.8536585365853658,0
0.38759213759213756,0.35616438356164376,0.875,0.08831306516994075,0.6,0.8,0.3333333333333333,0.2857142857142857,0.0,0.0,0.0,0.15024150241502415,0.0,0.39795918367346933,0.951219512195122,1
0.636517199017199,0.30136986301369856,0.5,0.047146173301458615,1.0,0.6,0.3333333333333333,0.2857142857142857,0.0,0.0,0.0,0.0,0.45385674931129477,0.6224489795918366,0.951219512195122,1
0.72997542997543,0.2328767123287671,0.5,0.10451096559609188,0.8,0.8666666666666667,0.3333333333333333,0.8571428571428571,0.0,0.0,0.0,0.0,0.0,0.39795918367346933,0.951219512195122,0
0.6413390663390663,0.5068493150684932,0.5,0.16951183175692064,0.7333333333333333,0.5333333333333333,0.3333333333333333,0.2857142857142857,0.0,0.0,0.0,0.0,0.0,0.44897959183673464,0.951219512195122,0
0.8371314496314496,0.6027397260273972,0.5,0.14806846135190382,0.7333333333333333,0.5333333333333333,0.3333333333333333,0.9285714285714285,0.0,0.0,0.0,0.0,0.0,0.39795918367346933,0.951219512195122,1
0.2528869778869779,0.6575342465753424,0.5,0.07178394484287842,0.6666666666666666,1.0,0.3333333333333333,0.2857142857142857,0.0,0.0,0.0,0.0,0.0,0.39795918367346933,0.951219512195122,1
0.18098894348894348,0.2054794520547945,0.5,0.1377147212694453,1.0,0.6,0.6666666666666666,0.07142857142857142,0.2,0.0,1.0,0.0,0.0,0.39795918367346933,0.951219512195122,0
0.04871007371007371,0.46575342465753417,0.5,0.040717181166198935,1.0,0.6,0.0,0.2857142857142857,0.8,0.0,0.0,0.0,0.0,0.44897959183673464,0.8292682926829269,0
0.34376535626535626,0.3835616438356165,0.5,0.12699234313827393,0.7333333333333333,0.5333333333333333,0.3333333333333333,0.5,0.0,0.0,0.0,0.0,0.0,0.44897959183673464,0.951219512195122,1
0.10132063882063881,0.0273972602739726,0.5,0.019499012576655234,1.0,0.6,0.6666666666666666,0.8571428571428571,0.2,0.0,1.0,0.0,0.0,0.2755102040816326,0.951219512195122,0
0.11504914004914005,0.2876712328767123,0.5,0.19668087170425805,0.7333333333333333,0.5333333333333333,0.8333333333333333,0.6428571428571428,0.8,1.0,1.0,0.0,0.0,0.2959183673469387,0.951219512195122,0
0.10531326781326782,0.0410958904109589,0.5,0.11581471087551536,1.0,0.6,0.6666666666666666,1.0,0.6000000000000001,0.0,1.0,0.0,0.0,0.39795918367346933,0.951219512195122,0
0.8136056511056511,0.2465753424657534,0.5,0.06914873713751168,0.7333333333333333,0.5333333333333333,0.3333333333333333,0.42857142857142855,0.0,0.0,0.0,0.05013050130501305,0.0,0.39795918367346933,0.951219512195122,0
0.329514742014742,0.3424657534246575,0.25,0.0760232824030766,1.0,0.6,0.3333333333333333,0.2857142857142857,0.0,0.0,0.0,0.15024150241502415,0.0,0.39795918367346933,0.951219512195122,1
0.8558968058968058,0.1643835616438356,0.5,0.08393791359179573,1.0,0.6,0.3333333333333333,0.21428571428571427,0.0,0.0,0.0,0.05013050130501305,0.0,0.39795918367346933,0.951219512195122,0
0.9906941031941031,0.46575342465753417,0.625,0.13928628347711605,0.7333333333333333,0.5333333333333333,0.3333333333333333,0.5714285714285714,0.0,0.0,0.0,0.0,0.0,0.2959183673469387,0.951219512195122,0
0.7677518427518427,0.0547945205479452,0.0,0.29175414891036966,1.0,0.6,0.6666666666666666,0.0,0.8,0.0,0.0,0.0,0.0,0.39795918367346933,0.951219512195122,0
0.07665847665847665,0.0273972602739726,0.0,0.23866680525239928,1.0,0.6,0.6666666666666666,0.0,0.6000000000000001,0.0,1.0,0.0,0.0,0.24489795918367346,0.951219512195122,0
0.20337837837837838,0.3972602739726027,0.5,0.10467865433253647,0.7333333333333333,0.5333333333333333,0.3333333333333333,0.8571428571428571,0.0,0.0,0.0,0.0,0.0,0.3571428571428571,0.951219512195122,0
0.7466216216216216,0.35616438356164376,0.75,0.06993451824134705,0.7333333333333333,0.5333333333333333,0.3333333333333333,0.2857142857142857,1.0,0.0,1.0,0.0,0.0,0.39795918367346933,0.951219512195122,0
0.9112407862407862,0.2328767123287671,0.5,0.061191144371686934,1.0,0.6,0.0,0.7142857142857142,0.8,0.0,1.0,0.0,0.0,0.05102040816326531,0.951219512195122,0
0.9441339066339066,0.6164383561643836,0.5,0.13997366871080624,0.7333333333333333,0.5333333333333333,0.3333333333333333,0.5,0.0,0.0,0.0,0.0,0.0,0.39795918367346933,0.951219512195122,0
0.4058968058968059,0.5068493150684932,0.5,0.04438831722274192,0.6,0.8,0.6666666666666666,0.5714285714285714,0.2,0.0,1.0,0.0,0.0,0.5,0.951219512195122,0
0.5422297297297297,0.1506849315068493,0.5,0.07832588435020614,0.7333333333333333,0.5333333333333333,0.6666666666666666,0.5,0.2,0.0,1.0,0.0,0.0,0.39795918367346933,0.951219512195122,0
0.9504299754299754,0.1917808219178082,0.5,0.031525482451581606,0.7333333333333333,0.5333333333333333,0.0,0.07142857142857142,0.8,0.0,1.0,0.0,0.0,0.5,0.951219512195122,0
0.1410933660933661,0.0821917808219178,0.5,0.11768146069362158,0.4666666666666667,0.7333333333333334,0.6666666666666666,0.5714285714285714,0.6000000000000001,0.0,0.0,0.0,0.0,0.6020408163265305,0.951219512195122,0
0.7492628992628992,0.1095890410958904,0.5,0.11752832345909987,0.6,0.8,0.6666666666666666,0.07142857142857142,0.6000000000000001,0.0,1.0,0.0,0.0,0.39795918367346933,0.951219512195122,0
0.04398034398034398,0.2054794520547945,0.5,0.11681807157953088,0.5333333333333333,0.6666666666666666,0.0,0.8571428571428571,0.2,0.0,0.0,0.0,0.0,0.5,0.951219512195122,1
0.7375921375921376,0.0273972602739726,0.5,0.3894162076014274,0.7333333333333333,0.5333333333333333,0.6666666666666666,0.42857142857142855,0.6000000000000001,0.0,0.0,0.0,0.0,0.2755102040816326,0.951219512195122,0
0.004852579852579852,0.1643835616438356,0.5,0.12420746284170044,0.7333333333333333,0.5333333333333333,0.0,0.21428571428571427,0.2,0.0,0.0,0.0,0.0,0.6020408163265305,0.951219512195122,0
0.9072788697788697,0.4931506849315069,0.5,0.18940234902816755,0.8,0.8666666666666667,0.3333333333333333,0.07142857142857142,1.0,0.0,1.0,0.0,0.0,0.39795918367346933,0.951219512195122,1
0.6607800982800983,0.2191780821917808,0.5,0.07363475730173578,0.7333333333333333,0.5333333333333333,0.0,0.07142857142857142,0.8,0.0,1.0,0.0,0.0,0.39795918367346933,0.951219512195122,0
0.3738022113022113,0.0410958904109589,0.5,0.13231819284204693,0.4666666666666667,0.7333333333333334,0.6666666666666666,0.07142857142857142,0.2,0.0,1.0,0.0,0.0,0.2959183673469387,0.951219512195122,0
0.10442260442260443,0.30136986301369856,0.75,0.11228562519488618,1.0,0.6,0.3333333333333333,0.21428571428571427,0.0,0.0,0.0,0.0,0.0,0.39795918367346933,0.951219512195122,0
0.557463144963145,0.32876712328767127,0.875,0.06697848456501403,0.7333333333333333,0.5333333333333333,0.6666666666666666,1.0,0.2,0.0,1.0,0.14344143441434415,0.0,0.39795918367346933,0.951219512195122,1
0.8814189189189189,0.4931506849315069,0.75,0.061772511519939025,0.7333333333333333,0.5333333333333333,0.3333333333333333,0.8571428571428571,0.0,0.0,0.0,0.0,0.0,0.5,0.951219512195122,0
0.8062960687960687,0.30136986301369856,0.75,0.1267837716107127,0.9333333333333333,0.9333333333333333,0.3333333333333333,0.7142857142857142,0.0,0.0,0.0,0.0,0.0,0.44897959183673464,0.951219512195122,1
0.04444103194103194,0.3698630136986301,0.75,0.07521879222534039,0.7333333333333333,0.5333333333333333,0.3333333333333333,0.2857142857142857,0.0,0.0,0.0,0.0,0.0,0.6632653061224489,0.951219512195122,0
0.7915233415233415,0.6301369863013697,0.0,0.06538682742611648,0.7333333333333333,0.5333333333333333,0.3333333333333333,0.0,0.0,0.0,0.0,0.0,0.0,0.24489795918367346,0.951219512195122,0
0.48187960687960685,0.547945205479452,0.5,0.10095208398295395,0.7333333333333333,0.5333333333333333,0.6666666666666666,0.5714285714285714,0.2,1.0,0.0,0.0,0.0,0.47959183673469385,0.951219512195122,0
0.03101965601965602,0.46575342465753417,0.5,0.14430377992585663,0.7333333333333333,0.5333333333333333,0.0,0.5,0.2,0.0,1.0,0.0,0.0,0.39795918367346933,0.951219512195122,0
0.7479729729729729,0.547945205479452,0.5,0.14411322454353326,0.4666666666666667,0.7333333333333334,0.0,0.9285714285714285,0.2,0.0,1.0,0.0,0.0,0.39795918367346933,0.951219512195122,0
0.2527948402948403,0.547945205479452,0.5,0.1374791255240273,0.7333333333333333,0.5333333333333333,0.3333333333333333,0.7142857142857142,0.0,0.0,0.0,0.0,0.0,0.14285714285714282,0.951219512195122,0
0.8374078624078624,0.3972602739726027,0.5,0.12510827010359285,1.0,0.6,0.3333333333333333,1.0,0.0,0.0,0.0,0.0,0.0,0.47959183673469385,0.951219512195122,0
0.7191339066339066,0.1917808219178082,0.0,0.04428714963794477,0.7333333333333333,0.5333333333333333,0.8333333333333333,0.0,0.6000000000000001,0.0,1.0,0.0,0.0,0.19387755102040813,0.951219512195122,0
0.4793304668304668,0.0547945205479452,0.5,0.12697709870768806,0.7333333333333333,0.5333333333333333,0.6666666666666666,0.07142857142857142,0.8,0.0,1.0,0.0,0.0,0.39795918367346933,0.951219512195122,0
0.12813267813267812,0.3972602739726027,0.5,0.216450126459481,0.8,0.8666666666666667,0.3333333333333333,0.9285714285714285,0.0,0.0,0.0,0.0,0.43663911845730025,0.39795918367346933,0.0,1
0.4531633906633907,0.0410958904109589,0.5,0.18993590409867306,1.0,0.6,0.6666666666666666,0.07142857142857142,0.6000000000000001,0.0,1.0,0.021760217602176023,0.0,0.19387755102040813,0.951219512195122,0
0.7800675675675676,0.3150684931506849,0.5,0.09767037383501369,0.6,0.8,0.3333333333333333,0.2857142857142857,0.0,0.0,0.0,0.0,0.43663911845730025,0.31632653061224486,0.951219512195122,1
0.47079238329238327,0.0136986301369863,0.5,0.08368499462980286,0.7333333333333333,0.5333333333333333,0.6666666666666666,0.5714285714285714,0.6000000000000001,0.0,1.0,0.0,0.0,0.2959183673469387,0.951219512195122,0
0.09735872235872235,0.0684931506849315,0.875,0.22340574437861624,1.0,0.6,0.6666666666666666,0.07142857142857142,0.6000000000000001,0.0,1.0,0.0,0.0,0.39795918367346933,0.951219512195122,0
0.6626535626535627,0.2465753424657534,0.5,0.06517825589855523,0.7333333333333333,0.5333333333333333,0.3333333333333333,0.2857142857142857,0.0,0.0,0.0,0.0,0.0,0.44897959183673464,0.951219512195122,0
0.6152027027027027,0.5890410958904109,0.0,0.0725330007275751,0.3333333333333333,0.2,1.0,0.0,0.8,0.0,1.0,0.0,0.0,0.19387755102040813,0.951219512195122,0
0.7672911547911547,0.3150684931506849,0.25,0.09594983196479923,0.6,0.8,0.3333333333333333,0.7142857142857142,0.0,0.0,0.0,1.0,0.0,0.7551020408163265,0.951219512195122,1
0.5651105651105651,0.136986301369863,0.625,0.2526771298894779,0.7333333333333333,0.5333333333333333,0.6666666666666666,0.8571428571428571,0.2,0.0,0.0,0.0,0.0,0.5,0.951219512195122,0
0.5490479115479115,0.5205479452054793,0.5,0.1584748640127499,0.4,0.26666666666666666,0.3333333333333333,0.5,0.4,1.0,0.0,0.0,0.0,0.39795918367346933,0.7317073170731707,0
0.8375614250614251,0.1917808219178082,0.5,0.16102276270657936,1.0,0.6,0.6666666666666666,0.2857142857142857,0.2,0.0,0.0,0.0,0.0,0.44897959183673464,0.3902439024390244,0
0.7132063882063882,0.4794520547945205,0.625,0.08493157329452933,0.7333333333333333,0.5333333333333333,0.3333333333333333,0.2857142857142857,0.0,0.0,0.0,0.0,0.0,0.39795918367346933,0.951219512195122,1
0.1816953316953317,0.7671232876712328,0.0,0.1868288119738073,0.06666666666666667,0.4,0.3333333333333333,0.0,0.0,0.0,0.0,0.0,0.0,0.020408163265306124,0.951219512195122,0
0.2523955773955774,0.6575342465753424,0.5,0.09529570730693275,0.7333333333333333,0.5333333333333333,0.0,0.07142857142857142,0.8,0.0,1.0,0.0,0.5064279155188246,0.5918367346938775,0.04878048780487805,0
0.1132985257985258,0.726027397260274,0.5,0.016082181339431102,0.7333333333333333,0.5333333333333333,0.3333333333333333,0.2857142857142857,0.0,0.0,0.0,0.0,0.0,0.2959183673469387,0.951219512195122,0
0.25297911547911545,0.41095890410958896,0.5,0.3979988220212729,0.8,0.8666666666666667,0.3333333333333333,0.2857142857142857,0.0,0.0,0.0,0.0,0.0,0.39795918367346933,0.5853658536585367,1
0.26722972972972975,0.0273972602739726,0.25,0.19448913834320758,0.7333333333333333,0.5333333333333333,0.6666666666666666,0.21428571428571427,0.4,1.0,1.0,0.0,0.0,0.39795918367346933,0.951219512195122,0
0.3104115479115479,0.1917808219178082,0.5,0.22824169351765236,0.6,0.8,0.3333333333333333,0.07142857142857142,0.0,1.0,0.0,0.0,0.0,0.6020408163265305,0.4634146341463415,0
0.0032555282555282554,0.0,0.0,0.20274261164813084,0.0,0.33333333333333337,0.6666666666666666,0.0,0.6000000000000001,0.0,1.0,0.3409534095340953,0.0,0.31632653061224486,0.951219512195122,0
0.12644348894348895,0.4520547945205479,0.5,0.0919398537920521,0.7333333333333333,0.5333333333333333,0.6666666666666666,0.9285714285714285,0.6000000000000001,0.0,0.0,0.0,0.0,0.14285714285714282,0.951219512195122,0
0.22736486486486485,0.5753424657534245,0.5,0.07146104008592315,1.0,0.6,0.3333333333333333,0.2857142857142857,0.0,0.0,0.0,0.0,0.0,0.39795918367346933,0.951219512195122,1
0.4949938574938575,0.6164383561643836,0.0,0.030028756539514256,1.0,0.6,0.3333333333333333,0.0,0.0,1.0,0.0,0.0,0.0,0.346938775510204,0.951219512195122,1
0.6972665847665848,0.41095890410958896,0.25,0.10711152686830891,0.7333333333333333,0.5333333333333333,0.3333333333333333,0.2857142857142857,0.0,0.0,0.0,0.0,0.0,0.39795918367346933,0.951219512195122,1
0.4739864864864865,0.1917808219178082,0.5,0.008960260541177286,0.6,0.8,0.0,0.2857142857142857,0.8,0.0,1.0,0.0,0.0,0.39795918367346933,0.951219512195122,0
0.8078931203931203,0.136986301369863,0.5,0.13516751550427886,0.6,0.8,0.3333333333333333,0.9285714285714285,0.0,1.0,0.0,0.0,0.0,0.39795918367346933,0.4634146341463415,1
0.6421990171990172,0.3424657534246575,0.5,0.07789003222118282,0.8,0.8666666666666667,0.3333333333333333,0.2857142857142857,0.0,0.0,0.0,0.0,0.0,0.39795918367346933,0.951219512195122,1
0.5471437346437347,0.35616438356164376,0.75,0.015903405744378617,1.0,0.6,0.3333333333333333,0.3571428571428571,0.0,0.0,0.0,0.0,0.0,0.846938775510204,0.951219512195122,0
0.3729115479115479,0.5205479452054793,0.5,0.12349582510480546,1.0,0.6,0.3333333333333333,1.0,0.0,1.0,0.0,0.0,0.0,0.346938775510204,0.951219512195122,0
0.2930282555282555,0.30136986301369856,0.25,0.05980112947372068,1.0,0.6,0.0,0.7142857142857142,0.6000000000000001,0.0,1.0,0.0,0.0,0.44897959183673464,0.951219512195122,0
0.9588452088452089,0.5342465753424657,0.0,0.28632643869313656,0.4666666666666667,0.7333333333333334,0.3333333333333333,0.0,0.0,0.0,0.0,0.0,0.0,0.19387755102040813,0.951219512195122,0
0.696590909090909,0.41095890410958896,0.25,0.13310605273187126,1.0,0.6,0.6666666666666666,0.5714285714285714,0.6000000000000001,0.0,1.0,0.0,0.0,0.19387755102040813,0.951219512195122,0
0.4171068796068796,0.5205479452054793,0.5,0.13076048920763608,1.0,0.6,1.0,0.5714285714285714,0.2,0.0,1.0,0.0,0.0,0.346938775510204,0.951219512195122,0
0.20522113022113023,0.2191780821917808,0.5,0.0983556802827149,0.5333333333333333,0.6666666666666666,0.0,0.8571428571428571,0.2,0.0,0.0,0.0,0.0,0.39795918367346933,0.951219512195122,0
0.9631449631449631,0.32876712328767127,0.0,0.16619339638984168,1.0,0.6,1.0,0.0,0.8,1.0,1.0,0.0,0.0,0.19387755102040813,0.951219512195122,0
0.8213452088452088,0.27397260273972607,0.5,0.13645774867477395,0.26666666666666666,0.13333333333333336,0.6666666666666666,0.5,0.8,0.0,1.0,0.0,0.0,0.39795918367346933,0.6341463414634146,0
0.8201474201474201,0.41095890410958896,0.5,0.09473027751792952,0.7333333333333333,0.5333333333333333,0.3333333333333333,0.21428571428571427,0.0,0.0,0.0,0.0,0.0,0.39795918367346933,0.951219512195122,1
0.23295454545454544,0.0273972602739726,0.5,0.10540137892803936,0.7333333333333333,0.5333333333333333,0.6666666666666666,0.07142857142857142,0.6000000000000001,0.0,1.0,0.0,0.0,0.24489795918367346,0.951219512195122,0
0.11421990171990172,0.0547945205479452,0.25,0.40501056716211065,1.0,0.6,0.6666666666666666,0.07142857142857142,0.6000000000000001,0.0,0.0,0.0,0.0,0.39795918367346933,0.3170731707317073,0
0.7967444717444717,0.2876712328767123,0.5,0.19923431382739148,0.7333333333333333,0.5333333333333333,0.3333333333333333,0.42857142857142855,0.0,1.0,0.0,0.0,0.0,0.39795918367346933,0.951219512195122,0
0.7558353808353808,0.2054794520547945,0.5,0.06469528462044832,0.7333333333333333,0.5333333333333333,0.3333333333333333,0.2857142857142857,1.0,0.0,1.0,0.0,0.0,0.5,0.951219512195122,1
0.6592444717444718,0.0547945205479452,0.0,0.23888299899525345,1.0,0.6,0.3333333333333333,0.0,1.0,1.0,1.0,0.02105021050210502,0.0,0.19387755102040813,0.951219512195122,0
0.25393120393120394,0.3835616438356165,0.75,0.14771229601912483,0.6,0.8,0.3333333333333333,0.2857142857142857,0.0,0.0,0.0,0.0,0.0,0.5,0.951219512195122,1
0.9462837837837837,0.547945205479452,0.125,0.12860063056508333,0.7333333333333333,0.5333333333333333,0.0,0.07142857142857142,0.2,0.0,1.0,0.0,0.0,0.39795918367346933,0.951219512195122,0
0.9055589680589681,0.1780821917808219,0.75,0.4140276478536535,0.5333333333333333,0.6666666666666666,0.6666666666666666,0.21428571428571427,0.2,0.0,0.0,0.0,0.0,0.39795918367346933,0.951219512195122,0
0.3596130221130221,0.3835616438356165,0.875,0.21379135917957248,1.0,0.6,0.5,0.5714285714285714,0.4,1.0,0.0,0.0,0.0,0.39795918367346933,0.34146341463414637,0
0.01898034398034398,0.4794520547945205,0.625,0.02685999376364203,0.6,0.8,0.3333333333333333,0.8571428571428571,0.0,0.0,0.0,0.0,0.0,0.5510204081632653,0.951219512195122,0
0.9558046683046683,0.2465753424657534,0.5,0.1017870630218619,1.0,0.6,0.6666666666666666,0.8571428571428571,0.2,0.0,0.0,0.0,0.0,0.39795918367346933,0.951219512195122,0
0.376504914004914,0.2465753424657534,0.5,0.20968852856598413,0.3333333333333333,0.2,0.3333333333333333,0.21428571428571427,0.0,0.0,0.0,0.0,0.0,0.39795918367346933,0.8048780487804879,0
0.4738943488943489,0.0958904109589041,0.5,0.1383660742126598,1.0,0.6,0.6666666666666666,0.8571428571428571,0.2,0.0,1.0,0.0,0.0,0.2346938775510204,0.951219512195122,0
0.5738943488943489,0.41095890410958896,0.5,0.0843183314277795,0.6,0.8,0.3333333333333333,0.2857142857142857,0.0,1.0,0.0,0.028850288502885027,0.0,0.6530612244897959,0.5853658536585367,0
0.08897420147420147,0.6438356164383561,0.5,0.0944607282680248,0.0,0.33333333333333337,0.8333333333333333,0.5714285714285714,0.2,0.0,1.0,0.0,0.0,0.346938775510204,0.951219512195122,0
0.9703316953316953,0.5342465753424657,0.0,0.07412188615182067,0.0,0.33333333333333337,0.0,0.0,0.2,0.0,1.0,0.0,0.0,0.39795918367346933,0.951219512195122,0
0.16339066339066338,0.1506849315068493,0.0,0.1513487856425181,0.7333333333333333,0.5333333333333333,0.6666666666666666,0.0,0.2,1.0,0.0,0.0,0.0,0.39795918367346933,0.951219512195122,0
0.48823710073710075,0.1780821917808219,0.5,0.19690815230572015,0.7333333333333333,0.5333333333333333,0.6666666666666666,0.21428571428571427,0.2,0.0,0.0,0.0,0.0,0.346938775510204,0.951219512195122,0
0.07085380835380835,0.0410958904109589,0.5,0.14241208467588262,1.0,0.6,0.6666666666666666,0.42857142857142855,0.6000000000000001,0.0,0.0,0.0,0.0,0.346938775510204,0.951219512195122,0
0.03218673218673219,0.0410958904109589,0.5,0.043201330423032945,1.0,0.6,0.6666666666666666,0.8571428571428571,0.2,0.0,1.0,0.0,0.0,0.5,0.951219512195122,0
0.21753685503685502,0.2876712328767123,0.25,0.11995218792225341,0.6,0.8,0.3333333333333333,0.7142857142857142,1.0,0.0,1.0,0.07688076880768807,0.0,0.39795918367346933,0.951219512195122,1
0.35365479115479115,0.7123287671232876,0.5,0.24845095797387662,0.6,0.8,0.0,0.42857142857142855,0.2,0.0,0.0,0.0,0.0,0.39795918367346933,0.951219512195122,0
0.9893120393120393,0.3835616438356165,0.5,0.11511693171188025,0.5333333333333333,0.6666666666666666,0.0,0.42857142857142855,0.2,0.0,1.0,0.0,0.0,0.39795918367346933,0.951219512195122,0
0.9343366093366093,0.547945205479452,0.5,0.1206395731559436,0.6,0.8,1.0,0.7142857142857142,0.8,0.0,0.0,0.1052010520105201,0.0,0.39795918367346933,0.951219512195122,1
0.722051597051597,0.2328767123287671,0.5,0.08632297404982157,0.2,0.06666666666666667,0.6666666666666666,0.5714285714285714,0.4,0.0,1.0,0.0,0.0,0.39795918367346933,0.3170731707317073,0
0.9964066339066339,0.0136986301369863,0.5,0.020161452378477634,0.7333333333333333,0.5333333333333333,0.6666666666666666,0.8571428571428571,0.6000000000000001,0.0,1.0,0.0,0.3677685950413223,0.19387755102040813,0.951219512195122,0
0.2101044226044226,0.2465753424657534,0.75,0.08908914527249419,0.7333333333333333,0.5333333333333333,0.3333333333333333,0.21428571428571427,0.0,0.0,0.0,0.0,0.0,0.39795918367346933,0.951219512195122,0
0.3050982800982801,0.136986301369863,0.5,0.11391608633891141,0.7333333333333333,0.5333333333333333,0.6666666666666666,0.5714285714285714,0.2,0.0,0.0,0.0,0.0,0.47959183673469385,0.951219512195122,0
0.38753071253071253,0.3698630136986301,0.5,0.1038693136541593,1.0,0.6,0.8333333333333333,0.07142857142857142,0.8,0.0,1.0,0.0,0.0,0.39795918367346933,0.951219512195122,0
0.8150184275184275,0.1506849315068493,0.5,0.12087101132938365,1.0,0.6,0.6666666666666666,0.5714285714285714,0.6000000000000001,0.0,1.0,0.0,0.0,0.5,0.951219512195122,0
0.05924447174447174,0.547945205479452,0.5,0.12673041610366215,0.8,0.8666666666666667,0.6666666666666666,0.7142857142857142,0.2,0.0,0.0,0.0,0.0,0.8061224489795917,0.951219512195122,0
0.42278869778869776,0.6027397260273972,0.5,0.0387922253404012,0.0,0.33333333333333337,0.3333333333333333,0.3571428571428571,0.0,0.0,0.0,0.0,0.0,0.5510204081632653,0.951219512195122,0
0.1365786240786241,0.1095890410958904,0.5,0.12399611959948724,1.0,0.6,0.6666666666666666,0.2857142857142857,0.6000000000000001,0.0,1.0,0.0,0.0,0.39795918367346933,1.0,0
0.8952395577395578,0.136986301369863,0.5,0.06297266396424488,0.06666666666666667,0.4,0.3333333333333333,0.21428571428571427,0.0,0.0,0.0,0.0,0.0,0.39795918367346933,0.951219512195122,0
0.47002457002457,0.0821917808219178,0.5,0.07903613622977514,0.4,0.26666666666666666,0.6666666666666666,0.5714285714285714,0.8,1.0,1.0,0.0,0.0,0.2959183673469387,0.951219512195122,0
0.22788697788697787,0.3424657534246575,0.5,0.12875376779960504,1.0,0.6,0.3333333333333333,0.5714285714285714,0.0,0.0,0.0,0.0,0.0,0.39795918367346933,0.951219512195122,1
0.6811117936117936,0.4931506849315069,0.5,0.181541073346499,0.7333333333333333,0.5333333333333333,0.0,0.07142857142857142,0.2,0.0,1.0,0.0,0.0,0.39795918367346933,0.951219512195122,0
0.04315110565110565,0.0958904109589041,0.5,0.15884558084745176,0.7333333333333333,0.5333333333333333,0.3333333333333333,0.5714285714285714,0.0,0.0,0.0,0.0,0.0,0.44897959183673464,0.951219512195122,1
0.9992936117936118,0.1780821917808219,0.5,0.23117001004746562,0.7333333333333333,0.5333333333333333,0.6666666666666666,0.21428571428571427,0.2,1.0,0.0,0.0,0.0,0.4591836734693877,0.951219512195122,0
0.635995085995086,0.1506849315068493,0.25,0.02648858400027717,0.6,0.8,0.6666666666666666,0.7142857142857142,0.2,0.0,1.0,0.022020220202202023,0.0,0.5,0.951219512195122,0
0.5939496314496314,0.6164383561643836,0.25,0.08627100440009701,0.7333333333333333,0.5333333333333333,0.0,1.0,0.4,0.0,0.0,0.0,0.0,0.39795918367346933,0.951219512195122,0
0.21446560196560197,0.1232876712328767,0.5,0.014776703738350135,0.7333333333333333,0.5333333333333333,0.6666666666666666,0.21428571428571427,0.4,0.0,0.0,0.0,0.0,0.6020408163265305,0.951219512195122,0
0.018857493857493857,0.136986301369863,0.5,0.06762706579357655,0.6,0.8,0.6666666666666666,0.5714285714285714,0.6000000000000001,0.0,1.0,0.0,0.0,0.19387755102040813,0.951219512195122,0
0.8444717444717444,0.0273972602739726,0.5,0.1605210823545716,1.0,0.6,0.6666666666666666,0.8571428571428571,0.6000000000000001,1.0,1.0,0.0,0.3950872359963269,0.24489795918367346,0.951219512195122,0
0.7505528255528255,0.2191780821917808,0.5,0.06971901742715587,0.7333333333333333,0.5333333333333333,0.0,0.5714285714285714,0.8,0.0,1.0,0.0,0.0,0.39795918367346933,0.951219512195122,0
0.9610257985257985,0.1095890410958904,0.5,0.010666250909468869,1.0,0.6,0.3333333333333333,0.5714285714285714,1.0,0.0,1.0,0.0,0.0,0.6020408163265305,0.951219512195122,0
0.384029484029484,0.1506849315068493,0.5,0.1304299622353879,1.0,0.6,0.3333333333333333,0.5714285714285714,0.0,0.0,0.0,0.0,0.0,0.346938775510204,0.951219512195122,1
0.09348894348894349,0.1095890410958904,0.5,0.1266902262412085,0.7333333333333333,0.5333333333333333,0.6666666666666666,0.42857142857142855,0.4,0.0,0.0,0.0,0.0,0.346938775510204,0.951219512195122,0
0.9588144963144963,0.136986301369863,0.5,0.12530714062987217,0.7333333333333333,0.5333333333333333,0.3333333333333333,0.5,0.0,0.0,0.0,0.0,0.0,0.39795918367346933,0.951219512195122,0
0.3241400491400491,0.4383561643835617,0.5,0.19807019367356132,0.3333333333333333,0.2,0.3333333333333333,0.5,0.0,0.0,0.0,0.0,0.0,0.39795918367346933,0.951219512195122,0
0.3509213759213759,0.41095890410958896,0.25,0.11201399715899248,0.6,0.8,0.3333333333333333,0.21428571428571427,0.0,0.0,0.0,0.0,0.0,0.5,0.951219512195122,1
0.011578624078624079,0.0821917808219178,0.5,0.01617849842358729,1.0,0.6,0.6666666666666666,0.8571428571428571,0.2,0.0,0.0,0.0,0.0,0.39795918367346933,0.951219512195122,0
0.11265356265356265,0.3835616438356165,0.5,0.12978900322211828,0.26666666666666666,0.13333333333333336,0.3333333333333333,1.0,0.0,0.0,0.0,0.0,0.0,0.37755102040816324,0.6341463414634146,0
0.08169533169533169,0.4246575342465753,0.5,0.06701174514083774,0.7333333333333333,0.5333333333333333,0.3333333333333333,0.21428571428571427,0.0,0.0,0.0,0.0,0.0,0.44897959183673464,0.951219512195122,1
0.34996928746928746,0.3972602739726027,0.5,0.11807781588885423,1.0,0.6,0.3333333333333333,0.8571428571428571,0.0,0.0,0.0,0.0,0.0,0.39795918367346933,0.951219512195122,0
0.8562039312039312,0.2876712328767123,0.125,0.17250874822437032,1.0,0.6,0.3333333333333333,0.07142857142857142,0.0,0.0,0.0,0.0,0.0,0.44897959183673464,0.951219512195122,1
0.08372235872235873,0.1780821917808219,0.125,0.03883518691750684,0.6,0.8,0.6666666666666666,0.7142857142857142,0.2,0.0,0.0,0.0,0.0,0.39795918367346933,0.951219512195122,1
0.8697481572481572,0.0273972602739726,0.5,0.17396181963066903,0.7333333333333333,0.5333333333333333,0.6666666666666666,0.42857142857142855,0.6000000000000001,0.0,0.0,0.0,0.0,0.19387755102040813,0.951219512195122,0
0.21342137592137592,0.2191780821917808,0.5,0.06865398607213387,0.6,0.8,0.3333333333333333,0.21428571428571427,0.0,0.0,0.0,0.0,0.0,0.44897959183673464,0.951219512195122,0
0.8703009828009828,0.3698630136986301,0.75,0.22929355922807748,1.0,0.6,0.3333333333333333,0.21428571428571427,0.0,0.0,0.0,0.0,0.4331955922865014,0.5510204081632653,0.951219512195122,1
0.7664004914004914,0.0,0.5,0.10302671239995842,0.06666666666666667,0.4,0.6666666666666666,0.07142857142857142,0.6000000000000001,0.0,0.0,0.0,0.0,0.1530612244897959,0.951219512195122,0
0.9978501228501229,0.5890410958904109,0.0,0.08444513737310744,0.4,0.26666666666666666,0.0,0.0,0.2,1.0,0.0,0.0,0.0,0.346938775510204,0.951219512195122,0
0.14932432432432433,0.2465753424657534,0.5,0.023628867408100336,0.7333333333333333,0.5333333333333333,0.3333333333333333,1.0,0.0,0.0,0.0,0.051780517805178054,0.0,0.9081632653061223,0.951219512195122,1
0.3898341523341523,0.46575342465753417,0.875,0.09930291376502788,1.0,0.6,0.3333333333333333,0.8571428571428571,0.0,0.0,0.0,0.0,0.4331955922865014,0.39795918367346933,0.951219512195122,1
0.40377764127764126,0.1095890410958904,0.5,0.0620358244118768,0.5333333333333333,0.6666666666666666,0.3333333333333333,0.8571428571428571,0.0,0.0,0.0,0.0,0.0,0.4081632653061224,0.951219512195122,0
0.629054054054054,0.8630136986301369,0.5,0.13179364584416037,0.7333333333333333,0.5333333333333333,0.5,0.07142857142857142,0.2,0.0,1.0,0.0,0.0,0.1530612244897959,0.951219512195122,0
0.5256449631449631,0.46575342465753417,0.5,0.1712074281952673,1.0,0.6,0.3333333333333333,0.2857142857142857,0.0,0.0,0.0,0.0,0.0,0.6020408163265305,0.951219512195122,1
0.24843366093366093,0.46575342465753417,0.125,0.019764404254581994,0.6,0.8,0.6666666666666666,0.7142857142857142,0.2,1.0,1.0,0.0,0.0,0.42857142857142855,0.951219512195122,0
0.6184582309582309,0.5342465753424657,0.5,0.06070678723625403,0.0,0.33333333333333337,0.3333333333333333,0.8571428571428571,1.0,1.0,1.0,0.0,0.0,0.2959183673469387,0.5853658536585367,1
0.029668304668304668,0.2465753424657534,0.625,0.2470567855039324,1.0,0.6,0.3333333333333333,0.8571428571428571,0.0,0.0,0.0,0.0,0.0,0.6020408163265305,0.951219512195122,1
0.1511056511056511,0.32876712328767127,0.5,0.11550982226379794,0.7333333333333333,0.5333333333333333,0.3333333333333333,0.07142857142857142,1.0,0.0,1.0,0.0,0.0,0.39795918367346933,0.951219512195122,0
0.18347665847665848,0.4383561643835617,0.5,0.07171742369123099,0.7333333333333333,0.5333333333333333,0.3333333333333333,0.5,0.0,0.0,0.0,0.0,0.0,0.39795918367346933,0.951219512195122,0
0.6793304668304668,0.0410958904109589,0.875,0.11468107958285695,1.0,0.6,0.6666666666666666,0.5714285714285714,0.6000000000000001,0.0,1.0,0.0,0.0,0.19387755102040813,0.951219512195122,0
0.15761670761670762,0.0821917808219178,0.5,0.11999237778470707,0.6,0.8,0.6666666666666666,0.2857142857142857,0.2,0.0,1.0,0.0,0.0,0.346938775510204,0.04878048780487805,0
0.5403869778869779,0.2191780821917808,0.5,0.20065966808717042,1.0,0.6,0.6666666666666666,0.07142857142857142,0.8,1.0,1.0,0.0,0.0,0.346938775510204,0.951219512195122,0
0.7378992628992629,0.4383561643835617,0.25,0.05990576170183279,0.7333333333333333,0.5333333333333333,0.3333333333333333,0.21428571428571427,0.0,0.0,0.0,0.0,0.0,0.39795918367346933,0.951219512195122,1
0.7092751842751842,0.2054794520547945,0.5,0.13960087309011537,0.5333333333333333,0.6666666666666666,0.6666666666666666,0.5714285714285714,0.2,0.0,0.0,0.0,0.0,0.44897959183673464,0.951219512195122,0
0.9644041769041769,0.1232876712328767,0.25,0.012824723694695632,0.6,0.8,0.3333333333333333,0.7142857142857142,1.0,0.0,1.0,0.0,0.0,0.5510204081632653,0.951219512195122,1
0.05218058968058968,0.5068493150684932,0.5,0.11477808959567612,0.8,0.8666666666666667,0.3333333333333333,0.7142857142857142,0.0,0.0,0.0,0.0,0.0,0.6020408163265305,0.951219512195122,0
0.6151719901719902,0.3424657534246575,0.5,0.11487995010913626,0.7333333333333333,0.5333333333333333,0.0,0.07142857142857142,0.2,0.0,1.0,0.0,0.0,0.39795918367346933,0.951219512195122,0
0.5635135135135135,0.2328767123287671,0.5,0.10901153726223885,0.0,0.33333333333333337,0.8333333333333333,0.5714285714285714,0.8,0.0,1.0,0.0,0.0,0.3571428571428571,0.951219512195122,0
0.27042383292383293,0.0410958904109589,0.0,0.1415500814191179,0.06666666666666667,0.4,0.6666666666666666,0.0,0.4,0.0,0.0,0.0,0.0,0.39795918367346933,0.951219512195122,0
0.913083538083538,0.2054794520547945,0.5,0.03553268890967674,0.7333333333333333,0.5333333333333333,0.6666666666666666,0.5714285714285714,0.6000000000000001,1.0,1.0,0.0,0.0,0.39795918367346933,0.951219512195122,0
0.45218058968058966,0.1506849315068493,0.5,0.04001593735924886,0.3333333333333333,0.2,0.6666666666666666,0.07142857142857142,0.6000000000000001,0.0,0.0,0.0,0.0,0.39795918367346933,0.7804878048780488,0
0.3614250614250614,0.2465753424657534,0.0,0.16974326993036068,0.7333333333333333,0.5333333333333333,0.6666666666666666,0.0,0.6000000000000001,0.0,0.0,0.0,0.0,0.39795918367346933,0.951219512195122,0
0.8462530712530713,0.5890410958904109,0.5,0.010003118178983474,1.0,0.6,0.3333333333333333,0.21428571428571427,0.0,0.0,0.0,0.0,0.0,0.39795918367346933,0.951219512195122,0
0.007278869778869779,0.32876712328767127,0.5,0.11631015486955618,0.6,0.8,0.3333333333333333,0.2857142857142857,0.0,0.0,0.0,0.0,0.0,0.5,0.4878048780487805,1
0.30979729729729727,0.4520547945205479,0.5,0.05590756331635657,0.6,0.8,0.6666666666666666,0.8571428571428571,0.8,0.0,1.0,0.0,0.0,0.31632653061224486,0.951219512195122,0
0.8039004914004914,0.1643835616438356,0.125,0.11783875550012125,0.7333333333333333,0.5333333333333333,0.5,0.5714285714285714,0.8,1.0,0.0,0.0,0.0,0.39795918367346933,0.951219512195122,0
0.6744778869778869,0.1917808219178082,0.5,0.47869036482694105,0.7333333333333333,0.5333333333333333,0.6666666666666666,0.5,0.2,1.0,0.0,0.0,0.0,0.39795918367346933,0.951219512195122,0
0.3601044226044226,0.1643835616438356,0.5,0.2630232477566435,0.5333333333333333,0.6666666666666666,0.3333333333333333,0.21428571428571427,0.0,0.0,0.0,0.0,0.0,0.39795918367346933,0.951219512195122,1
0.5298218673218673,0.2328767123287671,0.5,0.14897758375775216,1.0,0.6,0.6666666666666666,0.21428571428571427,0.2,0.0,0.0,0.0,0.0,0.39795918367346933,0.951219512195122,0
0.4493243243243243,0.1095890410958904,0.5,0.10256383605307834,0.6,0.8,0.6666666666666666,0.2857142857142857,0.2,0.0,0.0,0.0,0.0,0.346938775510204,0.951219512195122,0
0.35605036855036853,0.3424657534246575,0.25,0.029849980944461764,0.8,0.8666666666666667,0.3333333333333333,0.7142857142857142,0.0,0.0,0.0,0.0,0.0,0.5510204081632653,0.951219512195122,1
0.33258599508599507,0.4520547945205479,0.5,0.10117382115511207,0.5333333333333333,0.6666666666666666,0.3333333333333333,0.9285714285714285,0.0,0.0,0.0,0.03103031030310303,0.0,0.39795918367346933,0.951219512195122,1
0.7236179361179361,0.2465753424657534,0.5,0.2707632609222881,0.7333333333333333,0.5333333333333333,0.8333333333333333,0.07142857142857142,0.8,0.0,1.0,0.0,0.0,0.39795918367346933,0.951219512195122,0
0.8004914004914004,0.2328767123287671,0.75,0.07744655787686658,0.6,0.8,0.3333333333333333,0.8571428571428571,0.0,0.0,0.0,0.0,0.0,0.2959183673469387,0.951219512195122,0
0.8994164619164619,0.6712328767123288,0.5,0.0700121262516024,0.6,0.8,0.3333333333333333,0.7142857142857142,0.0,0.0,0.0,0.20051200512005118,0.0,0.39795918367346933,0.951219512195122,1
0.7459459459459459,0.2191780821917808,0.5,0.12653986072133874,0.7333333333333333,0.5333333333333333,0.6666666666666666,0.21428571428571427,0.2,0.0,0.0,0.0,0.0,0.44897959183673464,0.951219512195122,0
0.4916769041769042,0.4246575342465753,0.5,0.0738689671898278,0.7333333333333333,0.5333333333333333,0.3333333333333333,0.8571428571428571,0.0,0.0,0.0,0.028850288502885027,0.0,0.14285714285714282,0.951219512195122,0
0.9361179361179361,0.2328767123287671,0.25,0.016213144856737,0.4666666666666667,0.7333333333333334,0.0,0.07142857142857142,0.8,0.0,1.0,0.0,0.0,0.09183673469387754,0.951219512195122,0
0.5208845208845209,0.6164383561643836,0.5,0.04120569587360981,1.0,0.6,0.3333333333333333,0.2857142857142857,0.0,0.0,0.0,0.0,0.45385674931129477,0.9897959183673468,0.951219512195122,1
0.7189496314496314,0.3972602739726027,0.5,0.04363441083740429,0.7333333333333333,0.5333333333333333,0.3333333333333333,0.6428571428571428,1.0,0.0,1.0,0.0,0.0,0.39795918367346933,0.951219512195122,0
0.4735257985257985,0.4246575342465753,0.5,0.06482555520909122,0.6,0.8,0.3333333333333333,0.2857142857142857,0.0,0.0,0.0,0.0,0.0,0.44897959183673464,0.951219512195122,1
0.06277641277641277,0.4931506849315069,0.5,0.18171569136957352,0.6,0.8,0.0,0.2857142857142857,0.2,0.0,0.0,0.0,0.0,0.7040816326530611,0.951219512195122,0
0.37389434889434886,0.4794520547945205,0.875,0.07865502546512836,0.8,0.8666666666666667,0.3333333333333333,0.7142857142857142,1.0,1.0,1.0,0.0,0.42424242424242425,0.39795918367346933,0.951219512195122,1
0.9351658476658476,0.30136986301369856,0.125,0.3186647264664103,1.0,0.6,0.0,0.2857142857142857,0.8,1.0,1.0,0.0,0.0,0.39795918367346933,0.951219512195122,0
0.9600429975429975,0.3424657534246575,0.5,0.11622769635865987,0.7333333333333333,0.5333333333333333,0.6666666666666666,0.5714285714285714,0.2,0.0,1.0,0.0,0.0,0.6530612244897959,0.951219512195122,0
0.5727272727272728,0.1917808219178082,0.5,0.04978345979281433,1.0,0.6,0.3333333333333333,0.07142857142857142,0.0,0.0,0.0,0.0,0.0,0.5,0.951219512195122,1
0.08685503685503686,0.5068493150684932,0.75,0.11330700204413956,0.6,0.8,0.3333333333333333,0.2857142857142857,0.0,0.0,0.0,0.0,0.0,0.39795918367346933,0.951219512195122,1
0.9477579852579853,0.2465753424657534,0.5,0.14458510896303226,0.7333333333333333,0.5333333333333333,0.0,0.5714285714285714,0.8,1.0,1.0,0.0,0.3659320477502296,0.39795918367346933,0.951219512195122,0
0.7212223587223587,0.5753424657534245,0.5,0.05963690538059106,0.7333333333333333,0.5333333333333333,0.0,0.5714285714285714,0.2,1.0,0.0,0.0,0.0,0.39795918367346933,0.07317073170731708,0
0.36864250614250615,0.1095890410958904,0.5,0.13803970481238959,1.0,0.6,0.3333333333333333,0.2857142857142857,0.0,0.0,0.0,0.0,0.0,0.39795918367346933,0.951219512195122,0
0.4588144963144963,0.0410958904109589,0.0,0.2853126840591761,1.0,0.6,0.6666666666666666,0.0,0.6000000000000001,0.0,0.0,0.0,0.0,0.14285714285714282,0.951219512195122,0
0.2392199017199017,0.4794520547945205,0.5,0.12928524408412154,0.9333333333333333,0.9333333333333333,0.0,0.2857142857142857,0.2,0.0,0.0,0.0,0.587465564738292,0.6020408163265305,0.951219512195122,1
0.09671375921375922,0.5205479452054793,0.625,0.12309739112358382,0.7333333333333333,0.5333333333333333,0.3333333333333333,0.2857142857142857,0.0,0.0,0.0,0.0,0.0,0.44897959183673464,0.951219512195122,0
0.47027027027027024,0.2054794520547945,0.5,0.112544780514846,0.06666666666666667,0.4,0.6666666666666666,0.5714285714285714,0.2,1.0,0.0,0.0,0.0,0.39795918367346933,0.951219512195122,0
0.02800982800982801,0.4931506849315069,0.75,0.20700204413955584,0.0,0.33333333333333337,0.3333333333333333,0.3571428571428571,0.0,0.0,0.0,0.0,0.0,0.6020408163265305,0.951219512195122,0
0.3849201474201474,0.4520547945205479,0.75,0.09897307972144267,0.7333333333333333,0.5333333333333333,0.0,0.2857142857142857,0.2,0.0,1.0,1.0,0.0,0.346938775510204,0.951219512195122,1
0.29044840294840296,0.0684931506849315,0.5,0.09732806707549457,1.0,0.6,0.6666666666666666,0.5714285714285714,0.2,1.0,1.0,0.0,0.0,0.39795918367346933,0.7317073170731707,0
0.2544840294840295,0.30136986301369856,0.75,0.2176592869764058,0.8,0.8666666666666667,0.6666666666666666,0.7142857142857142,0.2,0.0,0.0,0.0,0.0,0.39795918367346933,0.951219512195122,0
0.9406633906633907,0.6575342465753424,0.0,0.07152964002355958,0.6,0.8,0.3333333333333333,0.0,0.0,0.0,0.0,0.055560555605556054,0.0,0.47959183673469385,0.951219512195122,1
0.3894041769041769,0.4246575342465753,0.5,0.17713127533520426,0.6,0.8,0.6666666666666666,0.5714285714285714,0.2,0.0,0.0,0.0,0.0,0.5,0.6341463414634146,1
0.05316339066339066,0.3972602739726027,0.5,0.03062536811835221,1.0,0.6,0.6666666666666666,0.2857142857142857,0.2,1.0,0.0,0.0,0.0,0.39795918367346933,0.951219512195122,0
0.22401719901719902,0.4931506849315069,0.5,0.08945916917853307,0.7333333333333333,0.5333333333333333,0.3333333333333333,1.0,0.0,0.0,0.0,0.0,0.0,0.39795918367346933,0.951219512195122,1
0.9159090909090909,0.41095890410958896,0.25,0.1241062952569033,0.7333333333333333,0.5333333333333333,0.0,0.07142857142857142,0.8,0.0,1.0,0.0,0.0,0.346938775510204,0.951219512195122,0
0.9186732186732186,0.0821917808219178,0.5,0.13074316599106123,0.7333333333333333,0.5333333333333333,0.0,0.5714285714285714,0.6000000000000001,0.0,1.0,0.0,0.0,0.09183673469387754,0.951219512195122,0
0.28525798525798524,0.2191780821917808,0.875,0.19678966150434812,0.7333333333333333,0.5333333333333333,0.3333333333333333,0.21428571428571427,0.0,0.0,0.0,0.0,0.0,0.39795918367346933,0.951219512195122,0
0.6327702702702702,0.4383561643835617,0.75,0.06844818625922461,0.6,0.8,0.3333333333333333,0.21428571428571427,0.0,0.0,0.0,0.0,0.0,0.5,0.951219512195122,1
0.802948402948403,0.2602739726027397,0.25,0.03396320548799501,1.0,0.6,0.3333333333333333,0.21428571428571427,0.0,0.0,0.0,0.0,0.0,0.39795918367346933,0.951219512195122,0
0.6826781326781327,0.5342465753424657,0.5,0.12126944531060528,0.6,0.8,0.3333333333333333,0.7142857142857142,0.0,0.0,0.0,0.0,0.0,0.39795918367346933,0.951219512195122,1
0.38685503685503686,0.1506849315068493,0.5,0.13377126424834565,0.7333333333333333,0.5333333333333333,0.3333333333333333,0.21428571428571427,0.0,0.0,0.0,0.0,0.0,0.39795918367346933,0.951219512195122,0
0.0018734643734643734,0.2054794520547945,0.0,0.19516405086096386,0.3333333333333333,0.2,0.5,0.0,0.2,0.0,0.0,0.0,0.0,0.39795918367346933,0.0,0
0.7737714987714988,0.1506849315068493,0.5,0.15313030523507606,0.6,0.8,0.6666666666666666,0.7142857142857142,0.2,0.0,0.0,0.0,0.0,0.44897959183673464,0.951219512195122,0
0.8643427518427518,0.6986301369863013,0.0,0.16975643557495756,0.6,0.8,0.3333333333333333,0.0,0.0,0.0,0.0,0.0,0.5456841138659321,0.346938775510204,0.951219512195122,1
0.5340909090909091,0.0684931506849315,0.5,0.26229567266049963,0.26666666666666666,0.13333333333333336,0.3333333333333333,0.21428571428571427,0.4,0.0,0.0,0.0,0.0,0.39795918367346933,0.6341463414634146,0
0.6870700245700245,0.2602739726027397,0.5,0.10462737761147489,0.8,0.8666666666666667,0.6666666666666666,0.7142857142857142,0.2,0.0,1.0,0.0,0.0,0.39795918367346933,0.951219512195122,0
0.9103194103194103,0.2465753424657534,0.75,0.12213214149603298,0.4,0.26666666666666666,0.3333333333333333,0.21428571428571427,0.0,0.0,0.0,0.0,0.0,0.5,0.951219512195122,0
0.8244471744471744,0.1780821917808219,0.5,0.09860513460139278,0.7333333333333333,0.5333333333333333,0.6666666666666666,0.5714285714285714,0.2,0.0,0.0,0.0,0.0,0.39795918367346933,0.8048780487804879,0
0.06142506142506143,0.2465753424657534,0.5,0.04869001836260957,0.7333333333333333,0.5333333333333333,0.6666666666666666,0.21428571428571427,0.8,0.0,0.0,0.0,0.0,0.346938775510204,0.951219512195122,0
0.7272727272727273,0.1095890410958904,0.25,0.1244749333056162,0.6,0.8,0.6666666666666666,0.21428571428571427,0.6000000000000001,0.0,0.0,0.0,0.0,0.24489795918367346,0.951219512195122,0
0.6110872235872236,0.1643835616438356,0.5,0.07394865398607213,0.7333333333333333,0.5333333333333333,0.3333333333333333,0.07142857142857142,1.0,0.0,1.0,0.0,0.5002295684113865,0.39795918367346933,0.951219512195122,0
0.288482800982801,0.2876712328767123,0.5,0.19264871981429513,0.7333333333333333,0.5333333333333333,0.3333333333333333,0.21428571428571427,0.0,0.0,0.0,0.0,0.0,0.39795918367346933,0.951219512195122,1
0.9617321867321867,0.3698630136986301,0.5,0.17704673803831897,0.4,0.26666666666666666,0.6666666666666666,0.5714285714285714,0.8,1.0,1.0,0.0,0.0,0.39795918367346933,0.951219512195122,0
0.6341830466830467,0.1643835616438356,0.5,0.028513321553546057,0.5333333333333333,0.6666666666666666,0.3333333333333333,0.2857142857142857,0.0,0.0,0.0,0.0,0.0,0.6020408163265305,0.951219512195122,1
0.7249078624078624,0.0547945205479452,0.5,0.131717423691231,0.5333333333333333,0.6666666666666666,0.6666666666666666,0.21428571428571427,0.6000000000000001,1.0,0.0,0.0,0.0,0.39795918367346933,0.951219512195122,0
0.7557125307125306,0.41095890410958896,0.5,0.1766413747704674,0.5333333333333333,0.6666666666666666,0.3333333333333333,0.21428571428571427,0.0,0.0,0.0,0.0,0.0,0.6020408163265305,0.0,1
0.589527027027027,0.6164383561643836,0.625,0.008152305720126112,0.7333333333333333,0.5333333333333333,1.0,0.8571428571428571,0.2,0.0,1.0,0.0,0.0,0.14285714285714282,0.951219512195122,0
0.5746621621621621,0.6986301369863013,0.25,0.013470533208606172,0.7333333333333333,0.5333333333333333,0.3333333333333333,0.3571428571428571,0.0,0.0,0.0,0.0,0.0,0.39795918367346933,0.951219512195122,0
0.41489557739557736,0.32876712328767127,0.5,0.20179814988046982,0.7333333333333333,0.5333333333333333,0.3333333333333333,0.2857142857142857,0.0,0.0,0.0,0.0,0.0,0.39795918367346933,0.951219512195122,0
0.6106572481572481,0.0547945205479452,0.5,0.20507362367044313,0.26666666666666666,0.13333333333333336,0.3333333333333333,0.42857142857142855,0.0,0.0,0.0,0.0,0.0,0.39795918367346933,0.6341463414634146,0
0.22226658476658476,0.0547945205479452,0.5,0.14796660083844368,1.0,0.6,0.6666666666666666,0.07142857142857142,0.2,0.0,1.0,0.0,0.0,0.39795918367346933,0.951219512195122,0
0.9910626535626536,0.27397260273972607,0.5,0.16452551709801477,0.5333333333333333,0.6666666666666666,0.5,0.8571428571428571,0.8,1.0,1.0,0.0,0.0,0.31632653061224486,0.951219512195122,0
0.4378071253071253,0.6986301369863013,0.0,0.06297058517825589,0.7333333333333333,0.5333333333333333,1.0,0.0,0.2,0.0,0.0,0.0,0.0,0.31632653061224486,0.951219512195122,0
0.9604422604422604,0.30136986301369856,0.5,0.17963205487995013,0.6,0.8,0.3333333333333333,0.7142857142857142,0.0,1.0,0.0,0.0,0.0,0.47959183673469385,0.7317073170731707,1
0.9404791154791154,0.0958904109589041,0.5,0.0802245088868101,0.7333333333333333,0.5333333333333333,0.6666666666666666,0.5714285714285714,0.6000000000000001,0.0,1.0,0.005940059400594006,0.0,0.14285714285714282,0.951219512195122,0
0.18046683046683046,0.2602739726027397,0.75,0.10549215258289159,0.8,0.8666666666666667,0.6666666666666666,0.8571428571428571,0.2,0.0,0.0,0.1052010520105201,0.0,0.44897959183673464,0.951219512195122,1
0.0949017199017199,0.3150684931506849,0.5,0.12322835464088973,1.0,0.6,0.8333333333333333,0.07142857142857142,0.2,0.0,1.0,0.0,0.0,0.39795918367346933,0.951219512195122,0
0.07453931203931204,0.0410958904109589,0.0,0.1908297820739355,1.0,0.6,0.6666666666666666,0.0,0.6000000000000001,0.0,0.0,0.0,0.0,0.3571428571428571,0.951219512195122,0
0.8233722358722358,0.2602739726027397,0.25,0.06825763087690122,0.4666666666666667,0.7333333333333334,0.8333333333333333,0.07142857142857142,0.8,0.0,1.0,0.0,0.0,0.39795918367346933,0.951219512195122,0
0.42232800982800983,0.1780821917808219,0.5,0.13566365242698264,0.7333333333333333,0.5333333333333333,0.3333333333333333,0.21428571428571427,0.0,1.0,0.0,0.0,0.0,0.39795918367346933,0.6341463414634146,0
0.42966830466830463,0.0410958904109589,0.5,0.06767626372864913,0.7333333333333333,0.5333333333333333,0.3333333333333333,0.9285714285714285,0.4,0.0,0.0,0.0,0.0,0.39795918367346933,0.951219512195122,0
0.6656941031941032,0.0958904109589041,0.5,0.1121525828915913,0.4666666666666667,0.7333333333333334,0.3333333333333333,0.21428571428571427,0.0,0.0,0.0,0.0,0.0,0.39795918367346933,0.951219512195122,0
0.020116707616707617,0.1643835616438356,0.875,0.04109552021619374,1.0,0.6,0.6666666666666666,0.07142857142857142,0.8,1.0,1.0,0.0,0.0,0.39795918367346933,0.7317073170731707,0
0.9017813267813267,0.5616438356164384,0.5,0.13370058552472025,0.7333333333333333,0.5333333333333333,0.3333333333333333,1.0,0.0,0.0,0.0,0.0,0.0,0.6020408163265305,0.951219512195122,1
0.7336302211302211,0.0684931506849315,0.875,0.1311603090461837,0.6,0.8,0.6666666666666666,0.7142857142857142,0.6000000000000001,0.0,1.0,0.0,0.0,0.19387755102040813,0.951219512195122,0
0.3335995085995086,0.4383561643835617,0.25,0.14869279007726155,0.7333333333333333,0.5333333333333333,0.3333333333333333,0.5,0.0,1.0,0.0,0.0,0.0,0.39795918367346933,0.951219512195122,1
0.44186117936117936,0.0958904109589041,0.125,0.07961750337802723,0.4666666666666667,0.7333333333333334,0.3333333333333333,0.2857142857142857,1.0,0.0,1.0,0.0,0.0,0.39795918367346933,0.951219512195122,0
0.6898955773955774,0.0958904109589041,0.5,0.1362276963586599,0.7333333333333333,0.5333333333333333,0.6666666666666666,0.21428571428571427,0.2,1.0,0.0,0.0,0.0,0.39795918367346933,0.951219512195122,0
0.5285012285012285,0.3698630136986301,0.5,0.15133492706925822,0.7333333333333333,0.5333333333333333,0.3333333333333333,1.0,0.0,0.0,0.0,0.0,0.0,0.44897959183673464,0.951219512195122,0
0.45383906633906634,0.136986301369863,0.5,0.1771846308422548,1.0,0.6,0.3333333333333333,0.5,0.0,0.0,0.0,0.0,0.0,0.39795918367346933,0.951219512195122,0
0.14391891891891892,0.46575342465753417,0.25,0.0683782004642622,0.8,0.8666666666666667,0.6666666666666666,0.7142857142857142,0.6000000000000001,0.0,0.0,0.0,0.0,0.39795918367346933,0.951219512195122,0
0.7585995085995085,0.136986301369863,0.5,0.15125108270103593,0.7333333333333333,0.5333333333333333,0.6666666666666666,0.07142857142857142,0.6000000000000001,0.0,1.0,0.0,0.0,0.39795918367346933,0.951219512195122,0
0.9218980343980344,0.3972602739726027,0.5,0.13058171361258358,1.0,0.6,0.0,0.07142857142857142,0.8,1.0,1.0,0.0,0.0,0.346938775510204,0.926829268292683,0
0.9584459459459459,0.4246575342465753,0.5,0.05929944912171292,0.6,0.8,0.3333333333333333,0.7142857142857142,0.0,0.0,0.0,0.0,0.0,0.44897959183673464,0.5365853658536586,1
0.24726658476658475,0.2876712328767123,0.125,0.15664137477046738,0.6,0.8,0.3333333333333333,0.8571428571428571,0.0,0.0,0.0,0.07688076880768807,0.0,0.4183673469387755,0.951219512195122,1
0.26928746928746927,0.4794520547945205,0.125,0.1449932439455358,0.6,0.8,0.3333333333333333,0.7857142857142857,0.0,0.0,0.0,0.0,0.0,0.44897959183673464,0.951219512195122,1
0.6318181818181818,0.2465753424657534,0.5,0.13147767037383504,0.6,0.8,0.3333333333333333,0.42857142857142855,0.0,0.0,0.0,0.07298072980729807,0.0,0.346938775510204,0.951219512195122,1
0.9229115479115478,0.0273972602739726,0.5,0.11256418251740984,1.0,0.6,0.6666666666666666,0.5714285714285714,0.6000000000000001,1.0,0.0,0.0,0.0,0.24489795918367346,0.951219512195122,0
0.49404176904176905,0.4931506849315069,0.5,0.048164778436060006,0.13333333333333333,0.4666666666666667,0.3333333333333333,0.07142857142857142,1.0,0.0,1.0,0.0,0.0,0.39795918367346933,0.951219512195122,0
0.7524570024570024,0.0410958904109589,0.5,0.08776149395419741,1.0,0.6,0.6666666666666666,0.7142857142857142,0.6000000000000001,0.0,1.0,0.0,0.0,0.09183673469387754,0.951219512195122,0
0.8494164619164619,0.4246575342465753,0.0,0.03443855455080899,0.4,0.26666666666666666,0.8333333333333333,0.0,0.2,1.0,1.0,0.0,0.0,0.19387755102040813,0.951219512195122,0
0.7182432432432432,0.1780821917808219,0.5,0.10616914388663687,0.6,0.8,0.6666666666666666,0.8571428571428571,0.6000000000000001,0.0,1.0,0.0,0.0,0.6530612244897959,0.951219512195122,0
0.10276412776412776,0.136986301369863,0.5,0.0321304091743755,0.5333333333333333,0.6666666666666666,0.8333333333333333,0.07142857142857142,0.8,0.0,1.0,0.0,0.0,0.39795918367346933,0.951219512195122,0
0.6559275184275184,0.32876712328767127,0.125,0.016883899802515333,0.8,0.8666666666666667,0.3333333333333333,0.2857142857142857,0.0,0.0,0.0,0.0,0.42424242424242425,0.39795918367346933,0.951219512195122,1
0.6120700245700246,0.0821917808219178,0.5,0.06046356927554308,0.13333333333333333,0.4666666666666667,0.6666666666666666,1.0,0.2,0.0,0.0,0.0,0.0,0.4591836734693877,0.951219512195122,0
0.40743243243243243,0.3150684931506849,0.25,0.24821882687177355,1.0,0.6,0.3333333333333333,0.42857142857142855,0.0,0.0,0.0,0.0,0.0,0.39795918367346933,0.6341463414634146,0
0.5056203931203931,0.0547945205479452,0.5,0.03069466098465163,0.06666666666666667,0.4,0.6666666666666666,0.5714285714285714,0.6000000000000001,0.0,0.0,0.0,0.0,0.5,0.951219512195122,0
0.35577395577395576,0.4931506849315069,0.5,0.11061843883172227,0.6,0.8,0.0,0.7142857142857142,0.2,0.0,0.0,0.14344143441434415,0.0,0.5510204081632653,0.951219512195122,1
0.7567874692874693,0.5068493150684932,0.5,0.03928905519176801,0.8,0.8666666666666667,0.3333333333333333,0.8571428571428571,0.0,0.0,0.0,0.0,0.0,0.5510204081632653,0.951219512195122,1
0.3906633906633907,0.6164383561643836,0.75,0.21348508471052907,0.7333333333333333,0.5333333333333333,0.3333333333333333,0.8571428571428571,1.0,0.0,1.0,0.0,0.0,0.47959183673469385,0.951219512195122,0
0.13937346437346437,0.0410958904109589,0.5,0.040158680663825656,0.7333333333333333,0.5333333333333333,0.6666666666666666,0.8571428571428571,0.6000000000000001,1.0,1.0,0.0,0.0,0.2346938775510204,0.7317073170731707,0
0.24781941031941032,0.547945205479452,0.0,0.19943803485431175,0.26666666666666666,0.13333333333333336,0.3333333333333333,0.0,0.0,0.0,0.0,0.07298072980729807,0.0,0.846938775510204,0.951219512195122,1
0.11554054054054054,0.0684931506849315,0.5,0.24755846585594016,1.0,0.6,0.6666666666666666,0.5714285714285714,0.2,1.0,1.0,0.0,0.0,0.2959183673469387,0.951219512195122,0
0.38132678132678133,0.547945205479452,0.5,0.1852551709801476,0.5333333333333333,0.6666666666666666,0.6666666666666666,0.21428571428571427,0.2,0.0,0.0,0.0,0.0,0.39795918367346933,0.951219512195122,1
0.7865479115479115,0.547945205479452,0.75,0.14802896441811317,1.0,0.6,0.3333333333333333,1.0,0.0,0.0,0.0,0.0,0.0,0.44897959183673464,0.951219512195122,1
0.8906326781326781,0.2876712328767123,0.5,0.20576170183279632,1.0,0.6,0.3333333333333333,0.21428571428571427,0.0,0.0,0.0,0.0,0.0,0.39795918367346933,0.951219512195122,1
0.36446560196560196,0.1232876712328767,0.5,0.0620358244118768,0.7333333333333333,0.5333333333333333,0.6666666666666666,0.5,0.8,0.0,0.0,0.05721057210572106,0.0,0.39795918367346933,0.951219512195122,0
0.2487100737100737,0.0136986301369863,0.0,0.14078785988982434,0.13333333333333333,0.4666666666666667,0.6666666666666666,0.0,0.6000000000000001,0.0,1.0,0.0,0.0,0.24489795918367346,0.951219512195122,0
0.8516277641277641,0.2328767123287671,0.5,0.07991199805979975,0.6,0.8,0.6666666666666666,0.7142857142857142,0.6000000000000001,0.0,1.0,0.0,0.0,0.14285714285714282,0.951219512195122,0
0.5034090909090909,0.1095890410958904,0.5,0.026170529743962855,0.7333333333333333,0.5333333333333333,0.6666666666666666,0.5714285714285714,0.2,1.0,0.0,0.0,0.0,0.39795918367346933,0.5853658536585367,0
0.8479115479115479,0.5616438356164384,0.5,0.38684613519038213,0.7333333333333333,0.5333333333333333,1.0,0.8571428571428571,0.2,0.0,0.0,0.0,0.0,0.37755102040816324,0.951219512195122,0
0.016554054054054055,0.2328767123287671,0.0,0.12316252641790527,0.7333333333333333,0.5333333333333333,0.6666666666666666,0.0,0.8,1.0,1.0,0.0,0.0,0.39795918367346933,0.951219512195122,0
0.05528255528255528,0.1506849315068493,0.5,0.12092090219311923,0.6,0.8,0.3333333333333333,0.07142857142857142,0.0,0.0,0.0,0.0,0.0,0.39795918367346933,0.951219512195122,0
0.98992628992629,0.1780821917808219,0.5,0.14077261545923847,1.0,0.6,0.6666666666666666,0.07142857142857142,0.2,1.0,0.0,0.0,0.0,0.39795918367346933,0.0,0
0.40165847665847665,0.5342465753424657,0.5,0.15684648165471365,0.3333333333333333,0.2,0.3333333333333333,0.21428571428571427,0.0,0.0,0.0,0.0,0.0,0.39795918367346933,0.951219512195122,0
0.7345208845208845,0.2328767123287671,0.5,0.20204552541315873,0.6,0.8,0.3333333333333333,0.7142857142857142,0.0,0.0,0.0,0.0,0.0,0.39795918367346933,0.951219512195122,1
0.268519656019656,0.27397260273972607,0.875,0.1373155943595607,0.8,0.8666666666666667,0.3333333333333333,0.2857142857142857,0.0,0.0,0.0,0.0,0.0,0.37755102040816324,0.951219512195122,0
0.9138820638820638,0.3424657534246575,0.5,0.08507154488445415,0.7333333333333333,0.5333333333333333,0.6666666666666666,0.8571428571428571,0.6000000000000001,0.0,1.0,0.0,0.0,0.39795918367346933,0.951219512195122,0
0.3109336609336609,0.8630136986301369,0.75,0.015282541662335862,0.3333333333333333,0.2,1.0,0.3571428571428571,0.2,0.0,0.0,0.0,0.0,0.346938775510204,0.951219512195122,0
0.686977886977887,0.0958904109589041,0.5,0.08051969649724561,0.6,0.8,0.6666666666666666,0.07142857142857142,0.2,0.0,1.0,0.0,0.0,0.39795918367346933,0.951219512195122,0
0.5976044226044226,0.4794520547945205,0.5,0.024985621730242873,0.5333333333333333,0.6666666666666666,0.3333333333333333,0.2857142857142857,0.0,0.0,0.0,0.0,0.0,0.39795918367346933,0.951219512195122,0
0.013728501228501229,0.46575342465753417,0.5,0.03092540622942868,0.7333333333333333,0.5333333333333333,0.3333333333333333,0.21428571428571427,0.0,1.0,0.0,0.0,0.0,0.39795918367346933,0.951219512195122,0
0.5426904176904177,0.136986301369863,0.5,0.10315629005993833,0.7333333333333333,0.5333333333333333,0.3333333333333333,0.5714285714285714,0.0,0.0,0.0,0.0,0.0,0.39795918367346933,0.951219512195122,0
0.18184889434889434,0.2191780821917808,0.0,0.13660880712330667,0.7333333333333333,0.5333333333333333,0.8333333333333333,0.0,0.8,0.0,1.0,0.0,0.0,0.19387755102040813,0.951219512195122,0
0.967014742014742,0.32876712328767127,0.5,0.14945293282056613,0.6,0.8,0.3333333333333333,0.7142857142857142,1.0,1.0,1.0,0.0,0.0,0.346938775510204,0.34146341463414637,1
0.551504914004914,0.6986301369863013,0.25,0.1592419360426844,0.6,0.8,0.3333333333333333,0.2857142857142857,0.0,0.0,0.0,0.20051200512005118,0.0,0.39795918367346933,0.951219512195122,1
0.06566339066339066,0.3972602739726027,0.5,0.010660014551501921,0.7333333333333333,0.5333333333333333,0.6666666666666666,0.5714285714285714,0.2,0.0,1.0,0.0,0.0,0.2755102040816326,0.951219512195122,0
0.46203931203931203,0.2602739726027397,0.125,0.63656792433219,1.0,0.6,0.8333333333333333,0.07142857142857142,0.8,1.0,1.0,0.06497064970649706,0.0,0.5612244897959183,0.951219512195122,0
0.6912162162162162,0.27397260273972607,0.5,0.08657727886914042,0.5333333333333333,0.6666666666666666,0.0,0.8571428571428571,0.2,0.0,0.0,0.0,0.0,0.44897959183673464,0.951219512195122,1
0.25214987714987713,0.1917808219178082,0.5,0.016001801614523782,1.0,0.6,0.0,0.07142857142857142,0.2,0.0,1.0,0.0,0.0,0.44897959183673464,0.951219512195122,0
0.5990786240786241,0.32876712328767127,0.5,0.07243876242940789,0.8,0.8666666666666667,0.3333333333333333,0.7142857142857142,0.0,0.0,0.0,0.0,0.0,0.5510204081632653,0.951219512195122,1
0.4222051597051597,0.2876712328767123,0.5,0.0985919689567959,0.8,0.8666666666666667,0.3333333333333333,0.2857142857142857,0.0,1.0,0.0,0.0,0.0,0.39795918367346933,0.0,0
0.9238943488943488,0.6164383561643836,0.25,0.10548660915358764,0.7333333333333333,0.5333333333333333,1.0,0.07142857142857142,0.2,0.0,1.0,0.0,0.0,0.37755102040816324,0.951219512195122,0
0.8210995085995085,0.0684931506849315,0.5,0.2586390881058795,0.0,0.33333333333333337,0.6666666666666666,0.5714285714285714,0.2,0.0,0.0,0.0,0.0,0.39795918367346933,0.6341463414634146,0
0.6223894348894349,0.1506849315068493,0.5,0.08908290891452725,0.0,0.33333333333333337,0.6666666666666666,0.5,0.2,0.0,1.0,0.0,0.03558310376492194,0.39795918367346933,0.951219512195122,0
0.6944103194103194,0.2876712328767123,0.5,0.12006444236565846,1.0,0.6,0.3333333333333333,0.21428571428571427,0.0,0.0,0.0,0.0,0.0,0.39795918367346933,0.5365853658536586,0
0.5932739557739558,0.3835616438356165,0.5,0.34741710840868933,0.6,0.8,0.6666666666666666,0.7142857142857142,0.2,0.0,0.0,0.0,0.0,0.39795918367346933,0.951219512195122,0
0.01977886977886978,0.1917808219178082,0.5,0.03018674427467692,1.0,0.6,0.3333333333333333,0.21428571428571427,0.0,0.0,0.0,0.0,0.0,0.44897959183673464,0.951219512195122,0
0.6590909090909091,0.0136986301369863,0.5,0.0982600561272217,0.06666666666666667,0.4,0.6666666666666666,0.42857142857142855,0.6000000000000001,0.0,0.0,0.0,0.0,0.19387755102040813,0.951219512195122,0
0.633046683046683,0.0136986301369863,0.0,0.12247929875619305,0.7333333333333333,0.5333333333333333,0.6666666666666666,0.0,0.4,0.0,0.0,0.0,0.0,0.39795918367346933,0.951219512195122,0
0.9737407862407862,0.46575342465753417,0.75,0.13306794165540659,0.7333333333333333,0.5333333333333333,0.3333333333333333,1.0,0.0,0.0,0.0,0.0,0.0,0.5,0.951219512195122,0
0.10617321867321868,0.0547945205479452,0.5,0.09622908221598586,1.0,0.6,0.6666666666666666,0.7142857142857142,0.6000000000000001,0.0,1.0,0.0,0.0,0.24489795918367346,0.951219512195122,0
0.18028255528255527,0.46575342465753417,0.5,0.21358001593735926,0.3333333333333333,0.2,0.5,0.21428571428571427,0.2,1.0,0.0,0.0,0.0,0.5,0.14634146341463417,0
0.3018120393120393,0.46575342465753417,0.25,0.07290371756227695,0.8,0.8666666666666667,0.3333333333333333,0.7142857142857142,1.0,0.0,1.0,0.0,0.0,0.39795918367346933,0.951219512195122,1
0.6838759213759213,0.41095890410958896,0.5,0.1028042822991373,0.7333333333333333,0.5333333333333333,0.6666666666666666,0.3571428571428571,0.8,0.0,1.0,0.0,0.0,0.4591836734693877,0.951219512195122,0
0.821007371007371,0.46575342465753417,0.5,0.058430516578318256,1.0,0.6,0.3333333333333333,0.21428571428571427,0.0,0.0,0.0,0.0,0.0,0.39795918367346933,0.951219512195122,0
0.7140663390663391,0.2602739726027397,0.5,0.23645428403145896,0.7333333333333333,0.5333333333333333,0.0,0.2857142857142857,0.6000000000000001,0.0,1.0,0.018310183101831017,0.0,0.39795918367346933,0.951219512195122,0
0.7382985257985257,0.1232876712328767,0.5,0.14575893011814434,0.0,0.33333333333333337,0.6666666666666666,0.21428571428571427,0.2,0.0,0.0,0.0,0.0,0.5510204081632653,0.8048780487804879,0
0.7967751842751842,0.0273972602739726,0.5,0.18391019644527598,0.8666666666666667,0.0,0.6666666666666666,0.3571428571428571,0.2,0.0,0.0,0.0,0.0,0.3571428571428571,0.41463414634146345,0
0.8971437346437346,0.4931506849315069,0.25,0.10533555070505492,0.6,0.8,0.0,0.07142857142857142,0.8,0.0,1.0,0.0,0.0,0.37755102040816324,0.14634146341463417,0
0.27346437346437347,0.2876712328767123,0.125,0.20449641409416902,1.0,0.6,0.0,0.07142857142857142,0.8,0.0,1.0,0.0,0.0,0.39795918367346933,0.951219512195122,0
0.15423832923832922,0.3424657534246575,0.5,0.0666742888819596,0.7333333333333333,0.5333333333333333,0.3333333333333333,1.0,0.0,1.0,0.0,0.0,0.0,0.6020408163265305,0.951219512195122,0
0.35288697788697787,0.136986301369863,0.5,0.14267331878183143,1.0,0.6,0.6666666666666666,0.07142857142857142,0.2,1.0,1.0,0.0,0.0,0.39795918367346933,0.5609756097560976,0
0.8745085995085995,0.7123287671232876,0.5,0.08160967328413539,0.7333333333333333,0.5333333333333333,0.8333333333333333,1.0,0.8,1.0,1.0,0.023870238702387022,0.0,0.39795918367346933,0.951219512195122,0
0.5605036855036855,0.2191780821917808,0.5,0.1506752589820878,0.6,0.8,0.6666666666666666,0.8571428571428571,0.2,0.0,0.0,0.0,0.0,0.44897959183673464,0.951219512195122,1
0.7066646191646192,0.1917808219178082,0.0,0.1879541281225098,0.7333333333333333,0.5333333333333333,0.0,0.0,0.8,1.0,1.0,0.0,0.0,0.19387755102040813,0.951219512195122,0
0.5487100737100737,0.0547945205479452,0.5,0.09380175310951737,0.7333333333333333,0.5333333333333333,0.6666666666666666,0.5714285714285714,0.6000000000000001,0.0,1.0,0.0,0.0,0.346938775510204,0.951219512195122,0
0.7416769041769041,0.0547945205479452,0.0,0.08850569933825313,1.0,0.6,0.6666666666666666,0.0,0.6000000000000001,0.0,0.0,0.0,0.0,0.19387755102040813,0.951219512195122,0
0.7234336609336609,0.0547945205479452,0.5,0.11625056300453868,1.0,0.6,0.6666666666666666,1.0,0.6000000000000001,0.0,0.0,0.0,0.0,0.2959183673469387,0.951219512195122,0
0.7637592137592137,0.3972602739726027,0.5,0.1652884315559713,0.9333333333333333,0.9333333333333333,0.0,0.3571428571428571,0.8,0.0,0.0,0.0,0.0,0.47959183673469385,0.951219512195122,0
0.8141584766584766,0.3835616438356165,0.5,0.06169490350968368,0.7333333333333333,0.5333333333333333,0.0,0.07142857142857142,0.8,0.0,1.0,0.0,0.0,0.39795918367346933,0.951219512195122,0
0.1591216216216216,0.0136986301369863,0.5,0.15979489311575373,0.06666666666666667,0.4,0.6666666666666666,0.21428571428571427,0.6000000000000001,0.0,0.0,0.0,0.0,0.346938775510204,0.951219512195122,0
0.8507678132678133,0.2876712328767123,0.875,0.06652669507674185,0.8,0.8666666666666667,0.6666666666666666,0.7142857142857142,0.4,0.0,1.0,0.0,0.0,0.39795918367346933,0.951219512195122,0
0.8167997542997543,0.2876712328767123,0.5,0.10646502442573537,0.7333333333333333,0.5333333333333333,0.3333333333333333,0.21428571428571427,0.0,0.0,0.0,0.0,0.0,0.39795918367346933,0.951219512195122,0
0.589004914004914,0.46575342465753417,0.25,0.17473720680455948,0.06666666666666667,0.4,0.3333333333333333,0.42857142857142855,0.0,1.0,0.0,0.0,0.0,0.39795918367346933,0.951219512195122,0
0.792997542997543,0.3835616438356165,0.875,0.08171084086893254,0.7333333333333333,0.5333333333333333,0.0,0.07142857142857142,0.4,0.0,1.0,0.0,0.0,0.39795918367346933,0.951219512195122,0
0.4059275184275184,0.0547945205479452,0.5,0.1307473235630392,1.0,0.6,0.6666666666666666,0.8571428571428571,0.6000000000000001,0.0,1.0,0.0,0.0,0.19387755102040813,0.951219512195122,0
0.4805282555282555,0.1780821917808219,0.5,0.08266846828119045,0.7333333333333333,0.5333333333333333,0.6666666666666666,0.21428571428571427,0.2,1.0,1.0,0.0,0.0,0.44897959183673464,0.951219512195122,0
0.6209459459459459,0.1232876712328767,0.5,0.32763884558084744,0.6,0.8,0.6666666666666666,1.0,0.6000000000000001,0.0,0.0,0.0,0.0,0.19387755102040813,0.951219512195122,0
0.3914004914004914,0.5890410958904109,0.5,0.16044347434431627,0.8,0.8666666666666667,0.0,0.7142857142857142,0.2,0.0,1.0,0.0,0.0,0.5,0.951219512195122,0
0.45414619164619163,0.27397260273972607,0.5,0.11433322939403388,0.5333333333333333,0.6666666666666666,0.3333333333333333,0.07142857142857142,1.0,1.0,1.0,0.0,0.0,0.47959183673469385,0.951219512195122,1
0.4824938574938575,0.1780821917808219,0.75,0.307459377057132,0.06666666666666667,0.4,0.6666666666666666,0.21428571428571427,0.2,0.0,0.0,0.0,0.0,0.44897959183673464,0.951219512195122,1
0.8565724815724816,0.2191780821917808,0.75,0.06768111422929009,1.0,0.6,0.3333333333333333,0.8571428571428571,0.0,0.0,0.0,0.0,0.0,0.24489795918367346,0.951219512195122,0
0.1105958230958231,0.2054794520547945,0.5,0.058019609881162726,0.6,0.8,0.6666666666666666,0.7142857142857142,0.2,0.0,0.0,0.0,0.0,0.44897959183673464,0.951219512195122,0
0.7657248157248157,0.1643835616438356,0.5,0.1274697709870769,0.7333333333333333,0.5333333333333333,0.6666666666666666,0.5,0.2,0.0,1.0,0.0,0.0,0.39795918367346933,0.951219512195122,0
0.1429054054054054,0.1780821917808219,0.5,0.09912898867061636,0.7333333333333333,0.5333333333333333,0.3333333333333333,0.21428571428571427,0.0,0.0,0.0,0.05013050130501305,0.0,0.39795918367346933,0.951219512195122,0
0.14579238329238328,0.3424657534246575,0.5,0.06615874995669195,0.8,0.8666666666666667,0.3333333333333333,0.7142857142857142,0.0,0.0,0.0,0.0,0.0,0.39795918367346933,0.951219512195122,1
0.9363022113022113,0.2328767123287671,0.5,0.15400478120777467,0.4666666666666667,0.7333333333333334,0.0,0.8571428571428571,0.2,0.0,0.0,0.0,0.0,0.39795918367346933,0.951219512195122,0
0.36185503685503684,0.4246575342465753,0.25,0.21919065932162285,0.9333333333333333,0.9333333333333333,0.3333333333333333,0.7142857142857142,0.0,0.0,0.0,0.0,0.0,0.44897959183673464,0.951219512195122,1
0.36074938574938575,0.3698630136986301,0.75,0.0594678307868205,1.0,0.6,0.0,0.2857142857142857,0.2,0.0,1.0,0.0,0.0,0.39795918367346933,0.951219512195122,0
0.8042076167076166,0.30136986301369856,0.5,0.14357343311506082,0.6,0.8,0.3333333333333333,0.7142857142857142,1.0,0.0,1.0,0.05013050130501305,0.0,0.31632653061224486,0.951219512195122,0
0.9249385749385749,0.3150684931506849,0.5,0.5453320860617399,0.7333333333333333,0.5333333333333333,0.0,0.07142857142857142,0.8,0.0,1.0,0.0,0.0,0.37755102040816324,0.951219512195122,0
0.9732186732186732,0.2328767123287671,0.625,0.22970862349721097,0.6,0.8,0.3333333333333333,0.2857142857142857,0.0,0.0,0.0,0.07688076880768807,0.0,0.5510204081632653,0.951219512195122,1
0.06707616707616708,0.6301369863013697,0.625,0.028941551467276443,0.8,0.8666666666666667,0.3333333333333333,0.8571428571428571,0.0,0.0,0.0,0.0,0.0,0.6836734693877551,0.951219512195122,1
0.14695945945945946,0.1095890410958904,0.5,0.1498964071648824,1.0,0.6,0.6666666666666666,0.21428571428571427,0.4,1.0,1.0,0.0,0.0,0.39795918367346933,0.024390243902439025,0
0.6985872235872236,0.30136986301369856,0.5,0.331715344905242,0.6,0.8,0.6666666666666666,0.2857142857142857,0.4,1.0,0.0,0.0,0.0,0.44897959183673464,0.951219512195122,0
0.1803132678132678,0.2328767123287671,0.875,0.12334476665627274,0.6,0.8,0.3333333333333333,0.7142857142857142,0.0,0.0,0.0,0.0,0.0,0.37755102040816324,0.951219512195122,1
0.42982186732186733,0.1643835616438356,0.5,0.12351730589335828,0.6,0.8,0.6666666666666666,0.2857142857142857,0.2,0.0,0.0,0.0,0.36501377410468316,0.5,0.951219512195122,0
0.9586916461916462,0.4383561643835617,0.5,0.30496968437099403,1.0,0.6,0.8333333333333333,0.2857142857142857,0.8,1.0,1.0,0.0,0.0,0.6020408163265305,0.951219512195122,0
0.6645577395577396,0.3835616438356165,0.5,0.23923708554204345,0.6,0.8,0.3333333333333333,0.8571428571428571,0.0,0.0,0.0,0.0,0.4595959595959596,0.5510204081632653,0.951219512195122,0
0.5268427518427519,0.32876712328767127,0.5,0.1333035374008246,0.8,0.8666666666666667,0.3333333333333333,0.2857142857142857,0.0,0.0,0.0,0.0,0.0,0.44897959183673464,0.951219512195122,1
0.015724815724815724,0.2054794520547945,0.5,0.017174236912309876,0.5333333333333333,0.6666666666666666,0.6666666666666666,0.21428571428571427,0.2,0.0,0.0,0.0,0.0,0.44897959183673464,0.951219512195122,0
0.5171068796068796,0.41095890410958896,0.5,0.0419880123341302,0.8,0.8666666666666667,0.6666666666666666,0.7142857142857142,0.2,0.0,1.0,0.0,0.0,0.39795918367346933,0.951219512195122,0
0.43934275184275184,0.1095890410958904,0.5,0.1400602847936805,0.8,0.8666666666666667,0.6666666666666666,0.07142857142857142,0.6000000000000001,0.0,0.0,0.0,0.0,0.39795918367346933,0.951219512195122,0
0.2773341523341523,0.821917808219178,0.0,0.11997436163946922,0.7333333333333333,0.5333333333333333,0.3333333333333333,0.0,0.0,0.0,0.0,0.0,0.0,0.14285714285714282,0.951219512195122,0
0.295485257985258,0.0547945205479452,0.5,0.1480130270588643,1.0,0.6,0.6666666666666666,0.5714285714285714,0.4,0.0,1.0,0.0,0.0,0.2959183673469387,0.951219512195122,0
0.47994471744471745,0.6164383561643836,0.5,0.10727436510411253,0.6,0.8,0.3333333333333333,0.2857142857142857,0.0,0.0,0.0,0.0,0.0,0.39795918367346933,0.951219512195122,1
0.9141277641277641,0.0,0.5,0.09667324948896511,0.06666666666666667,0.4,0.6666666666666666,0.5714285714285714,0.6000000000000001,0.0,1.0,0.0,0.0,0.19387755102040813,0.951219512195122,0
0.2249078624078624,0.1232876712328767,0.5,0.09903890794442712,0.6,0.8,0.6666666666666666,0.7142857142857142,0.2,0.0,0.0,0.0,0.0,0.47959183673469385,0.951219512195122,0
0.5328009828009828,0.3698630136986301,0.5,0.14079132453313933,0.6,0.8,0.8333333333333333,0.5,0.8,1.0,1.0,0.0,0.0,0.061224489795918366,0.951219512195122,0
0.3158476658476658,0.6301369863013697,0.125,0.057786785850396705,1.0,0.6,0.3333333333333333,0.9285714285714285,0.0,0.0,0.0,0.0,0.0,0.173469387755102,0.951219512195122,1
0.5391891891891891,0.1095890410958904,0.5,0.08686553719294599,0.6,0.8,0.6666666666666666,0.8571428571428571,0.2,1.0,1.0,0.0,0.0,0.39795918367346933,0.951219512195122,0
0.6250307125307125,0.0821917808219178,0.5,0.007450368984513045,0.13333333333333333,0.4666666666666667,0.6666666666666666,0.42857142857142855,0.6000000000000001,1.0,0.0,0.0,0.0,0.39795918367346933,0.951219512195122,0
0.6805589680589681,0.1232876712328767,0.5,0.1021889616463985,0.6,0.8,0.6666666666666666,0.5714285714285714,0.6000000000000001,0.0,0.0,0.0,0.0,0.39795918367346933,0.951219512195122,0
0.40936732186732183,0.32876712328767127,0.5,0.024680040189862452,1.0,0.6,0.3333333333333333,0.8571428571428571,0.0,0.0,0.0,0.0,0.0,0.346938775510204,0.951219512195122,1
0.40135135135135136,0.6027397260273972,0.5,0.10401274988739909,0.3333333333333333,0.2,0.3333333333333333,1.0,0.0,0.0,0.0,0.0,0.3790174471992654,0.39795918367346933,0.951219512195122,0
0.6527641277641277,0.4931506849315069,0.5,0.21638984166580053,0.06666666666666667,0.4,0.3333333333333333,0.21428571428571427,0.0,0.0,0.0,0.0,0.0,0.44897959183673464,0.951219512195122,0
0.817076167076167,0.0958904109589041,0.5,0.2150774347780896,0.4666666666666667,0.7333333333333334,0.6666666666666666,0.42857142857142855,0.2,0.0,0.0,0.0,0.0,0.47959183673469385,0.951219512195122,0
0.9581388206388206,0.5890410958904109,0.625,0.09022554827980458,0.0,0.33333333333333337,0.3333333333333333,0.21428571428571427,0.0,0.0,0.0,0.0,0.0,0.39795918367346933,0.951219512195122,0
0.8741093366093365,0.1095890410958904,0.5,0.17270138239268268,0.7333333333333333,0.5333333333333333,0.6666666666666666,0.8571428571428571,0.6000000000000001,0.0,0.0,0.0,0.0,0.346938775510204,0.951219512195122,0
0.6909090909090909,0.0,0.5,0.07380175310951738,0.06666666666666667,0.4,0.6666666666666666,0.8571428571428571,0.6000000000000001,0.0,1.0,0.0,0.0,0.08163265306122448,0.951219512195122,0
0.8152027027027027,0.32876712328767127,0.5,0.12583376641374772,0.6,0.8,0.3333333333333333,0.3571428571428571,0.0,0.0,0.0,0.0,0.0,0.39795918367346933,0.951219512195122,0
0.5875307125307125,0.5616438356164384,0.5,0.18572151197034267,0.4666666666666667,0.7333333333333334,0.3333333333333333,0.2857142857142857,0.0,0.0,0.0,0.051780517805178054,0.0,0.6020408163265305,0.951219512195122,1
0.7637899262899263,0.27397260273972607,0.75,0.09864255274919446,0.7333333333333333,0.5333333333333333,0.6666666666666666,0.3571428571428571,0.2,0.0,0.0,0.0,0.0,0.8673469387755102,0.951219512195122,0
0.5668611793611793,0.6712328767123288,0.75,0.11792606451165853,0.9333333333333333,0.9333333333333333,0.3333333333333333,0.7142857142857142,0.0,0.0,0.0,0.0,0.0,0.24489795918367346,0.951219512195122,1
0.9251842751842752,0.4794520547945205,0.5,0.13300142050375915,0.7333333333333333,0.5333333333333333,0.0,0.8571428571428571,0.2,0.0,0.0,0.0,0.0,0.44897959183673464,0.951219512195122,0
0.05998157248157248,0.0547945205479452,0.5,0.10614974188407303,0.7333333333333333,0.5333333333333333,0.3333333333333333,0.5,0.0,0.0,0.0,0.0,0.0,0.39795918367346933,0.951219512195122,0
0.7026719901719901,0.1095890410958904,0.5,0.06310709212486575,1.0,0.6,0.6666666666666666,0.5,0.6000000000000001,0.0,0.0,0.0,0.0,0.39795918367346933,0.4634146341463415,0
0.5009213759213759,0.4794520547945205,0.5,0.1553629213872432,0.6,0.8,0.3333333333333333,0.2857142857142857,0.0,0.0,0.0,0.0,0.0,0.47959183673469385,0.951219512195122,1
0.5273034398034397,0.3150684931506849,0.5,0.25089699615424593,0.5333333333333333,0.6666666666666666,0.8333333333333333,0.8571428571428571,0.2,1.0,0.0,0.0,0.0,0.43877551020408156,0.951219512195122,0
0.15463759213759212,0.5205479452054793,0.5,0.050229705851782554,0.7333333333333333,0.5333333333333333,0.3333333333333333,0.6428571428571428,1.0,0.0,1.0,0.0,0.0,0.2959183673469387,0.951219512195122,0
0.9985872235872235,0.3150684931506849,0.5,0.09033849565187263,0.5333333333333333,0.6666666666666666,0.3333333333333333,0.21428571428571427,0.0,1.0,0.0,0.0,0.0,0.44897959183673464,0.951219512195122,0
0.7189189189189189,0.0547945205479452,0.875,0.19877905969580434,1.0,0.6,0.6666666666666666,0.07142857142857142,0.6000000000000001,0.0,1.0,0.0,0.0,0.14285714285714282,0.951219512195122,0
0.34754299754299756,0.6575342465753424,0.0,0.04641721234798877,1.0,0.6,1.0,0.0,0.2,1.0,1.0,0.0,0.0,0.05102040816326531,0.951219512195122,0
0.12208230958230958,0.0958904109589041,0.5,0.1406409590132696,0.6,0.8,0.6666666666666666,0.2857142857142857,0.2,0.0,1.0,0.0,0.0,0.5,0.951219512195122,0
0.14957002457002458,0.3424657534246575,0.75,0.11220663132730485,0.9333333333333333,0.9333333333333333,0.3333333333333333,0.7142857142857142,0.0,0.0,0.0,0.0,0.0,0.37755102040816324,0.951219512195122,1
0.9689189189189189,0.3972602739726027,0.5,0.10573537054360253,1.0,0.6,0.3333333333333333,0.21428571428571427,0.0,0.0,0.0,0.0,0.0,0.43877551020408156,0.951219512195122,0
0.10337837837837838,0.30136986301369856,0.5,0.014691473512801858,0.06666666666666667,0.4,0.3333333333333333,0.5,0.0,0.0,0.0,0.0,0.0,0.39795918367346933,0.951219512195122,0
0.7973280098280098,0.2876712328767123,0.5,0.08616152167134393,0.6,0.8,0.3333333333333333,0.5,0.0,0.0,0.0,0.0,0.0,0.39795918367346933,0.4878048780487805,0
0.599477886977887,0.5342465753424657,0.5,0.11496864497799951,1.0,0.6,0.3333333333333333,0.5,0.0,0.0,0.0,0.0,0.0,0.39795918367346933,0.951219512195122,0
0.7998464373464373,0.3424657534246575,0.5,0.08449225652219104,0.5333333333333333,0.6666666666666666,0.0,0.2857142857142857,0.6000000000000001,1.0,1.0,0.0,0.0,0.39795918367346933,0.951219512195122,0
0.7266891891891891,0.726027397260274,0.5,0.089704465925233,0.5333333333333333,0.6666666666666666,0.3333333333333333,0.5,0.0,0.0,0.0,0.09386093860938609,0.0,0.5,0.951219512195122,1
0.2500307125307125,0.0273972602739726,0.5,0.17834043585212903,1.0,0.6,0.6666666666666666,0.8571428571428571,0.2,0.0,1.0,0.0,0.0,0.346938775510204,0.951219512195122,0
0.9968673218673219,0.2602739726027397,0.5,0.15636489623393274,0.6,0.8,0.3333333333333333,0.7142857142857142,0.0,0.0,0.0,0.0,0.45385674931129477,0.44897959183673464,0.951219512195122,1
0.06068796068796069,0.0821917808219178,0.5,0.0747579946644493,0.6,0.8,0.6666666666666666,0.2857142857142857,0.2,0.0,0.0,0.0,0.0,0.39795918367346933,0.951219512195122,0
0.7484029484029484,0.3150684931506849,0.5,0.0964023143817344,0.8,0.8666666666666667,0.6666666666666666,0.7142857142857142,0.2,0.0,1.0,0.0,0.0,0.39795918367346933,0.951219512195122,0
0.32177518427518426,0.1917808219178082,0.5,0.08265460970793057,0.3333333333333333,0.2,0.0,1.0,0.8,0.0,0.0,0.0,0.0,0.19387755102040813,0.951219512195122,0
0.183507371007371,0.6164383561643836,0.5,0.24681495340054743,0.26666666666666666,0.13333333333333336,0.3333333333333333,0.3571428571428571,0.0,0.0,0.0,0.0,0.0,0.2346938775510204,0.6341463414634146,0
0.7960687960687961,0.0958904109589041,0.5,0.18421162041367842,0.5333333333333333,0.6666666666666666,0.6666666666666666,0.5,0.2,0.0,0.0,0.0,0.0,0.39795918367346933,0.951219512195122,0
0.8856265356265356,0.0273972602739726,0.5,0.20766309808405226,0.7333333333333333,0.5333333333333333,0.6666666666666666,0.21428571428571427,0.4,0.0,0.0,0.0,0.0,0.24489795918367346,0.6341463414634146,0
0.45998157248157245,0.2602739726027397,0.5,0.14767279908533418,0.7333333333333333,0.5333333333333333,0.3333333333333333,0.21428571428571427,0.0,0.0,0.0,0.07298072980729807,0.0,0.39795918367346933,0.951219512195122,1
0.8146498771498771,0.0,0.5,0.04160066521151647,0.06666666666666667,0.4,0.6666666666666666,0.5714285714285714,0.4,0.0,1.0,0.0,0.0,0.11224489795918367,0.951219512195122,0
0.4002149877149877,0.2465753424657534,0.5,0.19842012264837336,0.6,0.8,0.6666666666666666,0.8571428571428571,0.2,1.0,0.0,0.0,0.0,0.5,0.951219512195122,0
0.21517199017199018,0.5342465753424657,0.5,0.11352458164431971,0.7333333333333333,0.5333333333333333,0.3333333333333333,0.21428571428571427,0.0,0.0,0.0,0.03103031030310303,0.0,0.39795918367346933,0.951219512195122,1
0.9722972972972973,0.0,0.5,0.20595156428645672,0.0,0.33333333333333337,0.6666666666666666,0.8571428571428571,0.8,0.0,1.0,0.0,0.0,0.2346938775510204,0.951219512195122,0
0.2812960687960688,0.0547945205479452,0.5,0.12306620933374908,0.7333333333333333,0.5333333333333333,0.6666666666666666,0.42857142857142855,0.2,0.0,0.0,0.033250332503325035,0.0,0.6020408163265305,0.951219512195122,0
0.8986179361179361,0.0136986301369863,0.0,0.2602543048193189,0.0,0.33333333333333337,0.6666666666666666,0.0,0.6000000000000001,0.0,0.0,0.0,0.0,0.2959183673469387,0.951219512195122,0
0.701105651105651,0.2191780821917808,0.5,0.09791289886706163,0.7333333333333333,0.5333333333333333,0.3333333333333333,0.5,0.0,0.0,0.0,0.0,0.0,0.39795918367346933,0.951219512195122,0
0.6159398034398035,0.4520547945205479,0.5,0.1184131933617434,0.7333333333333333,0.5333333333333333,0.3333333333333333,0.7142857142857142,0.0,0.0,0.0,1.0,0.0,0.39795918367346933,0.951219512195122,1
0.542076167076167,0.1506849315068493,0.5,0.02714617330145861,0.6,0.8,0.3333333333333333,0.07142857142857142,0.0,0.0,0.0,0.0,0.4331955922865014,0.39795918367346933,0.951219512195122,1
0.8386670761670761,0.136986301369863,0.5,0.1414932612687524,1.0,0.6,1.0,0.07142857142857142,0.8,0.0,1.0,0.0,0.0,0.39795918367346933,0.951219512195122,0
0.09585380835380836,0.0547945205479452,0.5,0.09893704743096698,1.0,0.6,0.6666666666666666,0.21428571428571427,0.6000000000000001,0.0,0.0,0.0,0.0,0.39795918367346933,0.951219512195122,0
0.37933046683046684,0.0684931506849315,0.0,0.015473789973322246,1.0,0.6,0.6666666666666666,0.0,0.6000000000000001,0.0,1.0,0.0,0.0,0.19387755102040813,0.951219512195122,0
0.03835995085995086,0.2054794520547945,0.5,0.13660880712330667,0.7333333333333333,0.5333333333333333,0.6666666666666666,0.42857142857142855,0.6000000000000001,0.0,1.0,0.0,0.0,0.39795918367346933,0.951219512195122,0
0.006050368550368551,0.3150684931506849,0.125,0.030842254789869378,0.8,0.8666666666666667,0.6666666666666666,0.2857142857142857,0.2,0.0,1.0,0.14084140841408413,0.0,0.5510204081632653,0.951219512195122,1
0.5782555282555283,0.2602739726027397,0.5,0.10689394726812874,0.6,0.8,0.0,0.07142857142857142,0.2,0.0,0.0,0.0,0.0,0.5510204081632653,0.951219512195122,1
0.7042690417690417,0.1232876712328767,0.875,0.08977098707688043,0.6,0.8,0.3333333333333333,0.2857142857142857,0.0,1.0,0.0,0.0,0.0,0.39795918367346933,0.951219512195122,1
0.33676289926289926,0.4794520547945205,0.5,0.08099781727471156,0.6,0.8,1.0,0.5714285714285714,0.2,0.0,1.0,0.0,0.6483011937557392,0.19387755102040813,0.951219512195122,1
0.6711609336609337,0.2191780821917808,0.5,0.18614697016942106,0.3333333333333333,0.2,0.3333333333333333,0.42857142857142855,0.0,0.0,0.0,0.0,0.0,0.39795918367346933,0.6341463414634146,0
0.07893120393120392,0.5068493150684932,0.0,0.07809860374874407,0.7333333333333333,0.5333333333333333,0.3333333333333333,0.0,0.0,0.0,0.0,0.0,0.0,0.39795918367346933,0.951219512195122,1
0.7809889434889434,0.4520547945205479,0.5,0.1775754426081835,0.7333333333333333,0.5333333333333333,0.3333333333333333,1.0,0.0,0.0,0.0,0.07298072980729807,0.0,0.39795918367346933,0.951219512195122,1
0.7182739557739558,0.4246575342465753,0.5,0.06257977341232719,1.0,0.6,0.8333333333333333,0.07142857142857142,0.8,0.0,1.0,0.0,0.0,0.43877551020408156,0.951219512195122,0
0.6672297297297297,0.6986301369863013,0.0,0.12456570696046841,1.0,0.6,0.3333333333333333,0.0,1.0,0.0,1.0,0.0,0.5640495867768595,0.39795918367346933,0.951219512195122,0
0.03713144963144963,0.2602739726027397,0.5,0.08523299726293178,0.7333333333333333,0.5333333333333333,0.3333333333333333,0.5,0.0,0.0,0.0,0.0,0.0,0.44897959183673464,0.951219512195122,0
0.35175061425061427,0.3698630136986301,0.5,0.11197935072584277,0.3333333333333333,0.2,0.3333333333333333,1.0,0.0,0.0,0.0,0.0,0.0,0.8061224489795917,0.951219512195122,1
0.8822788697788697,0.1780821917808219,0.5,0.07120188476596334,0.7333333333333333,0.5333333333333333,0.3333333333333333,1.0,0.0,0.0,0.0,0.0,0.0,0.39795918367346933,0.951219512195122,0
0.7985872235872236,0.4520547945205479,0.125,0.11899109586668051,1.0,0.6,0.3333333333333333,0.07142857142857142,0.0,0.0,0.0,0.0,0.0,0.39795918367346933,0.951219512195122,0
0.3203316953316953,0.2328767123287671,0.5,0.09084779821917334,0.7333333333333333,0.5333333333333333,0.6666666666666666,0.8571428571428571,0.6000000000000001,0.0,1.0,0.0,0.0,0.39795918367346933,0.951219512195122,0
0.9580773955773956,0.2602739726027397,0.5,0.10248899975747497,0.7333333333333333,0.5333333333333333,0.6666666666666666,0.5714285714285714,0.2,0.0,0.0,0.0,0.0,0.39795918367346933,0.951219512195122,0
0.7839066339066338,0.35616438356164376,0.0,0.2723826352077054,1.0,0.6,0.8333333333333333,0.0,0.2,1.0,0.0,0.0,0.0,0.39795918367346933,0.951219512195122,0
0.5718673218673218,0.35616438356164376,0.5,0.2325808128053217,0.7333333333333333,0.5333333333333333,0.8333333333333333,0.8571428571428571,0.2,0.0,1.0,0.0,0.0,0.2959183673469387,0.951219512195122,0
0.4756142506142506,0.4794520547945205,0.5,0.11546270311471434,0.7333333333333333,0.5333333333333333,0.6666666666666666,0.2857142857142857,0.8,0.0,1.0,0.0,0.0,0.39795918367346933,0.951219512195122,0
0.37364864864864866,0.4931506849315069,0.5,0.02593631985587084,0.7333333333333333,0.5333333333333333,0.0,1.0,0.8,0.0,0.0,0.0,0.0,0.39795918367346933,0.951219512195122,0
0.037745700245700245,0.7945205479452053,0.75,0.13591172088833456,0.9333333333333333,0.9333333333333333,0.3333333333333333,0.7142857142857142,0.0,0.0,0.0,0.0,0.0,0.346938775510204,0.951219512195122,0
0.2025798525798526,0.1506849315068493,0.5,0.07846862765478294,1.0,0.6,0.6666666666666666,0.8571428571428571,0.2,0.0,0.0,0.0,0.0,0.5,0.951219512195122,0
0.5745393120393121,0.3972602739726027,0.125,0.2334788483525621,0.5333333333333333,0.6666666666666666,0.3333333333333333,0.9285714285714285,0.0,0.0,0.0,0.0,0.42424242424242425,0.39795918367346933,0.951219512195122,1
0.2548218673218673,0.0958904109589041,0.0,0.02014412916190278,1.0,0.6,0.6666666666666666,0.0,0.2,0.0,1.0,0.0,0.0,0.39795918367346933,0.951219512195122,0
0.7844594594594594,0.136986301369863,0.25,0.22171222672625854,0.7333333333333333,0.5333333333333333,0.6666666666666666,0.3571428571428571,0.6000000000000001,0.0,0.0,0.0,0.0,0.39795918367346933,0.951219512195122,0
0.6677518427518427,0.2191780821917808,0.5,0.10413816997540103,0.7333333333333333,0.5333333333333333,0.3333333333333333,1.0,0.0,0.0,0.0,0.0,0.0,0.5510204081632653,0.951219512195122,1
0.09511670761670761,0.0958904109589041,0.25,0.2150663479194817,0.6,0.8,0.6666666666666666,0.7142857142857142,0.2,0.0,1.0,0.0,0.0,0.39795918367346933,0.951219512195122,0
0.3526412776412776,0.2876712328767123,0.5,0.10793749783459793,0.5333333333333333,0.6666666666666666,0.3333333333333333,0.5714285714285714,0.0,0.0,0.0,0.0,0.0,0.39795918367346933,0.951219512195122,0
0.06547911547911547,0.1917808219178082,0.5,0.06524061947822471,0.7333333333333333,0.5333333333333333,0.6666666666666666,0.07142857142857142,0.2,0.0,1.0,0.0,0.0,0.39795918367346933,0.951219512195122,0
0.39054054054054055,0.1506849315068493,0.5,0.1470540137892804,1.0,0.6,0.3333333333333333,0.8571428571428571,0.0,1.0,0.0,0.0,0.0,0.39795918367346933,0.0,0
0.8747235872235872,0.4794520547945205,0.5,0.057803416138308555,0.4,0.26666666666666666,0.3333333333333333,0.42857142857142855,0.0,0.0,0.0,0.0,0.0,0.39795918367346933,0.951219512195122,0
0.06959459459459459,0.0821917808219178,0.5,0.32553580708866026,0.13333333333333333,0.4666666666666667,0.6666666666666666,0.5,0.6000000000000001,0.0,0.0,0.0,0.0,0.2040816326530612,0.6341463414634146,0
0.9408169533169533,0.0136986301369863,0.5,0.08749748813359665,0.06666666666666667,0.4,0.6666666666666666,0.42857142857142855,0.6000000000000001,0.0,0.0,0.0,0.0,0.39795918367346933,0.951219512195122,0
0.514404176904177,0.1095890410958904,0.5,0.11636143159061774,0.7333333333333333,0.5333333333333333,0.6666666666666666,0.07142857142857142,0.8,1.0,1.0,0.0,0.0,0.39795918367346933,0.951219512195122,0
0.549017199017199,0.6438356164383561,0.0,0.02323528392751966,0.4,0.26666666666666666,0.3333333333333333,0.0,0.0,0.0,0.0,0.0,0.0,0.5,0.951219512195122,0
0.14075552825552826,0.30136986301369856,0.5,0.04864567092817794,1.0,0.6,0.0,0.8571428571428571,0.8,1.0,1.0,0.0,0.0,0.37755102040816324,0.951219512195122,0
0.22902334152334153,0.0684931506849315,0.0,0.12697709870768806,0.7333333333333333,0.5333333333333333,0.6666666666666666,0.0,0.6000000000000001,0.0,1.0,0.0,0.0,0.39795918367346933,0.951219512195122,0
0.38888206388206387,0.41095890410958896,0.5,0.0633835706614004,0.4666666666666667,0.7333333333333334,0.3333333333333333,0.21428571428571427,0.0,0.0,0.0,0.0,0.0,0.39795918367346933,0.951219512195122,0
0.5736179361179361,0.2191780821917808,0.5,0.10250563004538682,0.8,0.8666666666666667,0.6666666666666666,0.2857142857142857,0.2,0.0,1.0,0.0,0.0,0.31632653061224486,0.0,0
0.4188882063882064,0.2602739726027397,0.75,0.016394692166441467,0.3333333333333333,0.2,0.3333333333333333,0.5,0.0,0.0,0.0,0.07298072980729807,0.0,0.44897959183673464,0.951219512195122,1
0.04563882063882064,0.1780821917808219,0.5,0.031435401725392366,0.7333333333333333,0.5333333333333333,0.6666666666666666,0.07142857142857142,0.8,0.0,0.0,0.0,0.459366391184573,0.4183673469387755,0.951219512195122,0
0.3728194103194103,0.3835616438356165,0.5,0.08110799293212763,0.8,0.8666666666666667,0.3333333333333333,0.07142857142857142,0.0,0.0,0.0,0.0,0.0,0.44897959183673464,0.951219512195122,1
0.696529484029484,0.41095890410958896,0.75,0.05281155805009874,0.7333333333333333,0.5333333333333333,0.3333333333333333,0.3571428571428571,0.0,0.0,0.0,0.0,0.0,0.346938775510204,0.951219512195122,0
0.11845823095823095,0.46575342465753417,0.5,0.11552853133769878,1.0,0.6,0.0,0.8571428571428571,0.2,0.0,1.0,0.0,0.0,0.6020408163265305,0.951219512195122,0
0.1421068796068796,0.5616438356164384,0.0,0.1290184665488688,0.3333333333333333,0.2,0.3333333333333333,0.0,0.0,0.0,0.0,0.0,0.0,0.2346938775510204,0.951219512195122,0
0.13175675675675674,0.4383561643835617,0.75,0.13039947337421615,0.7333333333333333,0.5333333333333333,0.3333333333333333,0.21428571428571427,0.0,0.0,0.0,0.0,0.0,0.39795918367346933,0.951219512195122,0
0.42017813267813264,0.27397260273972607,0.75,0.012949450854034575,0.7333333333333333,0.5333333333333333,0.3333333333333333,0.2857142857142857,0.0,0.0,0.0,0.0,0.0,0.39795918367346933,0.951219512195122,0
0.3144963144963145,0.1643835616438356,0.5,0.10374320063749437,0.7333333333333333,0.5333333333333333,0.6666666666666666,0.5714285714285714,0.6000000000000001,0.0,1.0,0.0,0.0,0.346938775510204,0.951219512195122,0
0.8671683046683046,0.2191780821917808,0.5,0.11308180022866646,0.26666666666666666,0.13333333333333336,0.6666666666666666,0.5714285714285714,0.8,0.0,1.0,0.0,0.0,0.39795918367346933,0.6341463414634146,0
0.17988329238329237,0.1917808219178082,0.5,0.28303641340124036,0.4666666666666667,0.7333333333333334,0.3333333333333333,0.21428571428571427,0.0,0.0,0.0,0.0,0.0,0.39795918367346933,0.951219512195122,1
0.13396805896805897,0.0410958904109589,0.5,0.1621210546374251,1.0,0.6,0.6666666666666666,0.21428571428571427,0.2,0.0,1.0,0.0,0.0,0.39795918367346933,0.951219512195122,0
0.14745085995085994,0.4520547945205479,0.0,0.00702837542874961,0.8,0.8666666666666667,0.6666666666666666,0.0,0.2,0.0,0.0,0.0,0.0,0.39795918367346933,0.951219512195122,0
0.8511670761670761,0.4383561643835617,0.5,0.058986245366039566,0.3333333333333333,0.2,0.6666666666666666,0.5,0.2,1.0,0.0,0.0,0.0,0.44897959183673464,0.6097560975609756,0
0.32896191646191647,0.0410958904109589,0.5,0.12626476804213008,1.0,0.6,0.8333333333333333,0.8571428571428571,0.8,1.0,1.0,0.0,0.0,0.39795918367346933,0.951219512195122,0
0.4616093366093366,0.2054794520547945,0.5,0.1254200880019402,0.7333333333333333,0.5333333333333333,0.6666666666666666,0.21428571428571427,0.6000000000000001,0.0,0.0,0.0,0.0,0.39795918367346933,0.951219512195122,0
0.06222358722358722,0.41095890410958896,0.5,0.1264504729238125,0.5333333333333333,0.6666666666666666,0.3333333333333333,0.5,0.0,0.0,0.0,0.0,0.0,0.39795918367346933,0.951219512195122,1
0.9592137592137592,0.3698630136986301,0.5,0.15953712365311992,0.6,0.8,0.3333333333333333,0.8571428571428571,0.0,0.0,0.0,0.07688076880768807,0.0,0.5,0.951219512195122,1
0.3035012285012285,0.35616438356164376,0.5,0.14435367078959221,1.0,0.6,0.0,0.9285714285714285,0.2,0.0,1.0,0.0,0.0,0.5,0.951219512195122,0
0.46504914004914005,0.1917808219178082,0.5,0.13096836780653434,0.7333333333333333,0.5333333333333333,0.3333333333333333,0.5714285714285714,0.0,0.0,0.0,0.0,0.0,0.39795918367346933,0.951219512195122,0
0.41025798525798524,0.2876712328767123,0.5,0.16757024564321105,1.0,0.6,0.5,0.7142857142857142,0.6000000000000001,1.0,1.0,0.0,0.0,0.39795918367346933,0.951219512195122,0
0.5971744471744471,0.1780821917808219,0.125,0.21460347157260162,1.0,0.6,0.3333333333333333,0.07142857142857142,0.0,0.0,0.0,0.07298072980729807,0.0,0.47959183673469385,0.12195121951219512,1
0.11237714987714988,0.1780821917808219,0.5,0.13426601531372345,0.7333333333333333,0.5333333333333333,0.3333333333333333,0.42857142857142855,0.0,0.0,0.0,0.0,0.0,0.39795918367346933,0.951219512195122,1
0.5559275184275184,0.35616438356164376,0.5,0.12368845927311782,0.7333333333333333,0.5333333333333333,0.3333333333333333,0.5714285714285714,0.0,0.0,0.0,0.0,0.0,0.39795918367346933,0.951219512195122,1
0.7064496314496315,0.2876712328767123,0.5,0.13319197588608253,0.6,0.8,0.3333333333333333,0.2857142857142857,0.0,0.0,0.0,0.0,0.0,0.5510204081632653,0.951219512195122,1
0.07051597051597051,0.0684931506849315,0.75,0.12938779752624469,0.7333333333333333,0.5333333333333333,0.6666666666666666,0.21428571428571427,0.4,0.0,0.0,0.0,0.0,0.19387755102040813,0.951219512195122,0
0.7036547911547911,0.1780821917808219,0.625,0.04977583757752139,0.6,0.8,0.6666666666666666,0.2857142857142857,0.6000000000000001,0.0,0.0,0.0,0.0,0.42857142857142855,0.951219512195122,0
0.5587223587223588,0.2465753424657534,0.5,0.1168991442331012,1.0,0.6,0.0,0.07142857142857142,0.8,0.0,1.0,0.0,0.0,0.38775510204081626,0.951219512195122,0
0.01461916461916462,0.0,0.5,0.1382981672036864,0.4,0.26666666666666666,0.6666666666666666,0.5714285714285714,0.2,0.0,0.0,0.0,0.0,0.05102040816326531,0.951219512195122,0
0.9876228501228501,0.3835616438356165,0.75,0.025853168416311537,1.0,0.6,0.3333333333333333,0.2857142857142857,0.0,0.0,0.0,0.0,0.0,0.8061224489795917,0.951219512195122,0
0.11621621621621621,0.4383561643835617,0.5,0.12027439975054567,0.7333333333333333,0.5333333333333333,0.3333333333333333,0.21428571428571427,0.0,0.0,0.0,0.0,0.0,0.42857142857142855,0.951219512195122,0
0.5828009828009828,0.0958904109589041,0.5,0.053882825763087686,0.6,0.8,0.8333333333333333,0.2857142857142857,0.2,0.0,1.0,0.0,0.0,0.39795918367346933,0.951219512195122,0
0.7343673218673219,0.41095890410958896,0.75,0.14161521671343935,0.7333333333333333,0.5333333333333333,0.3333333333333333,0.3571428571428571,0.0,0.0,0.0,0.0,0.0,0.6020408163265305,0.951219512195122,0
0.8872235872235872,0.0136986301369863,0.5,0.26282784187367914,0.7333333333333333,0.5333333333333333,0.6666666666666666,0.5,0.4,0.0,1.0,0.0,0.0,0.39795918367346933,0.951219512195122,0
0.5519041769041769,0.1506849315068493,0.75,0.12702906835741262,0.7333333333333333,0.5333333333333333,0.3333333333333333,0.8571428571428571,1.0,0.0,1.0,0.0,0.0,0.39795918367346933,0.951219512195122,0
0.6989557739557739,0.2602739726027397,0.75,0.11328274954093476,0.9333333333333333,0.9333333333333333,0.3333333333333333,0.21428571428571427,0.0,0.0,0.0,0.0,0.0,0.6020408163265305,0.951219512195122,0
0.4167383292383292,0.0273972602739726,0.0,0.1934823129958771,0.13333333333333333,0.4666666666666667,0.6666666666666666,0.0,0.6000000000000001,0.0,0.0,0.0,0.0,0.2755102040816326,0.951219512195122,0
0.7721744471744472,0.2465753424657534,0.5,0.1271239995842428,0.7333333333333333,0.5333333333333333,0.3333333333333333,0.5714285714285714,0.0,0.0,0.0,0.0,0.0,0.39795918367346933,0.951219512195122,0
0.12800982800982802,0.0821917808219178,0.5,0.07844368222291515,1.0,0.6,0.6666666666666666,0.5714285714285714,0.2,1.0,1.0,0.0,0.0,0.346938775510204,0.975609756097561,0
0.9136056511056511,0.32876712328767127,0.75,0.021980390118837262,0.5333333333333333,0.6666666666666666,0.0,0.3571428571428571,0.2,0.0,0.0,0.0,0.0,0.39795918367346933,0.951219512195122,0
0.16655405405405405,0.2191780821917808,0.875,0.6244409798011294,1.0,0.6,0.0,0.5714285714285714,0.8,1.0,1.0,0.0,0.0,0.39795918367346933,0.951219512195122,0
0.9644963144963145,0.2328767123287671,0.5,0.10774763538093753,0.7333333333333333,0.5333333333333333,0.3333333333333333,0.5714285714285714,0.0,0.0,0.0,0.0,0.0,0.5,0.951219512195122,0
0.517014742014742,0.1232876712328767,0.5,0.08273637529016388,0.6,0.8,0.6666666666666666,0.7142857142857142,0.2,0.0,1.0,0.0,0.0,0.39795918367346933,0.951219512195122,0
0.4328316953316953,0.2465753424657534,0.5,0.11630946194089319,1.0,0.6,0.0,0.2857142857142857,0.8,0.0,0.0,0.0,0.0,0.6020408163265305,0.951219512195122,0
0.5822174447174447,0.2191780821917808,0.5,0.1160468419776184,0.7333333333333333,0.5333333333333333,0.3333333333333333,0.8571428571428571,1.0,0.0,1.0,0.0,0.0,0.19387755102040813,0.951219512195122,0
0.07318796068796068,0.6301369863013697,0.5,0.012692374320063747,0.3333333333333333,0.2,0.5,0.5714285714285714,0.8,1.0,1.0,0.0,0.0,0.39795918367346933,0.951219512195122,0
0.9998157248157248,0.4931506849315069,0.5,0.21451685548972735,0.8,0.8666666666666667,0.3333333333333333,0.2857142857142857,0.0,0.0,0.0,0.0,0.0,0.39795918367346933,0.951219512195122,1
0.29855651105651104,0.4383561643835617,0.875,0.09914908360184319,0.8,0.8666666666666667,0.0,0.7142857142857142,0.2,0.0,1.0,0.0,0.0,0.39795918367346933,0.951219512195122,0
0.7726044226044226,0.3150684931506849,0.75,0.10589543706475418,0.6,0.8,0.3333333333333333,0.07142857142857142,0.0,0.0,0.0,0.0,0.0,0.39795918367346933,0.21951219512195122,0
0.6541769041769041,0.0821917808219178,0.5,0.010734157918442297,0.7333333333333333,0.5333333333333333,0.3333333333333333,0.5714285714285714,0.0,0.0,0.0,0.0,0.0,0.39795918367346933,0.951219512195122,0
0.5031941031941032,0.0547945205479452,0.5,0.16692997955860445,0.7333333333333333,0.5333333333333333,0.6666666666666666,0.5714285714285714,0.6000000000000001,0.0,0.0,0.0,0.0,0.39795918367346933,0.951219512195122,0
0.0038697788697788695,0.0410958904109589,0.5,0.06888542424557391,1.0,0.6,0.6666666666666666,0.07142857142857142,0.6000000000000001,0.0,1.0,0.0,0.39462809917355374,0.2755102040816326,0.951219512195122,0
0.12607493857493857,0.3972602739726027,0.5,0.05775629698922495,1.0,0.6,0.0,0.42857142857142855,0.2,0.0,0.0,0.0,0.0,0.44897959183673464,0.951219512195122,0
0.18172604422604421,0.30136986301369856,0.5,0.12049890863735578,0.7333333333333333,0.5333333333333333,0.3333333333333333,0.21428571428571427,0.0,0.0,0.0,0.0,0.0,0.39795918367346933,0.951219512195122,1
0.657002457002457,0.2876712328767123,0.5,0.2465821293697814,0.6,0.8,0.3333333333333333,0.2857142857142857,0.0,0.0,0.0,0.0,0.0,0.5,0.951219512195122,1
0.3053746928746929,0.2602739726027397,0.5,0.11367494716418944,1.0,0.6,0.6666666666666666,1.0,0.2,0.0,0.0,0.0,0.0,0.39795918367346933,0.951219512195122,0
0.548556511056511,0.1917808219178082,0.5,0.14615736409936597,0.3333333333333333,0.2,0.6666666666666666,0.42857142857142855,0.6000000000000001,0.0,0.0,0.0,0.0,0.5,0.951219512195122,0
0.00012285012285012285,0.1506849315068493,0.5,0.22598066729030247,0.6,0.8,0.3333333333333333,0.7142857142857142,1.0,1.0,1.0,0.0,0.0,0.39795918367346933,0.12195121951219512,0
0.9502457002457002,0.2465753424657534,0.5,0.12427190520735891,1.0,0.6,0.3333333333333333,0.7142857142857142,0.0,0.0,0.0,0.0,0.0,0.39795918367346933,0.951219512195122,0
0.06394348894348895,0.3150684931506849,0.5,0.1975615840349236,1.0,0.6,0.8333333333333333,0.2857142857142857,0.8,0.0,1.0,0.0,0.0,0.6020408163265305,0.951219512195122,0
0.1386056511056511,0.0547945205479452,0.5,0.12400512767210616,1.0,0.6,0.6666666666666666,0.5714285714285714,0.6000000000000001,0.0,0.0,0.0,0.0,0.39795918367346933,0.951219512195122,0
0.5191646191646192,0.4246575342465753,0.5,0.08800540484357135,0.0,0.33333333333333337,0.8333333333333333,0.5,0.6000000000000001,0.0,1.0,0.0,0.0,0.47959183673469385,0.951219512195122,0
0.908968058968059,0.1643835616438356,0.5,0.23492984097287184,0.6,0.8,0.6666666666666666,0.8571428571428571,0.6000000000000001,0.0,1.0,0.0,0.0,0.39795918367346933,0.951219512195122,0
0.847512285012285,0.5753424657534245,0.0,0.09235976856182655,0.4666666666666667,0.7333333333333334,0.3333333333333333,0.0,0.0,0.0,0.0,0.0,0.0,0.346938775510204,0.951219512195122,1
0.02859336609336609,0.0273972602739726,0.0,0.02759865571839379,1.0,0.6,0.6666666666666666,0.0,0.6000000000000001,0.0,1.0,0.0,0.0,0.09183673469387754,0.951219512195122,0
0.2636670761670762,0.2876712328767123,0.5,0.10818140872397186,1.0,0.6,0.0,0.07142857142857142,0.8,0.0,1.0,0.05721057210572106,0.0,0.43877551020408156,0.951219512195122,0
0.21483415233415232,0.0410958904109589,0.0,0.10849738419429719,1.0,0.6,0.6666666666666666,0.0,0.6000000000000001,0.0,1.0,0.0,0.0,0.19387755102040813,0.951219512195122,0
0.7246928746928747,0.0958904109589041,0.5,0.18731178325191422,1.0,0.6,0.3333333333333333,0.7857142857142857,0.4,0.0,0.0,0.0,0.0,0.2346938775510204,0.951219512195122,0
0.820485257985258,0.1917808219178082,0.5,0.14909122405848318,1.0,0.6,0.3333333333333333,0.2857142857142857,0.0,0.0,0.0,0.0,0.0,0.39795918367346933,0.12195121951219512,1
0.9161855036855037,0.2054794520547945,0.25,0.06954578526140734,0.7333333333333333,0.5333333333333333,0.3333333333333333,0.7857142857142857,0.0,0.0,0.0,0.0,0.0,0.39795918367346933,0.951219512195122,0
0.889987714987715,0.1917808219178082,0.5,0.06524061947822471,0.9333333333333333,0.9333333333333333,0.3333333333333333,0.7142857142857142,1.0,0.0,1.0,0.0,0.0,0.6020408163265305,0.951219512195122,1
0.44877149877149874,0.4383561643835617,0.5,0.1265821293697814,0.06666666666666667,0.4,0.3333333333333333,0.5714285714285714,1.0,0.0,1.0,0.0,0.0,0.05102040816326531,0.951219512195122,0
0.7720208845208845,0.4246575342465753,0.5,0.09487925718047327,0.6,0.8,0.0,0.8571428571428571,0.2,1.0,0.0,0.0,0.0,0.39795918367346933,0.951219512195122,1
0.6069103194103194,0.1643835616438356,0.5,0.07103627481550774,1.0,0.6,0.3333333333333333,0.2857142857142857,0.0,0.0,0.0,0.0,0.0,0.39795918367346933,0.951219512195122,0
0.7958845208845209,0.46575342465753417,0.5,0.11070297612860755,0.8,0.8666666666666667,0.3333333333333333,0.2857142857142857,0.0,0.0,0.0,0.0,0.45385674931129477,0.5,0.951219512195122,1
0.39757371007371006,0.6849315068493149,0.75,0.06503689845130443,0.6666666666666666,1.0,0.3333333333333333,0.8571428571428571,0.0,0.0,0.0,0.20051200512005118,0.0,0.39795918367346933,0.951219512195122,1
0.8853501228501228,0.3835616438356165,0.25,0.13454873020822508,0.8,0.8666666666666667,0.3333333333333333,0.07142857142857142,0.0,0.0,0.0,0.0,0.0,0.346938775510204,0.951219512195122,0
0.8989250614250615,0.1917808219178082,0.25,0.08679070089734262,0.6,0.8,0.0,0.7142857142857142,0.8,0.0,1.0,0.0,0.0,0.39795918367346933,0.951219512195122,0
0.3070331695331695,0.0547945205479452,0.5,0.21264456224231718,1.0,0.6,0.6666666666666666,1.0,0.6000000000000001,1.0,0.0,0.0,0.0,0.39795918367346933,0.951219512195122,0
0.4688267813267813,0.5616438356164384,0.5,0.07948307521740637,0.7333333333333333,0.5333333333333333,0.0,0.5714285714285714,0.8,1.0,1.0,0.0,0.0,0.19387755102040813,0.951219512195122,0
0.18068181818181817,0.5616438356164384,0.75,0.1521207081730936,0.0,0.33333333333333337,0.6666666666666666,0.21428571428571427,0.2,0.0,0.0,0.0,0.0,0.39795918367346933,0.29268292682926833,0
0.08455159705159705,0.35616438356164376,0.5,0.07842289436302533,0.6,0.8,0.3333333333333333,0.8571428571428571,0.0,0.0,0.0,0.0,0.0,0.6530612244897959,0.951219512195122,1
0.500982800982801,0.0,0.5,0.15971174167619445,0.06666666666666667,0.4,0.6666666666666666,0.5714285714285714,0.6000000000000001,0.0,1.0,0.0,0.0,0.19387755102040813,0.951219512195122,0
0.11157862407862408,0.8082191780821917,0.5,0.2105810206839206,0.3333333333333333,0.2,1.0,0.7857142857142857,0.2,0.0,1.0,0.0,0.0,0.11224489795918367,0.951219512195122,0
0.07788697788697789,0.0958904109589041,0.5,0.13937705713196827,0.7333333333333333,0.5333333333333333,0.6666666666666666,0.07142857142857142,0.2,0.0,0.0,0.0,0.0,0.39795918367346933,0.951219512195122,0
0.6750614250614251,0.4246575342465753,0.5,0.0853965284273984,0.4666666666666667,0.7333333333333334,0.0,0.07142857142857142,0.2,0.0,1.0,0.0,0.0,0.39795918367346933,0.951219512195122,0
0.3898034398034398,0.4246575342465753,0.25,0.062218757578907255,0.6,0.8,0.6666666666666666,0.07142857142857142,0.8,0.0,1.0,0.0,0.0,0.346938775510204,0.951219512195122,0
0.7707616707616708,0.0547945205479452,0.5,0.14473339569691301,0.7333333333333333,0.5333333333333333,0.6666666666666666,0.5714285714285714,0.6000000000000001,1.0,1.0,0.0,0.0,0.2959183673469387,0.951219512195122,0
0.6438574938574938,0.4383561643835617,0.25,0.017370335723937223,0.8,0.8666666666666667,0.3333333333333333,0.2857142857142857,0.0,0.0,0.0,0.0,0.0,0.39795918367346933,0.951219512195122,1
0.47576781326781326,0.0273972602739726,0.5,0.1272909953920244,0.7333333333333333,0.5333333333333333,0.6666666666666666,0.5714285714285714,0.2,0.0,1.0,0.0,0.0,0.39795918367346933,0.951219512195122,0
0.4287776412776413,0.2465753424657534,0.5,0.13211724352977863,0.7333333333333333,0.5333333333333333,0.3333333333333333,0.2857142857142857,0.0,0.0,0.0,0.0,0.0,0.5510204081632653,0.4878048780487805,1
0.4733108108108108,0.41095890410958896,0.25,0.2358237189481343,0.4666666666666667,0.7333333333333334,0.3333333333333333,0.7857142857142857,0.0,0.0,0.0,0.0,0.0,0.39795918367346933,0.951219512195122,1
0.6370700245700246,0.1232876712328767,0.5,0.1597082770328795,0.6,0.8,0.6666666666666666,0.7142857142857142,0.2,0.0,0.0,0.0,0.0,0.37755102040816324,0.951219512195122,0
0.030067567567567566,0.2328767123287671,0.5,0.1023067595191075,0.7333333333333333,0.5333333333333333,0.0,0.42857142857142855,0.6000000000000001,0.0,0.0,0.0,0.0,0.39795918367346933,0.951219512195122,0
0.24115479115479116,0.32876712328767127,0.5,0.014568825139451893,0.7333333333333333,0.5333333333333333,0.6666666666666666,0.07142857142857142,0.2,0.0,1.0,0.0,0.0,0.39795918367346933,0.951219512195122,0
0.814004914004914,0.4520547945205479,0.5,0.37848110037071686,0.7333333333333333,0.5333333333333333,0.0,0.07142857142857142,0.2,1.0,0.0,0.0,0.0,0.39795918367346933,0.951219512195122,0
0.2657248157248157,0.3698630136986301,0.5,0.08716488237535945,0.6,0.8,0.0,0.07142857142857142,0.8,0.0,1.0,0.0,0.0,0.31632653061224486,0.951219512195122,0
0.4899262899262899,0.0821917808219178,0.5,0.20877109101617988,0.6,0.8,0.6666666666666666,0.8571428571428571,0.6000000000000001,1.0,1.0,0.0,0.0,0.24489795918367346,0.951219512195122,0
0.7586916461916462,0.1095890410958904,0.5,0.18922634514776704,0.7333333333333333,0.5333333333333333,0.0,0.5714285714285714,0.2,0.0,0.0,0.0,0.0,0.5,0.951219512195122,0
0.6115479115479115,0.6164383561643836,0.5,0.09122960191248311,0.6,0.8,1.0,0.9285714285714285,0.8,0.0,1.0,0.0,0.0,0.061224489795918366,0.951219512195122,0
0.6942567567567567,0.3424657534246575,0.875,0.08641582649066279,1.0,0.6,0.3333333333333333,0.7857142857142857,0.0,1.0,0.0,0.0,0.0,0.47959183673469385,0.951219512195122,0
0.35734029484029484,0.30136986301369856,0.5,0.07532134566746353,0.7333333333333333,0.5333333333333333,0.0,0.5714285714285714,0.6000000000000001,0.0,0.0,0.0,0.0,0.39795918367346933,0.951219512195122,0
0.873495085995086,0.4794520547945205,0.5,0.20763330215154352,0.26666666666666666,0.13333333333333336,0.3333333333333333,0.8571428571428571,1.0,0.0,1.0,0.0,0.0,0.14285714285714282,0.1951219512195122,0
0.12245085995085994,0.27397260273972607,0.5,0.04736375290163877,0.6,0.8,0.3333333333333333,0.5714285714285714,0.0,1.0,0.0,0.0,0.0,0.2959183673469387,0.07317073170731708,0
0.8435810810810811,0.1095890410958904,0.5,0.0708159235006756,1.0,0.6,0.3333333333333333,0.2857142857142857,0.0,0.0,0.0,0.0,0.0,0.5,0.951219512195122,0
0.6589066339066338,0.41095890410958896,0.5,0.0645088868101029,0.7333333333333333,0.5333333333333333,0.0,0.8571428571428571,0.2,0.0,1.0,0.0,0.0,0.39795918367346933,0.951219512195122,0
0.7326474201474201,0.3424657534246575,0.875,0.01867719918234418,0.8,0.8666666666666667,0.6666666666666666,0.7142857142857142,0.2,0.0,0.0,0.0,0.0,0.7040816326530611,0.951219512195122,0
0.4192874692874693,0.46575342465753417,0.5,0.09132730485396529,0.7333333333333333,0.5333333333333333,0.6666666666666666,0.5,0.6000000000000001,0.0,1.0,0.0,0.0,0.39795918367346933,0.951219512195122,0
0.04772727272727273,0.6164383561643836,0.5,0.08487198142951183,0.6666666666666666,1.0,0.3333333333333333,0.7142857142857142,0.0,0.0,0.0,0.07688076880768807,0.0,0.39795918367346933,0.0,1
0.6833230958230958,0.0273972602739726,0.5,0.08812736028825832,1.0,0.6,0.6666666666666666,0.8571428571428571,0.6000000000000001,0.0,1.0,0.0,0.0,0.24489795918367346,0.951219512195122,0
0.05522113022113022,0.4520547945205479,0.125,0.10212729099539201,0.7333333333333333,0.5333333333333333,0.3333333333333333,0.07142857142857142,0.0,0.0,0.0,0.0,0.0,0.39795918367346933,0.951219512195122,1
0.5854115479115479,0.0273972602739726,0.5,0.07875342133527354,0.13333333333333333,0.4666666666666667,0.6666666666666666,0.5714285714285714,0.6000000000000001,0.0,0.0,0.0,0.0,0.39795918367346933,0.1951219512195122,0
0.0886056511056511,0.6575342465753424,0.0,0.21818175518830338,0.7333333333333333,0.5333333333333333,1.0,0.0,0.8,0.0,1.0,0.0,0.0,0.39795918367346933,0.951219512195122,0
0.015325552825552825,0.7534246575342465,0.0,0.20185219831618337,0.7333333333333333,0.5333333333333333,0.3333333333333333,0.0,0.0,0.0,0.0,0.0,0.0,0.19387755102040813,0.951219512195122,0
0.04493243243243243,0.30136986301369856,0.5,0.026896026054117728,0.7333333333333333,0.5333333333333333,0.3333333333333333,1.0,0.0,0.0,0.0,0.0,0.0,0.39795918367346933,0.951219512195122,1
0.4209152334152334,0.136986301369863,0.5,0.10722793888369192,0.6,0.8,0.6666666666666666,0.7142857142857142,0.8,1.0,1.0,0.0,0.0,0.32653061224489793,0.951219512195122,0
0.647512285012285,0.2465753424657534,0.5,0.03713473997851921,0.7333333333333333,0.5333333333333333,0.3333333333333333,0.21428571428571427,0.0,0.0,0.0,0.0,0.0,0.39795918367346933,0.951219512195122,0
0.6243243243243243,0.6712328767123288,0.5,0.1555617919135225,0.6,0.8,0.0,0.7142857142857142,0.8,0.0,1.0,0.0,0.0,0.07142857142857142,0.12195121951219512,0
0.4753992628992629,0.46575342465753417,0.5,0.054638810934414306,0.4,0.26666666666666666,0.6666666666666666,0.5714285714285714,0.8,1.0,1.0,0.0,0.0,0.39795918367346933,0.951219512195122,0
0.09987714987714988,0.3972602739726027,0.25,0.09163704396632366,0.6,0.8,0.6666666666666666,0.7142857142857142,0.2,0.0,1.0,0.0,0.0,0.39795918367346933,0.951219512195122,1
0.7282862407862407,0.1780821917808219,0.25,0.12642829920659668,0.6,0.8,0.3333333333333333,0.7857142857142857,0.0,0.0,0.0,0.0,0.0,0.39795918367346933,0.951219512195122,0
0.9585687960687961,0.2602739726027397,0.5,0.2169483421681738,1.0,0.6,0.3333333333333333,0.21428571428571427,0.0,0.0,0.0,0.0,0.0,0.39795918367346933,0.951219512195122,0
0.8348280098280098,0.5616438356164384,0.125,0.08800540484357135,0.6,0.8,0.3333333333333333,0.07142857142857142,0.0,0.0,0.0,0.0,0.0,0.39795918367346933,0.951219512195122,1
0.5310503685503686,0.3424657534246575,0.75,0.01280116412015383,0.7333333333333333,0.5333333333333333,0.3333333333333333,0.21428571428571427,0.0,0.0,0.0,0.0,0.0,0.346938775510204,0.951219512195122,0
0.8179361179361179,0.2054794520547945,0.5,0.10196930326022936,0.9333333333333333,0.9333333333333333,0.6666666666666666,0.8571428571428571,0.2,0.0,1.0,0.13550135501355012,0.0,0.5,0.951219512195122,1
0.036425061425061425,0.5753424657534245,0.125,0.021477323909503514,1.0,0.6,0.6666666666666666,0.2857142857142857,0.6000000000000001,1.0,1.0,0.0,0.0,0.39795918367346933,0.951219512195122,0
0.16243857493857494,0.2602739726027397,0.5,0.25060943075910336,0.0,0.33333333333333337,0.3333333333333333,0.5,0.0,0.0,0.0,0.0,0.0,0.39795918367346933,0.951219512195122,0
0.9498157248157247,0.5342465753424657,0.5,0.06574507154488445,0.7333333333333333,0.5333333333333333,0.3333333333333333,0.42857142857142855,0.0,0.0,0.0,0.0,0.0,0.173469387755102,0.951219512195122,0
0.05792383292383292,0.6986301369863013,0.5,0.06626130339881509,0.7333333333333333,0.5333333333333333,0.6666666666666666,0.8571428571428571,0.2,0.0,1.0,0.0,0.0,0.39795918367346933,0.951219512195122,0
0.9713144963144963,0.6027397260273972,0.25,0.1717645428403146,0.7333333333333333,0.5333333333333333,1.0,0.7142857142857142,0.2,0.0,1.0,0.0,0.0,0.39795918367346933,0.951219512195122,0
0.05202702702702702,0.3698630136986301,0.5,0.09646883553338184,1.0,0.6,0.3333333333333333,0.8571428571428571,0.0,0.0,0.0,0.0,0.0,0.5,0.951219512195122,0
0.8608722358722358,0.0273972602739726,0.75,0.016441118386862075,0.7333333333333333,0.5333333333333333,0.6666666666666666,0.21428571428571427,0.6000000000000001,0.0,0.0,0.0,0.0,0.39795918367346933,0.951219512195122,0
0.4113636363636364,0.136986301369863,0.75,0.13601635311644666,1.0,0.6,0.3333333333333333,0.2857142857142857,0.0,0.0,0.0,0.0,0.0,0.44897959183673464,0.951219512195122,1
0.842536855036855,0.1643835616438356,0.5,0.12119530194366489,0.8,0.8666666666666667,0.6666666666666666,0.2857142857142857,0.2,1.0,0.0,0.0,0.0,0.6020408163265305,0.951219512195122,0
0.9123464373464373,0.1917808219178082,0.625,0.07015556248484218,0.7333333333333333,0.5333333333333333,0.6666666666666666,0.21428571428571427,0.2,0.0,0.0,0.0,0.0,0.44897959183673464,0.951219512195122,0
0.04296683046683047,0.4520547945205479,0.5,0.08698333506565499,0.7333333333333333,0.5333333333333333,0.3333333333333333,1.0,0.0,0.0,0.0,0.0,0.0,0.6020408163265305,0.951219512195122,1
0.21593980343980343,0.3698630136986301,0.5,0.06385684093822541,0.6,0.8,0.3333333333333333,0.2857142857142857,0.0,0.0,0.0,0.0,0.0,0.39795918367346933,0.951219512195122,1
0.8118243243243243,0.0410958904109589,0.5,0.3015646329210408,0.4,0.26666666666666666,0.6666666666666666,0.5714285714285714,0.8,0.0,0.0,0.0,0.0,0.2959183673469387,0.6341463414634146,0
0.2546990171990172,0.7671232876712328,0.5,0.012050029449468177,0.7333333333333333,0.5333333333333333,1.0,0.5714285714285714,0.4,0.0,1.0,0.0,0.0,0.11224489795918367,0.951219512195122,0
0.6144348894348894,0.32876712328767127,0.5,0.057432006374943695,0.7333333333333333,0.5333333333333333,0.6666666666666666,0.5,0.8,1.0,1.0,0.0,0.0,0.39795918367346933,0.951219512195122,0
0.5580773955773956,0.3150684931506849,0.5,0.09080275785607872,1.0,0.6,0.8333333333333333,0.42857142857142855,0.2,0.0,0.0,0.0,0.0,0.39795918367346933,0.951219512195122,0
0.88495085995086,0.2876712328767123,0.25,0.27890794442712125,0.6,0.8,0.3333333333333333,0.2857142857142857,0.0,0.0,0.0,0.0,0.0,0.4183673469387755,0.951219512195122,1
0.3458845208845209,0.3972602739726027,0.75,0.12979316079409625,1.0,0.6,0.0,0.2857142857142857,0.8,0.0,1.0,0.0,0.0,0.5,0.951219512195122,0
0.211517199017199,0.3424657534246575,0.5,0.08310778505352874,0.6,0.8,0.6666666666666666,0.8571428571428571,0.6000000000000001,0.0,0.0,0.0,0.0,0.6020408163265305,0.951219512195122,0
0.49944717444717446,0.0958904109589041,0.25,0.13122613726916815,1.0,0.6,0.6666666666666666,0.7857142857142857,0.6000000000000001,0.0,0.0,0.0,0.0,0.39795918367346933,0.951219512195122,0
0.5777334152334153,0.32876712328767127,0.5,0.22981602743997506,0.06666666666666667,0.4,1.0,0.5714285714285714,0.8,0.0,1.0,0.0,0.0,0.39795918367346933,0.951219512195122,0
0.6944410319410319,0.2876712328767123,0.5,0.06874822437030108,0.9333333333333333,0.9333333333333333,0.6666666666666666,0.7142857142857142,0.2,0.0,1.0,0.0,0.0,0.5,0.951219512195122,1
0.7039926289926289,0.5890410958904109,0.875,0.12925198350829784,0.4666666666666667,0.7333333333333334,0.3333333333333333,0.7142857142857142,0.0,0.0,0.0,0.0,0.0,0.19387755102040813,0.6341463414634146,0
0.784490171990172,0.1232876712328767,0.5,0.23964175588123204,0.7333333333333333,0.5333333333333333,0.6666666666666666,0.5714285714285714,0.4,1.0,1.0,0.0,0.0,0.39795918367346933,0.951219512195122,0
0.5650798525798526,0.30136986301369856,0.625,0.14576170183279633,0.6,0.8,0.3333333333333333,0.8571428571428571,0.0,0.0,0.0,0.0,0.0,0.39795918367346933,0.951219512195122,0
0.7128685503685503,0.27397260273972607,0.5,0.1765582233309081,1.0,0.6,0.3333333333333333,0.07142857142857142,0.0,0.0,0.0,0.0,0.0,0.39795918367346933,0.951219512195122,0
0.2175061425061425,0.1917808219178082,0.5,0.06390465301597201,0.6,0.8,0.6666666666666666,0.8571428571428571,0.2,0.0,1.0,0.0,0.0,0.6530612244897959,0.951219512195122,1
0.9832309582309582,0.1232876712328767,0.5,0.12454491910057859,0.6,0.8,0.6666666666666666,0.7142857142857142,0.6000000000000001,0.0,1.0,0.0,0.0,0.39795918367346933,0.951219512195122,0
0.09090909090909091,0.0821917808219178,0.5,0.17755604060561966,0.6,0.8,0.6666666666666666,0.7142857142857142,0.2,0.0,0.0,0.0,0.0,0.5,0.951219512195122,0
0.7234950859950859,0.41095890410958896,0.875,0.09496725912067353,0.7333333333333333,0.5333333333333333,0.0,0.07142857142857142,0.8,0.0,0.0,0.0,0.0,0.37755102040816324,0.951219512195122,0
0.8397420147420147,0.6301369863013697,0.5,0.11328829297023871,0.0,0.33333333333333337,0.8333333333333333,0.5,0.2,1.0,0.0,0.0,0.0,0.39795918367346933,0.951219512195122,0
0.06735257985257985,0.1780821917808219,0.5,0.33013546755361534,0.4,0.26666666666666666,0.3333333333333333,0.42857142857142855,0.4,0.0,0.0,0.0,0.0,0.39795918367346933,0.6341463414634146,0
0.8091216216216216,0.0684931506849315,0.5,0.2750545681322108,0.13333333333333333,0.4666666666666667,0.6666666666666666,1.0,0.4,0.0,0.0,0.0,0.0,0.39795918367346933,0.951219512195122,0
0.65254914004914,0.1780821917808219,0.5,0.12149326126875239,0.7333333333333333,0.5333333333333333,0.3333333333333333,0.2857142857142857,0.0,0.0,0.0,0.0,0.0,0.5,0.951219512195122,0
0.9589373464373464,0.1643835616438356,0.25,0.11710286526002149,0.6,0.8,0.0,0.7142857142857142,0.2,0.0,0.0,0.0,0.0,0.5,0.951219512195122,0
0.5806818181818182,0.4246575342465753,0.5,0.03616671863631639,0.6,0.8,0.0,0.2857142857142857,0.2,0.0,0.0,0.0,0.0,0.4693877551020408,0.951219512195122,0
0.1488022113022113,0.2602739726027397,0.125,0.03813325018189377,0.7333333333333333,0.5333333333333333,0.3333333333333333,0.07142857142857142,0.0,0.0,0.0,0.0,0.0,0.39795918367346933,0.951219512195122,0
0.36603194103194103,0.136986301369863,0.5,0.011763156982988602,0.7333333333333333,0.5333333333333333,0.16666666666666666,0.21428571428571427,0.0,0.0,0.0,0.0,0.0,0.39795918367346933,0.951219512195122,1
0.8810810810810811,0.0410958904109589,0.0,0.13011537262238854,1.0,0.6,0.6666666666666666,0.0,0.6000000000000001,0.0,1.0,0.0,0.0,0.39795918367346933,0.0,0
0.1480958230958231,0.46575342465753417,0.5,0.11772996570003118,0.6,0.8,0.6666666666666666,0.7142857142857142,0.2,1.0,0.0,0.0,0.0,0.346938775510204,0.951219512195122,0
0.5522727272727272,0.2191780821917808,0.5,0.11887884142327547,0.7333333333333333,0.5333333333333333,0.3333333333333333,0.5714285714285714,1.0,0.0,1.0,0.0,0.0,0.37755102040816324,0.1951219512195122,0
0.29275184275184274,0.35616438356164376,0.5,0.09761632539930014,1.0,0.6,0.3333333333333333,0.07142857142857142,1.0,0.0,1.0,0.0,0.0,0.39795918367346933,0.951219512195122,0
0.12453931203931204,0.4520547945205479,0.625,0.10001593735924887,0.9333333333333333,0.9333333333333333,0.3333333333333333,0.7142857142857142,0.0,1.0,0.0,0.07688076880768807,0.0,0.5,0.7317073170731707,1
0.20036855036855036,0.4383561643835617,0.625,0.2428784256660777,0.8,0.8666666666666667,0.0,0.7142857142857142,0.8,0.0,0.0,1.0,0.0,0.8061224489795917,0.6341463414634146,1
0.014281326781326781,0.27397260273972607,0.5,0.07928697640577902,0.7333333333333333,0.5333333333333333,0.3333333333333333,0.07142857142857142,1.0,0.0,1.0,0.0,0.0,0.6020408163265305,0.951219512195122,0
0.7832002457002457,0.2876712328767123,0.875,0.2145709039254409,0.6666666666666666,1.0,0.3333333333333333,0.7142857142857142,0.0,0.0,0.0,0.0,0.0,0.39795918367346933,0.951219512195122,1
0.7793611793611793,0.0547945205479452,0.5,0.10006028479368048,1.0,0.6,0.6666666666666666,0.8571428571428571,0.6000000000000001,1.0,0.0,0.0,0.0,0.2959183673469387,0.4634146341463415,0
0.11004299754299754,0.35616438356164376,0.25,0.058079201746180226,1.0,0.6,0.3333333333333333,0.7857142857142857,0.0,0.0,0.0,0.0,0.4331955922865014,0.39795918367346933,0.951219512195122,1
0.28212530712530715,0.1780821917808219,0.5,0.051809583203409205,0.7333333333333333,0.5333333333333333,0.3333333333333333,0.21428571428571427,0.0,0.0,0.0,0.0,0.0,0.5,0.951219512195122,0
0.8150798525798526,0.5753424657534245,0.875,0.10199009112011918,0.4,0.26666666666666666,0.3333333333333333,1.0,0.0,0.0,0.0,0.0,0.0,0.39795918367346933,0.951219512195122,0
0.8291461916461916,0.0684931506849315,0.5,0.15999237778470707,0.6,0.8,0.6666666666666666,0.07142857142857142,0.6000000000000001,0.0,0.0,0.0,0.0,0.19387755102040813,0.951219512195122,0
0.3248771498771499,0.547945205479452,0.625,0.07750545681322107,1.0,0.6,0.3333333333333333,0.2857142857142857,0.0,0.0,0.0,0.0,0.0,0.39795918367346933,0.951219512195122,0
0.7671068796068796,0.0821917808219178,0.5,0.14674427467692203,0.7333333333333333,0.5333333333333333,0.3333333333333333,0.5,0.0,0.0,0.0,0.0,0.0,0.39795918367346933,0.951219512195122,0
0.06114864864864865,0.1232876712328767,0.5,0.1554093476076638,0.7333333333333333,0.5333333333333333,0.6666666666666666,0.42857142857142855,0.2,0.0,0.0,0.0,0.0,0.39795918367346933,0.951219512195122,0
0.5751535626535627,0.136986301369863,0.5,0.10554827980459411,0.6,0.8,0.8333333333333333,0.9285714285714285,0.6000000000000001,0.0,0.0,0.0,0.0,0.5,0.951219512195122,0
0.3348587223587223,0.30136986301369856,0.5,0.24842185497003083,0.7333333333333333,0.5333333333333333,0.6666666666666666,0.07142857142857142,0.8,1.0,1.0,0.0,0.0,0.39795918367346933,0.951219512195122,0
0.4920454545454545,0.0684931506849315,0.5,0.06918546235665038,0.7333333333333333,0.5333333333333333,0.6666666666666666,0.5714285714285714,0.2,1.0,1.0,0.0,0.0,0.39795918367346933,0.951219512195122,0
0.7760135135135134,0.1232876712328767,0.5,0.19091016179884282,1.0,0.6,0.3333333333333333,0.21428571428571427,0.0,0.0,0.0,0.0,0.0,0.44897959183673464,0.951219512195122,0
0.7703316953316953,0.32876712328767127,0.5,0.11321692131795032,1.0,0.6,0.3333333333333333,0.8571428571428571,0.0,0.0,0.0,0.0,0.0,0.39795918367346933,0.951219512195122,1
0.4614864864864865,0.0821917808219178,0.5,0.11394449641409417,0.06666666666666667,0.4,0.3333333333333333,0.5,0.0,0.0,0.0,0.0,0.0,0.39795918367346933,0.8048780487804879,0
0.7424447174447174,0.1643835616438356,0.625,0.06406264075113467,0.7333333333333333,0.5333333333333333,0.3333333333333333,0.21428571428571427,0.0,0.0,0.0,0.0,0.0,0.6020408163265305,0.951219512195122,0
0.3708538083538083,0.41095890410958896,0.5,0.18279596715518137,0.5333333333333333,0.6666666666666666,0.3333333333333333,0.5714285714285714,0.0,0.0,0.0,0.0,0.0,0.2551020408163265,0.951219512195122,0
0.5121621621621621,0.2191780821917808,0.5,0.2616824307937498,0.7333333333333333,0.5333333333333333,0.0,1.0,0.2,1.0,0.0,0.0,0.0,0.5510204081632653,0.951219512195122,0
0.3548218673218673,0.1780821917808219,0.875,0.15420365173405398,0.7333333333333333,0.5333333333333333,0.3333333333333333,0.5714285714285714,1.0,0.0,1.0,0.0,0.0,0.7244897959183673,0.951219512195122,0
0.6696253071253071,0.0684931506849315,0.0,0.05255240273013893,1.0,0.6,0.6666666666666666,0.0,0.6000000000000001,0.0,0.0,0.0,0.0,0.39795918367346933,0.951219512195122,0
0.44308968058968057,0.32876712328767127,0.875,0.24508956102969198,0.7333333333333333,0.5333333333333333,0.0,0.7857142857142857,0.2,0.0,0.0,0.0,0.0,0.39795918367346933,0.951219512195122,1
0.6237714987714987,0.32876712328767127,0.5,0.019959810137546337,0.7333333333333333,0.5333333333333333,0.3333333333333333,0.21428571428571427,0.0,0.0,0.0,0.0,0.4595959595959596,0.6020408163265305,0.951219512195122,0
0.6987407862407862,0.1232876712328767,0.0,0.10778505352873921,0.6,0.8,0.3333333333333333,0.0,1.0,0.0,1.0,0.0,0.0,0.19387755102040813,0.951219512195122,0
0.25555896805896805,0.46575342465753417,0.5,0.09810830475002598,1.0,0.6,0.3333333333333333,1.0,0.0,0.0,0.0,0.0,0.5975665748393021,0.39795918367346933,0.951219512195122,0
0.43157248157248157,0.3150684931506849,0.875,0.3075390638533763,0.06666666666666667,0.4,0.0,1.0,0.8,0.0,1.0,0.0,0.0,0.520408163265306,0.951219512195122,0
0.7680896805896805,0.0821917808219178,0.0,0.0876436960814884,0.6,0.8,0.6666666666666666,0.0,0.6000000000000001,0.0,0.0,0.02907029070290703,0.0,0.39795918367346933,0.951219512195122,0
0.8907555282555283,0.136986301369863,0.5,0.10618023074524477,0.7333333333333333,0.5333333333333333,0.3333333333333333,0.21428571428571427,0.0,0.0,0.0,0.0,0.0,0.39795918367346933,0.951219512195122,0
0.6102579852579852,0.821917808219178,0.5,0.23014932612687525,0.4,0.26666666666666666,0.3333333333333333,0.6428571428571428,1.0,1.0,1.0,0.0,0.0,0.09183673469387754,0.951219512195122,0
0.13227886977886977,0.5068493150684932,0.5,0.08392613380452482,1.0,0.6,0.3333333333333333,0.5,0.0,0.0,0.0,0.0,0.0,0.39795918367346933,0.951219512195122,0
0.6649262899262899,0.2602739726027397,0.5,0.14081557703634412,0.7333333333333333,0.5333333333333333,0.6666666666666666,0.21428571428571427,0.2,0.0,0.0,0.0,0.0,0.6530612244897959,0.951219512195122,0
0.18694717444717443,0.0273972602739726,0.875,0.06939472681287462,1.0,0.6,0.6666666666666666,0.07142857142857142,0.6000000000000001,0.0,0.0,0.0,0.0,0.09183673469387754,0.951219512195122,0
0.3777948402948403,0.4246575342465753,0.5,0.17531788102414858,0.6,0.8,0.3333333333333333,0.2857142857142857,0.0,0.0,0.0,0.0,0.0,0.39795918367346933,0.951219512195122,1
0.4866400491400491,0.3972602739726027,0.5,0.13513217614246614,0.7333333333333333,0.5333333333333333,0.6666666666666666,0.07142857142857142,0.2,0.0,1.0,0.0,0.0,0.36734693877551017,0.951219512195122,0
0.7445945945945945,0.2054794520547945,0.5,0.10276755707999861,1.0,0.6,0.6666666666666666,0.5714285714285714,0.6000000000000001,0.0,0.0,0.0,0.0,0.346938775510204,0.951219512195122,0
0.5389742014742015,0.3972602739726027,0.5,0.11274642275577729,0.7333333333333333,0.5333333333333333,0.0,0.07142857142857142,0.8,0.0,1.0,0.0,0.0,0.44897959183673464,0.951219512195122,0
0.5660012285012285,0.0958904109589041,0.5,0.14855212555867375,0.7333333333333333,0.5333333333333333,0.6666666666666666,0.5714285714285714,0.2,1.0,0.0,0.0,0.0,0.346938775510204,0.951219512195122,0
0.8067874692874692,0.35616438356164376,0.5,0.12935592280774696,1.0,0.6,0.3333333333333333,0.8571428571428571,0.0,0.0,0.0,0.0,0.0,0.37755102040816324,0.951219512195122,1
0.43384520884520883,0.3698630136986301,0.5,0.12146970169421058,0.7333333333333333,0.5333333333333333,0.3333333333333333,0.7857142857142857,0.0,0.0,0.0,0.0,0.0,0.39795918367346933,0.04878048780487805,0
0.9154484029484029,0.0273972602739726,0.0,0.01120465648061532,1.0,0.6,0.6666666666666666,0.0,0.6000000000000001,0.0,1.0,0.0,0.0,0.39795918367346933,0.951219512195122,0
0.07874692874692875,0.0273972602739726,0.5,0.08091605169247826,1.0,0.6,0.6666666666666666,0.8571428571428571,0.6000000000000001,1.0,0.0,0.0,0.0,0.2959183673469387,0.951219512195122,0
0.436517199017199,0.1506849315068493,0.0,0.17734608322073245,0.06666666666666667,0.4,0.6666666666666666,0.0,0.2,1.0,1.0,0.0,0.0,0.39795918367346933,0.951219512195122,0
0.09115479115479115,0.4383561643835617,0.625,0.06270034299968819,0.6,0.8,0.3333333333333333,0.8571428571428571,0.0,0.0,0.0,0.0,0.0,0.520408163265306,0.951219512195122,1
0.5151719901719901,0.2876712328767123,0.5,0.013004885147074109,0.7333333333333333,0.5333333333333333,0.0,0.2857142857142857,0.8,0.0,1.0,0.0,0.0,0.39795918367346933,0.951219512195122,0
0.42404791154791155,0.0,0.5,0.08339465752000831,0.06666666666666667,0.4,0.6666666666666666,0.8571428571428571,0.6000000000000001,0.0,1.0,0.0,0.0,0.14285714285714282,0.951219512195122,0
0.8845823095823095,0.0410958904109589,0.0,0.26982988601323493,0.7333333333333333,0.5333333333333333,0.6666666666666666,0.0,0.2,0.0,1.0,0.0,0.0,0.2959183673469387,0.951219512195122,0
0.8261977886977887,0.3424657534246575,0.5,0.051207428195267295,1.0,0.6,1.0,0.2857142857142857,0.2,1.0,1.0,0.0,0.0,0.39795918367346933,0.951219512195122,0
0.13095823095823095,0.4383561643835617,0.5,0.1332806707549458,0.6,0.8,0.3333333333333333,0.2857142857142857,0.0,0.0,0.0,0.0,0.0,0.39795918367346933,0.951219512195122,1
0.5199938574938575,0.136986301369863,0.5,0.0841291619027821,1.0,0.6,0.3333333333333333,0.7142857142857142,0.0,0.0,0.0,0.0,0.0,0.8877551020408162,0.951219512195122,0
0.1384213759213759,0.4794520547945205,0.5,0.10651214357481897,1.0,0.6,0.3333333333333333,0.5,0.0,0.0,0.0,0.0,0.0,0.39795918367346933,0.951219512195122,0
0.3042997542997543,0.2328767123287671,0.5,0.15949485500467728,0.6,0.8,0.3333333333333333,0.2857142857142857,0.0,0.0,0.0,0.07688076880768807,0.0,0.39795918367346933,0.951219512195122,1
0.5559582309582309,0.5342465753424657,0.5,0.1148515400339535,1.0,0.6,1.0,0.2857142857142857,0.2,0.0,0.0,0.04416044160441605,0.0,0.6020408163265305,0.951219512195122,0
0.4594287469287469,0.0273972602739726,0.5,0.04845303675986557,0.7333333333333333,0.5333333333333333,0.6666666666666666,0.8571428571428571,0.2,0.0,0.0,0.0,0.0,0.5,0.951219512195122,0
0.7798832923832923,0.30136986301369856,0.5,0.11907494023490282,0.06666666666666667,0.4,0.0,0.8571428571428571,0.4,0.0,1.0,0.0,0.0,0.39795918367346933,0.951219512195122,0
0.6929361179361179,0.3835616438356165,0.5,0.1498700758756886,0.7333333333333333,0.5333333333333333,0.3333333333333333,0.8571428571428571,1.0,0.0,1.0,0.0,0.0,0.346938775510204,0.951219512195122,0
0.48194103194103194,0.30136986301369856,0.625,0.07211516474378962,0.6,0.8,0.3333333333333333,0.8571428571428571,0.0,1.0,0.0,0.07688076880768807,0.0,0.39795918367346933,0.0,1
0.8616400491400491,0.27397260273972607,0.75,0.07458961299934172,0.7333333333333333,0.5333333333333333,0.3333333333333333,0.21428571428571427,0.0,0.0,0.0,0.0,0.0,0.39795918367346933,0.951219512195122,0
0.16744471744471745,0.1506849315068493,0.5,0.0978345979281433,0.6,0.8,0.6666666666666666,0.07142857142857142,0.6000000000000001,0.0,1.0,0.0,0.0,0.1530612244897959,0.1951219512195122,0
0.06802825552825553,0.2191780821917808,0.5,0.07963829123791705,1.0,0.6,0.3333333333333333,0.8571428571428571,0.0,0.0,0.0,0.0,0.0,0.47959183673469385,0.951219512195122,1
0.4543918918918919,0.5753424657534245,0.5,0.11265564910092506,0.7333333333333333,0.5333333333333333,0.3333333333333333,0.21428571428571427,0.0,0.0,0.0,0.0,0.3409090909090909,0.44897959183673464,0.951219512195122,1
0.6496621621621621,0.3972602739726027,0.5,0.16283892873228703,1.0,0.6,0.0,0.8571428571428571,0.8,0.0,1.0,0.0,0.0,0.39795918367346933,0.951219512195122,0
0.7486179361179361,0.0136986301369863,0.5,0.10603956622665696,0.7333333333333333,0.5333333333333333,0.6666666666666666,1.0,0.6000000000000001,0.0,0.0,0.0,0.0,0.2959183673469387,0.951219512195122,0
0.6413697788697789,0.0684931506849315,0.5,0.10050722378131172,1.0,0.6,0.6666666666666666,0.7142857142857142,0.6000000000000001,0.0,1.0,0.0,0.0,0.39795918367346933,0.951219512195122,0
0.9347665847665847,0.46575342465753417,0.5,0.16599521879222534,0.5333333333333333,0.6666666666666666,0.6666666666666666,0.2857142857142857,0.2,0.0,1.0,0.0,0.0,0.42857142857142855,0.951219512195122,0
0.4529176904176904,0.4383561643835617,0.5,0.09539133146242594,0.7333333333333333,0.5333333333333333,0.0,0.21428571428571427,0.2,0.0,0.0,0.0,0.43067033976124885,0.39795918367346933,0.951219512195122,0
0.41164004914004915,0.0958904109589041,0.5,0.08919239164328033,1.0,0.6,0.6666666666666666,0.2857142857142857,0.6000000000000001,0.0,0.0,0.0,0.0,0.24489795918367346,0.951219512195122,0
0.7360872235872236,0.3972602739726027,0.5,0.1241062952569033,0.7333333333333333,0.5333333333333333,0.3333333333333333,0.2857142857142857,1.0,0.0,1.0,0.0,0.0,0.2755102040816326,0.951219512195122,1
0.5732186732186733,0.41095890410958896,0.5,0.10731663375255517,0.7333333333333333,0.5333333333333333,0.0,0.5,0.2,0.0,0.0,0.04650046500465005,0.0,0.39795918367346933,0.951219512195122,0
0.06326781326781326,0.41095890410958896,0.5,0.05047569552714548,0.7333333333333333,0.5333333333333333,0.0,0.5714285714285714,0.2,1.0,1.0,0.0,0.0,0.39795918367346933,0.951219512195122,0
0.9931818181818182,0.2191780821917808,0.25,0.21247687350587258,0.7333333333333333,0.5333333333333333,0.0,1.0,0.2,0.0,1.0,0.0,0.0,0.346938775510204,0.951219512195122,0
0.5468980343980344,0.0547945205479452,0.25,0.01410387000658282,1.0,0.6,0.6666666666666666,0.7142857142857142,0.2,0.0,0.0,0.0,0.0,0.19387755102040813,0.951219512195122,0
0.3275184275184275,0.3835616438356165,0.5,0.05856148009562415,0.26666666666666666,0.13333333333333336,0.0,1.0,0.8,0.0,0.0,0.0,0.0,0.39795918367346933,0.951219512195122,0
0.4147113022113022,0.1506849315068493,0.5,0.013507258427744863,0.6,0.8,0.6666666666666666,0.42857142857142855,0.6000000000000001,0.0,0.0,0.0,0.0,0.39795918367346933,0.951219512195122,0
0.39576167076167074,0.136986301369863,0.5,0.08794927762186883,0.7333333333333333,0.5333333333333333,0.6666666666666666,0.5,0.8,1.0,1.0,0.0,0.0,0.39795918367346933,0.951219512195122,0
0.61007371007371,0.1917808219178082,0.5,0.11553061012368776,0.7333333333333333,0.5333333333333333,0.8333333333333333,0.21428571428571427,0.2,1.0,0.0,0.0,0.0,0.39795918367346933,0.951219512195122,0
0.0312960687960688,0.0273972602739726,0.0,0.07269930360669369,0.7333333333333333,0.5333333333333333,0.6666666666666666,0.0,0.6000000000000001,0.0,0.0,0.0,0.0,0.2959183673469387,0.951219512195122,0
0.09591523341523342,0.3424657534246575,0.5,0.028976197900426146,0.5333333333333333,0.6666666666666666,0.0,0.07142857142857142,0.8,0.0,1.0,0.0,0.0,0.39795918367346933,0.951219512195122,0
0.8579238329238329,0.2328767123287671,0.5,0.1167092817794408,1.0,0.6,0.3333333333333333,1.0,0.0,1.0,0.0,0.0,0.5002295684113865,0.39795918367346933,0.951219512195122,0
0.28964987714987717,0.0410958904109589,0.5,0.020397048123895645,1.0,0.6,0.6666666666666666,0.5714285714285714,0.6000000000000001,0.0,0.0,0.0,0.0,0.6020408163265305,0.951219512195122,0
0.7312960687960688,0.0273972602739726,0.25,0.11401863978103453,1.0,0.6,0.6666666666666666,0.5714285714285714,0.6000000000000001,1.0,1.0,0.0,0.0,0.346938775510204,0.951219512195122,0
0.16633906633906634,0.7808219178082192,0.5,0.13774728891660604,0.7333333333333333,0.5333333333333333,0.3333333333333333,0.5714285714285714,0.0,0.0,0.0,0.0,0.0,0.2959183673469387,0.951219512195122,0
0.9708538083538083,0.1780821917808219,0.25,0.022368430170113987,0.6,0.8,0.3333333333333333,0.7142857142857142,0.0,0.0,0.0,0.0,0.0,0.39795918367346933,0.951219512195122,0
0.5795761670761671,0.4794520547945205,0.5,0.09151924609361466,0.5333333333333333,0.6666666666666666,0.3333333333333333,0.21428571428571427,0.0,0.0,0.0,0.0,0.43663911845730025,0.39795918367346933,0.951219512195122,1
0.7716216216216216,0.1095890410958904,0.875,0.11682707965214982,1.0,0.6,0.3333333333333333,0.07142857142857142,1.0,1.0,1.0,0.0,0.0,0.39795918367346933,0.951219512195122,0
0.37177518427518425,0.2054794520547945,0.5,0.051639122752312645,0.7333333333333333,0.5333333333333333,0.0,0.07142857142857142,0.4,0.0,1.0,0.0,0.0,0.39795918367346933,0.951219512195122,0
0.7928132678132678,0.4931506849315069,0.5,0.1262626892561411,0.06666666666666667,0.4,1.0,0.5714285714285714,0.6000000000000001,0.0,1.0,0.0,0.0,0.4693877551020408,0.951219512195122,0
0.6298525798525798,0.3835616438356165,0.5,0.07198004365450576,0.7333333333333333,0.5333333333333333,0.8333333333333333,0.2857142857142857,0.2,0.0,1.0,0.0,0.0,0.39795918367346933,0.951219512195122,0
0.8541461916461917,0.1780821917808219,0.5,0.07146935522987909,0.6,0.8,0.3333333333333333,0.8571428571428571,0.0,0.0,0.0,0.0,0.0,0.39795918367346933,0.951219512195122,1
0.45055282555282555,0.0684931506849315,0.5,0.14074074074074075,0.7333333333333333,0.5333333333333333,0.6666666666666666,1.0,0.2,0.0,0.0,0.0,0.0,0.36734693877551017,0.951219512195122,0
0.4709152334152334,0.0273972602739726,0.5,0.1476000415757198,0.7333333333333333,0.5333333333333333,0.6666666666666666,0.5714285714285714,0.6000000000000001,1.0,1.0,0.0,0.0,0.39795918367346933,0.951219512195122,0
0.9788697788697789,0.30136986301369856,0.5,0.1122246474725427,0.6,0.8,0.3333333333333333,0.2857142857142857,0.0,0.0,0.0,0.15024150241502415,0.0,0.6020408163265305,0.951219512195122,1
0.7887899262899263,0.136986301369863,0.5,0.06496483387035304,0.6,0.8,0.0,0.7142857142857142,0.6000000000000001,0.0,1.0,0.0,0.0,0.5,0.951219512195122,0
0.7119471744471745,0.136986301369863,0.5,0.14677614939541975,0.7333333333333333,0.5333333333333333,0.3333333333333333,0.5,0.0,0.0,0.0,0.07298072980729807,0.0,0.39795918367346933,0.951219512195122,1
0.991492628992629,0.5068493150684932,0.5,0.11061843883172227,0.7333333333333333,0.5333333333333333,0.3333333333333333,1.0,0.0,0.0,0.0,0.0,0.0,0.7040816326530611,0.951219512195122,0
0.87002457002457,0.0547945205479452,0.5,0.16318054256314313,0.06666666666666667,0.4,0.6666666666666666,0.8571428571428571,0.6000000000000001,0.0,1.0,0.0,0.0,0.37755102040816324,0.951219512195122,0
0.7558968058968059,0.0684931506849315,0.5,0.03069466098465163,0.7333333333333333,0.5333333333333333,0.6666666666666666,0.3571428571428571,0.2,0.0,0.0,0.0,0.0,0.5,0.951219512195122,0
0.6459459459459459,0.1095890410958904,0.5,0.073137234521706,0.6,0.8,0.6666666666666666,0.7142857142857142,0.2,0.0,1.0,0.0,0.43067033976124885,0.39795918367346933,0.951219512195122,0
0.5601658476658476,0.5205479452054793,0.5,0.5118573952811557,0.3333333333333333,0.2,0.3333333333333333,0.21428571428571427,0.0,0.0,0.0,0.0,0.0,0.4081632653061224,0.951219512195122,0
0.6827702702702703,0.4520547945205479,0.5,0.15813394311055678,1.0,0.6,0.0,0.9285714285714285,0.2,0.0,1.0,0.0,0.0,0.3571428571428571,0.951219512195122,0
0.2644963144963145,0.0273972602739726,0.875,0.29065585697952395,0.06666666666666667,0.4,0.6666666666666666,0.5714285714285714,0.6000000000000001,0.0,0.0,0.0,0.0,0.2959183673469387,0.951219512195122,0
0.1133906633906634,0.3972602739726027,0.5,0.17984478397948933,0.7333333333333333,0.5333333333333333,0.3333333333333333,0.21428571428571427,0.0,0.0,0.0,0.0,0.0,0.39795918367346933,0.951219512195122,1
0.9922604422604422,0.27397260273972607,0.5,0.25327443439697883,1.0,0.6,0.3333333333333333,0.21428571428571427,0.0,0.0,0.0,0.03103031030310303,0.0,0.39795918367346933,0.951219512195122,1
0.37235872235872236,0.0958904109589041,0.5,0.012143574818972385,1.0,0.6,0.6666666666666666,0.7142857142857142,0.6000000000000001,0.0,1.0,0.0,0.0,0.39795918367346933,0.951219512195122,0
0.8917076167076167,0.1643835616438356,0.5,0.2382621349132107,1.0,0.6,0.6666666666666666,0.7142857142857142,0.4,0.0,1.0,0.0,0.0,0.39795918367346933,0.951219512195122,0
0.7122850122850123,0.0273972602739726,0.0,0.02311471434015868,1.0,0.6,0.6666666666666666,0.0,0.6000000000000001,0.0,1.0,0.0,0.0,0.24489795918367346,0.951219512195122,0
0.8708230958230958,0.6164383561643836,0.5,0.11500121262516023,0.6,0.8,0.3333333333333333,0.2857142857142857,0.0,0.0,0.0,0.0,0.0,0.346938775510204,0.951219512195122,1
0.1952088452088452,0.4383561643835617,0.75,0.13301181443370405,0.6,0.8,0.6666666666666666,0.8571428571428571,0.2,0.0,0.0,0.0,0.0,0.44897959183673464,0.951219512195122,0
0.9508599508599508,0.35616438356164376,0.5,0.10133596646225271,0.7333333333333333,0.5333333333333333,0.3333333333333333,0.21428571428571427,0.0,0.0,0.0,0.0,0.0,0.39795918367346933,0.951219512195122,1
0.682463144963145,0.2191780821917808,0.5,0.049465405536500015,0.7333333333333333,0.5333333333333333,0.6666666666666666,0.8571428571428571,0.6000000000000001,1.0,1.0,0.0,0.0,0.39795918367346933,0.951219512195122,0
0.8820945945945946,0.8630136986301369,0.75,0.1480144129161903,0.7333333333333333,0.5333333333333333,0.3333333333333333,0.5714285714285714,0.0,0.0,0.0,0.014090140901409014,0.0,0.39795918367346933,0.951219512195122,0
0.14121621621621622,0.0958904109589041,0.875,0.0768284655094758,0.8,0.8666666666666667,0.5,0.7142857142857142,0.2,1.0,1.0,0.0,0.0,0.09183673469387754,0.07317073170731708,0
0.95,0.3424657534246575,0.25,0.38640820427536987,0.6,0.8,0.3333333333333333,0.07142857142857142,0.0,0.0,0.0,0.0,0.0,0.44897959183673464,0.951219512195122,1
0.936517199017199,0.2191780821917808,0.5,0.06093822540969407,1.0,0.6,0.6666666666666666,0.5,0.2,1.0,0.0,0.0,0.0,0.39795918367346933,0.951219512195122,0
0.1578009828009828,0.32876712328767127,0.125,0.03162457125038977,1.0,0.6,0.6666666666666666,0.7857142857142857,0.6000000000000001,0.0,0.0,0.0,0.0,0.39795918367346933,0.951219512195122,0
0.2839987714987715,0.2465753424657534,0.875,0.07919065932162284,0.7333333333333333,0.5333333333333333,0.3333333333333333,0.21428571428571427,0.0,0.0,0.0,0.07298072980729807,0.0,0.39795918367346933,0.951219512195122,1
0.15638820638820639,0.2876712328767123,0.5,0.11106676367667949,1.0,0.6,0.0,0.21428571428571427,0.6000000000000001,0.0,0.0,0.0,0.0,0.5816326530612245,0.7560975609756098,0
0.15982800982800982,0.1780821917808219,0.75,0.014567439282125906,0.7333333333333333,0.5333333333333333,0.6666666666666666,0.21428571428571427,0.2,0.0,0.0,0.0,0.0,0.39795918367346933,0.951219512195122,0
0.1775184275184275,0.32876712328767127,0.5,0.22858261441984548,1.0,0.6,0.0,0.8571428571428571,0.2,0.0,1.0,0.0,0.0,0.14285714285714282,0.951219512195122,0
0.23894348894348894,0.30136986301369856,0.5,0.12875446072826804,0.6,0.8,0.0,0.2857142857142857,0.2,0.0,0.0,0.0,0.0,0.5,0.951219512195122,0
0.1911855036855037,0.2602739726027397,0.5,0.25723798634930534,1.0,0.6,0.3333333333333333,0.07142857142857142,1.0,1.0,1.0,1.0,0.0,0.39795918367346933,0.951219512195122,1
0.754514742014742,0.3972602739726027,0.5,0.049971936389148736,0.6,0.8,0.0,0.7142857142857142,0.2,0.0,0.0,0.0,0.0,0.44897959183673464,0.951219512195122,1
0.7163083538083538,0.2465753424657534,0.25,0.1461781519592558,0.6,0.8,0.0,0.7142857142857142,0.2,0.0,0.0,0.0,0.0,0.39795918367346933,0.951219512195122,0
0.5949938574938575,0.136986301369863,0.5,0.1326896026054118,0.4666666666666667,0.7333333333333334,0.3333333333333333,0.2857142857142857,0.0,0.0,0.0,0.0,0.0,0.5510204081632653,0.951219512195122,0
0.5053746928746928,0.1232876712328767,0.5,0.03174514083775075,1.0,0.6,0.6666666666666666,0.07142857142857142,0.2,0.0,1.0,0.0,0.45316804407713496,0.39795918367346933,0.951219512195122,0
0.4399570024570024,0.2876712328767123,0.5,0.01711810969060735,0.6,0.8,0.3333333333333333,0.5714285714285714,0.0,0.0,0.0,0.03908039080390804,0.0,0.7040816326530611,0.951219512195122,0
0.40417690417690416,0.1780821917808219,0.5,0.12297682153622284,0.6,0.8,0.6666666666666666,1.0,0.2,0.0,0.0,0.048650486504865045,0.0,0.39795918367346933,0.951219512195122,0
0.8489250614250614,0.32876712328767127,0.875,0.017125038977237293,0.8,0.8666666666666667,0.3333333333333333,0.7142857142857142,0.0,0.0,0.0,0.0,0.0,0.7551020408163265,0.951219512195122,1
0.08605651105651105,0.2465753424657534,0.5,0.1237639884973842,1.0,0.6,0.3333333333333333,0.7142857142857142,0.0,0.0,0.0,0.0,0.0,0.6020408163265305,0.951219512195122,0
0.6296683046683047,0.4794520547945205,0.5,0.1143893566157364,0.7333333333333333,0.5333333333333333,0.8333333333333333,0.5714285714285714,0.4,0.0,1.0,0.0,0.0,0.19387755102040813,0.951219512195122,0
0.3929054054054054,0.2191780821917808,0.5,0.15529293559228077,0.6,0.8,0.3333333333333333,0.8571428571428571,0.0,0.0,0.0,0.0,0.43663911845730025,0.5510204081632653,0.951219512195122,1
0.033323095823095825,0.1780821917808219,0.5,0.15866264768042132,0.5333333333333333,0.6666666666666666,0.3333333333333333,1.0,0.0,0.0,0.0,0.0,0.0,0.39795918367346933,0.951219512195122,0
0.9377457002457003,0.4520547945205479,0.75,0.08294148217441014,0.7333333333333333,0.5333333333333333,0.3333333333333333,0.5714285714285714,0.0,1.0,0.0,0.0,0.0,0.6020408163265305,0.8536585365853658,0
0.4502764127764128,0.41095890410958896,0.25,0.01654990818695215,0.8,0.8666666666666667,0.3333333333333333,0.7142857142857142,0.0,0.0,0.0,0.0,0.0,0.6020408163265305,0.951219512195122,1
0.0621007371007371,0.2054794520547945,0.5,0.10260679763018397,1.0,0.6,0.0,0.5714285714285714,0.4,0.0,0.0,0.0,0.0,0.39795918367346933,0.6585365853658537,0
0.6077702702702703,0.2054794520547945,0.75,0.01728649135571493,0.9333333333333333,0.9333333333333333,0.3333333333333333,0.7142857142857142,0.0,0.0,0.0,0.07688076880768807,0.0,0.44897959183673464,0.951219512195122,1
0.9269348894348894,0.2328767123287671,0.5,0.0560468419776184,1.0,0.6,0.0,0.5714285714285714,0.8,1.0,1.0,0.0,0.0,0.39795918367346933,0.951219512195122,0
0.1800982800982801,0.4246575342465753,0.5,0.23272632782455047,1.0,0.6,0.0,1.0,0.2,0.0,0.0,0.033250332503325035,0.0,0.5306122448979591,0.951219512195122,0
0.8553439803439803,0.1917808219178082,0.5,0.12297682153622284,0.7333333333333333,0.5333333333333333,0.6666666666666666,0.3571428571428571,0.2,0.0,0.0,0.0,0.459366391184573,0.39795918367346933,0.951219512195122,0
0.9177825552825553,0.1643835616438356,0.5,0.1530561618681357,0.6,0.8,0.3333333333333333,0.7142857142857142,1.0,0.0,1.0,0.0,0.0,0.4591836734693877,0.951219512195122,1
0.34367321867321865,0.0136986301369863,0.5,0.08201988705262793,1.0,0.6,0.6666666666666666,0.07142857142857142,0.6000000000000001,0.0,1.0,0.0,0.0,0.24489795918367346,0.951219512195122,0
0.4691953316953317,0.1917808219178082,0.5,0.1353982607490559,0.7333333333333333,0.5333333333333333,0.6666666666666666,0.5714285714285714,0.8,1.0,1.0,0.0,0.0,0.336734693877551,0.951219512195122,0
0.024477886977886977,0.1095890410958904,0.5,0.21092956380140665,0.7333333333333333,0.5333333333333333,0.6666666666666666,0.5,0.2,1.0,0.0,0.0,0.0,0.39795918367346933,0.951219512195122,0
0.3079238329238329,0.136986301369863,0.5,0.04199286283477116,0.7333333333333333,0.5333333333333333,0.6666666666666666,0.42857142857142855,0.4,1.0,0.0,0.0,0.0,0.39795918367346933,0.951219512195122,0
0.36716830466830463,0.3698630136986301,0.625,0.09618127013823927,0.7333333333333333,0.5333333333333333,0.3333333333333333,0.2857142857142857,0.0,0.0,0.0,0.0,0.4331955922865014,0.7040816326530611,0.951219512195122,1
0.9595823095823096,0.3150684931506849,0.5,0.0609825728441257,0.7333333333333333,0.5333333333333333,0.3333333333333333,0.8571428571428571,0.0,0.0,0.0,0.0,0.0,0.520408163265306,0.951219512195122,1
0.23581081081081082,0.1917808219178082,0.25,0.09486124103523542,0.6,0.8,0.3333333333333333,0.7857142857142857,0.0,0.0,0.0,0.0,0.0,0.9795918367346937,0.951219512195122,1
0.5838452088452089,0.0410958904109589,0.125,0.11518691750684266,1.0,0.6,0.6666666666666666,0.9285714285714285,0.2,0.0,0.0,0.0,0.0,0.39795918367346933,0.951219512195122,0
0.36646191646191645,0.0547945205479452,0.5,0.1449142500779545,0.7333333333333333,0.5333333333333333,0.6666666666666666,0.5714285714285714,0.6000000000000001,0.0,1.0,0.0,0.0,0.39795918367346933,0.951219512195122,0
0.3766584766584766,0.0273972602739726,0.5,0.20456016353116446,1.0,0.6,0.6666666666666666,0.5714285714285714,0.6000000000000001,0.0,1.0,0.0,0.0,0.1530612244897959,0.951219512195122,0
0.8757371007371008,0.46575342465753417,0.5,0.1362394761459308,0.6,0.8,0.8333333333333333,0.07142857142857142,0.8,0.0,1.0,0.0,0.0,0.39795918367346933,0.951219512195122,0
0.8792076167076167,0.6027397260273972,0.5,0.016189585282195197,1.0,0.6,0.3333333333333333,0.5714285714285714,0.0,0.0,0.0,0.0,0.0,0.05102040816326531,0.951219512195122,0
0.6354422604422604,0.35616438356164376,0.5,0.05520839829539549,0.6,0.8,0.3333333333333333,0.2857142857142857,0.0,0.0,0.0,0.0,0.0,0.44897959183673464,0.951219512195122,1
0.5058046683046683,0.0136986301369863,0.5,0.11899733222464746,0.06666666666666667,0.4,0.6666666666666666,0.8571428571428571,0.6000000000000001,0.0,1.0,0.0,0.0,0.19387755102040813,0.951219512195122,0
0.4457923832923833,0.1095890410958904,0.5,0.13706821882687178,0.06666666666666667,0.4,0.5,0.42857142857142855,0.2,0.0,1.0,0.0,0.0,0.39795918367346933,0.6341463414634146,0
0.4343058968058968,0.4794520547945205,0.5,0.1253029830578942,0.0,0.33333333333333337,0.3333333333333333,1.0,0.0,0.0,0.0,0.0,0.0,0.44897959183673464,0.951219512195122,0
0.4634213759213759,0.2876712328767123,0.5,0.18450750095277693,0.6,0.8,0.3333333333333333,0.8571428571428571,0.0,0.0,0.0,0.0,0.0,0.5,0.951219512195122,1
0.8504299754299754,0.2602739726027397,0.5,0.13378650867893152,0.7333333333333333,0.5333333333333333,0.5,0.5714285714285714,0.8,0.0,1.0,0.0,0.0,0.24489795918367346,0.951219512195122,0
0.9529791154791154,0.1917808219178082,0.5,0.14276894293732462,1.0,0.6,0.6666666666666666,0.5714285714285714,0.2,0.0,0.0,0.0,0.0,0.2959183673469387,0.951219512195122,0
0.434029484029484,0.1917808219178082,0.5,0.3045137373107439,0.7333333333333333,0.5333333333333333,0.6666666666666666,0.21428571428571427,0.2,0.0,0.0,0.0,0.0,0.5,0.951219512195122,0
0.8670454545454546,0.30136986301369856,0.5,0.1332099920313204,0.6666666666666666,1.0,0.3333333333333333,0.7142857142857142,0.0,0.0,0.0,0.0,0.0,0.5,0.951219512195122,1
0.45546683046683045,0.5890410958904109,0.625,0.25212070817309357,0.7333333333333333,0.5333333333333333,0.3333333333333333,0.07142857142857142,1.0,0.0,1.0,0.15024150241502415,0.0,0.14285714285714282,0.951219512195122,1
0.20135135135135135,0.5205479452054793,0.5,0.07247548764854658,0.6666666666666666,1.0,0.3333333333333333,0.7142857142857142,0.0,0.0,0.0,0.15024150241502415,0.0,0.2959183673469387,0.951219512195122,1
0.260012285012285,0.1095890410958904,0.5,0.24093129612306413,0.26666666666666666,0.13333333333333336,0.6666666666666666,0.07142857142857142,0.2,0.0,1.0,0.0,0.0,0.32653061224489793,0.6341463414634146,0
0.7911240786240786,0.0958904109589041,0.5,0.2504472854519627,1.0,0.6,0.6666666666666666,0.3571428571428571,0.2,0.0,0.0,0.0,0.0,0.19387755102040813,0.951219512195122,0
0.35162776412776414,0.1917808219178082,0.5,0.10534178706302186,1.0,0.6,0.0,0.07142857142857142,0.8,0.0,1.0,0.0,0.0,0.37755102040816324,0.951219512195122,0
0.024047911547911548,0.32876712328767127,0.75,0.025837231057062676,1.0,0.6,0.3333333333333333,0.2857142857142857,0.0,0.0,0.0,0.0,0.0,0.6020408163265305,0.951219512195122,0
0.07853194103194103,0.0684931506849315,0.25,0.07722135606139348,1.0,0.6,0.6666666666666666,0.7142857142857142,0.2,0.0,1.0,0.0,0.0,0.2040816326530612,0.951219512195122,0
0.49235257985257985,0.2465753424657534,0.5,0.109348993521117,0.7333333333333333,0.5333333333333333,0.5,0.5714285714285714,0.8,1.0,1.0,0.0,0.0,0.19387755102040813,0.951219512195122,0
0.8290847665847666,0.2191780821917808,0.5,0.14995738488722588,0.2,0.06666666666666667,0.3333333333333333,0.21428571428571427,0.2,0.0,0.0,0.0,0.5975665748393021,0.31632653061224486,0.6341463414634146,0
0.44063267813267815,0.32876712328767127,0.25,0.12339881509198629,0.6,0.8,0.6666666666666666,0.7142857142857142,0.2,0.0,1.0,0.0,0.0,0.7040816326530611,0.951219512195122,0
0.39745085995085994,0.0136986301369863,0.5,0.07731074385891973,0.06666666666666667,0.4,0.6666666666666666,0.8571428571428571,0.6000000000000001,0.0,1.0,0.0,0.0,0.48979591836734687,0.951219512195122,0
0.6085995085995086,0.1917808219178082,0.5,0.06865398607213387,0.6,0.8,0.6666666666666666,0.2857142857142857,0.2,0.0,0.0,0.0,0.0,0.39795918367346933,0.951219512195122,0
0.24514742014742014,0.5205479452054793,0.5,0.11340262619963275,0.7333333333333333,0.5333333333333333,0.0,0.6428571428571428,0.2,0.0,1.0,0.0,0.0,0.39795918367346933,0.24390243902439024,0
0.42696560196560196,0.0684931506849315,0.5,0.12381457228978275,0.7333333333333333,0.5333333333333333,0.3333333333333333,0.5714285714285714,0.0,0.0,0.0,0.0,0.0,0.39795918367346933,0.951219512195122,0
0.897051597051597,0.27397260273972607,0.625,0.0593846793472612,0.4666666666666667,0.7333333333333334,0.3333333333333333,0.8571428571428571,0.0,0.0,0.0,0.0,0.0,0.6836734693877551,0.951219512195122,0
0.5203624078624078,0.2602739726027397,0.5,0.1303225582926238,1.0,0.6,0.6666666666666666,0.21428571428571427,0.2,0.0,0.0,0.0,0.0,0.39795918367346933,0.951219512195122,0
0.3970208845208845,0.1232876712328767,0.5,0.09546963240134428,0.7333333333333333,0.5333333333333333,0.3333333333333333,0.8571428571428571,0.0,0.0,0.0,0.0,0.0,0.5,0.951219512195122,0
0.6978501228501228,0.3972602739726027,0.5,0.2517555347676957,0.6666666666666666,1.0,0.6666666666666666,0.7142857142857142,0.2,0.0,0.0,0.0,0.0,0.39795918367346933,0.951219512195122,1
0.24413390663390663,0.3972602739726027,0.5,0.25812285625194886,0.6,0.8,0.0,0.7142857142857142,0.8,1.0,1.0,0.0,0.0,0.31632653061224486,0.951219512195122,0
0.14993857493857493,0.1643835616438356,0.5,0.1344738939126217,0.0,0.33333333333333337,0.3333333333333333,0.21428571428571427,0.0,0.0,0.0,0.05013050130501305,0.0,0.39795918367346933,0.951219512195122,0
0.6646191646191646,0.1095890410958904,0.875,0.09716107126771299,1.0,0.6,0.6666666666666666,0.9285714285714285,0.2,1.0,0.0,0.0,0.0,0.39795918367346933,0.951219512195122,0
0.34155405405405403,0.35616438356164376,0.5,0.12025569067664484,1.0,0.6,0.3333333333333333,0.5,0.0,0.0,0.0,0.0,0.0,0.47959183673469385,0.951219512195122,1
0.0049754299754299755,0.3698630136986301,0.625,0.04579496240862003,0.8,0.8666666666666667,0.0,0.2857142857142857,0.8,1.0,1.0,0.0,0.0,0.39795918367346933,0.951219512195122,0
0.10703316953316953,0.5205479452054793,0.5,0.23353012507362367,0.6,0.8,0.3333333333333333,0.2857142857142857,0.0,0.0,0.0,0.0,0.0,0.39795918367346933,0.951219512195122,1
0.047665847665847666,0.5342465753424657,0.5,0.072662578387555,0.3333333333333333,0.2,0.0,0.5,0.2,0.0,1.0,0.0,0.0,0.39795918367346933,0.951219512195122,0
0.42285012285012286,0.27397260273972607,0.125,0.048205661227176656,0.7333333333333333,0.5333333333333333,0.0,0.7142857142857142,0.8,1.0,1.0,0.0,0.0,0.39795918367346933,0.0,0
0.29146191646191644,0.0136986301369863,0.0,0.17506080449017775,1.0,0.6,0.6666666666666666,0.0,0.6000000000000001,0.0,1.0,0.0,0.0,0.39795918367346933,0.951219512195122,0
0.09444103194103194,0.0136986301369863,0.5,0.08215639399923777,1.0,0.6,0.6666666666666666,0.8571428571428571,0.6000000000000001,0.0,1.0,0.0,0.0,0.14285714285714282,0.951219512195122,0
0.26584766584766584,0.2602739726027397,0.75,0.20896511104181825,0.6,0.8,0.0,0.5714285714285714,0.8,1.0,0.0,0.0,0.0,0.44897959183673464,0.951219512195122,1
0.5903869778869779,0.7671232876712328,0.5,0.1290517271246925,0.7333333333333333,0.5333333333333333,1.0,0.5714285714285714,0.4,0.0,1.0,0.0,0.0,0.31632653061224486,0.951219512195122,0
0.8604422604422605,0.0273972602739726,0.5,0.1273838478328656,0.7333333333333333,0.5333333333333333,0.6666666666666666,0.8571428571428571,0.6000000000000001,0.0,1.0,0.0,0.0,0.346938775510204,0.951219512195122,0
0.2053132678132678,0.0273972602739726,0.5,0.18824100058898938,1.0,0.6,0.6666666666666666,0.07142857142857142,0.6000000000000001,0.0,0.0,0.0,0.0,0.24489795918367346,0.951219512195122,0
0.4609029484029484,0.30136986301369856,0.5,0.03821362990680109,0.6,0.8,0.6666666666666666,0.2857142857142857,0.2,0.0,1.0,0.0,0.0,0.39795918367346933,0.951219512195122,0
0.2951167076167076,0.2876712328767123,0.5,0.006760904964833871,0.5333333333333333,0.6666666666666666,0.6666666666666666,0.7142857142857142,0.2,0.0,1.0,0.0,0.0,0.38775510204081626,0.951219512195122,0
0.19932432432432431,0.46575342465753417,0.5,0.08770190208917991,0.7333333333333333,0.5333333333333333,0.3333333333333333,0.21428571428571427,0.0,0.0,0.0,0.0,0.0,0.39795918367346933,0.951219512195122,0
0.238022113022113,0.0821917808219178,0.0,0.04203859612652877,0.7333333333333333,0.5333333333333333,0.6666666666666666,0.0,0.2,0.0,0.0,0.0,0.0,0.39795918367346933,0.951219512195122,0
0.6181511056511056,0.2465753424657534,0.5,0.15917472196237398,0.7333333333333333,0.5333333333333333,0.6666666666666666,0.8571428571428571,0.2,0.0,0.0,0.04787047870478705,0.0,0.39795918367346933,0.951219512195122,1
0.0796990171990172,0.2465753424657534,0.5,0.2172449156359353,0.4666666666666667,0.7333333333333334,0.0,0.42857142857142855,0.8,0.0,1.0,0.0,0.0,0.2346938775510204,0.951219512195122,0
0.4693796068796069,0.5068493150684932,0.75,0.06730277517929528,0.6,0.8,0.3333333333333333,0.3571428571428571,0.0,0.0,0.0,0.0,0.0,0.5,0.951219512195122,0
0.5385749385749385,0.0547945205479452,0.5,0.26483664206769914,1.0,0.6,0.6666666666666666,0.07142857142857142,0.6000000000000001,0.0,1.0,0.0,0.0,0.39795918367346933,0.951219512195122,0
0.5696560196560196,0.0958904109589041,0.5,0.0964265668849392,0.7333333333333333,0.5333333333333333,0.6666666666666666,0.5,0.4,1.0,1.0,0.0,0.0,0.2959183673469387,0.951219512195122,0
0.5492014742014741,0.4520547945205479,0.0,0.18654956172262066,1.0,0.6,0.3333333333333333,0.0,0.0,0.0,0.0,0.0,0.0,0.39795918367346933,0.951219512195122,0
0.6339066339066339,0.2465753424657534,0.75,0.15104666874545267,1.0,0.6,0.3333333333333333,0.5714285714285714,0.0,0.0,0.0,0.0,0.0,0.39795918367346933,0.951219512195122,0
0.5321253071253071,0.2191780821917808,0.0,0.02585178255898555,1.0,0.6,0.3333333333333333,0.0,1.0,1.0,1.0,0.0,0.0,0.2959183673469387,0.951219512195122,0
0.5660626535626535,0.2191780821917808,0.5,0.2098589890170807,0.7333333333333333,0.5333333333333333,0.3333333333333333,0.8571428571428571,0.0,0.0,0.0,0.0,0.0,0.39795918367346933,0.12195121951219512,1
0.7138820638820639,0.5616438356164384,0.5,0.16384575407961752,0.7333333333333333,0.5333333333333333,0.3333333333333333,0.3571428571428571,0.0,0.0,0.0,0.0,0.0,0.5306122448979591,0.951219512195122,1
0.8777334152334152,0.35616438356164376,0.5,0.06437515157814502,0.7333333333333333,0.5333333333333333,0.6666666666666666,0.5714285714285714,0.2,1.0,0.0,0.0,0.0,0.39795918367346933,0.34146341463414637,0
0.5005528255528255,0.0273972602739726,0.5,0.2293004885147074,1.0,0.6,0.6666666666666666,0.8571428571428571,0.6000000000000001,0.0,1.0,0.0,0.0,0.24489795918367346,0.951219512195122,0
0.6610872235872236,0.0136986301369863,0.5,0.10205176177112565,0.06666666666666667,0.4,0.6666666666666666,1.0,0.6000000000000001,0.0,0.0,0.0,0.0,0.19387755102040813,0.951219512195122,0
0.18719287469287468,0.1917808219178082,0.5,0.23483490974604165,0.7333333333333333,0.5333333333333333,0.0,0.5714285714285714,0.8,0.0,0.0,0.0,0.0,0.39795918367346933,0.951219512195122,0
0.6856572481572482,0.6027397260273972,0.75,0.2104368915220178,0.7333333333333333,0.5333333333333333,0.3333333333333333,1.0,0.0,1.0,0.0,0.0,0.0,0.39795918367346933,0.951219512195122,0
0.11354422604422604,0.1506849315068493,0.5,0.1591033503100856,0.7333333333333333,0.5333333333333333,0.3333333333333333,0.8571428571428571,0.0,0.0,0.0,0.0,0.37373737373737376,0.39795918367346933,0.951219512195122,0
0.2807125307125307,0.821917808219178,0.0,0.011359179572463013,0.8,0.8666666666666667,0.3333333333333333,0.0,0.0,0.0,0.0,0.09386093860938609,0.0,0.05102040816326531,0.951219512195122,1
0.7097665847665847,0.2465753424657534,0.5,0.25589716938641166,1.0,0.6,0.3333333333333333,0.21428571428571427,0.0,1.0,0.0,0.0,0.0,0.44897959183673464,0.951219512195122,1
0.3783476658476658,0.1643835616438356,0.5,0.13263486124103524,0.6,0.8,0.3333333333333333,0.7142857142857142,0.6000000000000001,0.0,0.0,0.0,0.0,0.7551020408163265,0.951219512195122,0
0.07346437346437346,0.2465753424657534,0.5,0.06867061636004573,1.0,0.6,0.3333333333333333,0.42857142857142855,0.0,0.0,0.0,0.0,0.3624885215794307,0.39795918367346933,0.951219512195122,0
0.49023341523341524,0.0547945205479452,0.5,0.2750545681322108,0.7333333333333333,0.5333333333333333,0.6666666666666666,0.21428571428571427,0.2,0.0,0.0,0.0,0.0,0.39795918367346933,0.3170731707317073,0
0.639004914004914,0.5068493150684932,0.625,0.08117451408377507,0.6,0.8,0.3333333333333333,0.2857142857142857,0.0,0.0,0.0,0.15024150241502415,0.0,0.39795918367346933,0.951219512195122,1
0.4267813267813268,0.5205479452054793,0.5,0.11791913522502857,0.7333333333333333,0.5333333333333333,0.3333333333333333,0.21428571428571427,0.0,0.0,0.0,0.15024150241502415,0.0,0.346938775510204,0.951219512195122,1
0.1230036855036855,0.1917808219178082,0.5,0.13506288327616672,1.0,0.6,0.3333333333333333,0.21428571428571427,0.0,0.0,0.0,0.0,0.0,0.39795918367346933,0.951219512195122,1
0.3613943488943489,0.2876712328767123,0.875,0.23177147212694454,0.7333333333333333,0.5333333333333333,0.0,0.07142857142857142,0.8,0.0,1.0,0.0,0.0,0.39795918367346933,0.951219512195122,0
0.8758599508599508,0.2876712328767123,0.5,0.008042822991373039,0.7333333333333333,0.5333333333333333,0.3333333333333333,0.5,1.0,0.0,1.0,0.0,0.0,0.39795918367346933,0.951219512195122,0
0.858968058968059,0.27397260273972607,0.75,0.11880261927034612,0.7333333333333333,0.5333333333333333,0.3333333333333333,0.7142857142857142,0.0,0.0,0.0,0.03137031370313703,0.0,0.2959183673469387,0.951219512195122,0
0.6748157248157248,0.726027397260274,0.5,0.1450424418806084,1.0,0.6,1.0,0.8571428571428571,0.2,0.0,1.0,0.0,0.0,0.336734693877551,0.951219512195122,0
0.8641891891891892,0.2191780821917808,0.0,0.1917756296989225,0.7333333333333333,0.5333333333333333,0.0,0.0,0.2,1.0,0.0,0.0,0.39967860422405876,0.39795918367346933,0.951219512195122,0
0.2521191646191646,0.2465753424657534,0.5,0.09848248622804281,0.6,0.8,0.3333333333333333,0.2857142857142857,0.0,0.0,0.0,0.0,0.0,0.5,0.951219512195122,1
0.5431203931203931,0.2876712328767123,0.5,0.006901569483421681,1.0,0.6,0.0,0.2857142857142857,0.2,0.0,0.0,0.0,0.0,0.5,0.951219512195122,0
0.37315724815724816,0.0821917808219178,0.5,0.05800090080726189,1.0,0.6,0.6666666666666666,0.5714285714285714,0.6000000000000001,0.0,1.0,0.0,0.0,0.2959183673469387,0.951219512195122,0
0.2801597051597052,0.2328767123287671,0.5,0.13160447631916294,0.7333333333333333,0.5333333333333333,0.6666666666666666,0.5714285714285714,0.8,1.0,1.0,0.0,0.0,0.39795918367346933,0.951219512195122,0
0.19189189189189187,0.5342465753424657,0.5,0.0491362644215778,0.7333333333333333,0.5333333333333333,0.3333333333333333,0.2857142857142857,0.0,0.0,0.0,0.0,0.0,0.5,0.951219512195122,0
0.9222358722358722,0.0273972602739726,0.5,0.019035443301112148,1.0,0.6,0.6666666666666666,0.5714285714285714,0.6000000000000001,0.0,1.0,0.0,0.0,0.14285714285714282,0.951219512195122,0
0.7109029484029484,0.136986301369863,0.5,0.12684197761840418,1.0,0.6,0.6666666666666666,0.5,0.2,0.0,1.0,0.0,0.0,0.39795918367346933,0.951219512195122,0
0.994963144963145,0.5342465753424657,0.5,0.0853501022069778,0.7333333333333333,0.5333333333333333,0.0,0.9285714285714285,0.2,1.0,1.0,0.0,0.0,0.39795918367346933,0.951219512195122,0
0.013912776412776412,0.3424657534246575,0.5,0.12839829539548905,0.4666666666666667,0.7333333333333334,0.3333333333333333,0.2857142857142857,0.0,1.0,0.0,0.0,0.0,0.39795918367346933,0.0,1
0.08921990171990171,0.4931506849315069,0.5,0.23959463673214842,0.06666666666666667,0.4,0.0,0.5714285714285714,0.8,0.0,1.0,0.0,0.0,0.39795918367346933,0.951219512195122,0
0.8769348894348894,0.1095890410958904,0.5,0.09885043134809271,0.6,0.8,0.3333333333333333,0.8571428571428571,0.0,0.0,0.0,0.0,0.0,0.39795918367346933,0.951219512195122,1
0.7918304668304668,0.2465753424657534,0.5,0.3066611232373627,1.0,0.6,0.3333333333333333,0.21428571428571427,0.0,0.0,0.0,0.0,0.0,0.39795918367346933,0.951219512195122,1
0.8165233415233415,0.5890410958904109,0.0,0.12192149118248276,0.7333333333333333,0.5333333333333333,0.0,0.0,0.2,0.0,1.0,0.0,0.0,0.39795918367346933,0.951219512195122,0
0.8105958230958231,0.2191780821917808,0.25,0.24503551259397843,0.7333333333333333,0.5333333333333333,0.3333333333333333,0.5714285714285714,0.0,1.0,0.0,0.02105021050210502,0.0,0.39795918367346933,0.951219512195122,0
0.33513513513513515,0.2191780821917808,0.5,0.11871738904479782,0.7333333333333333,0.5333333333333333,0.3333333333333333,0.5,0.0,0.0,0.0,0.0,0.0,0.39795918367346933,0.951219512195122,1
0.007739557739557739,0.5753424657534245,0.25,0.11020545334857776,0.0,0.33333333333333337,1.0,0.5714285714285714,0.8,1.0,1.0,0.0,0.0,0.2959183673469387,0.951219512195122,0
0.9639742014742014,0.2328767123287671,0.875,0.07363475730173578,0.6,0.8,0.3333333333333333,0.9285714285714285,0.6000000000000001,0.0,1.0,0.051780517805178054,0.0,0.24489795918367346,0.0,1
0.01471130221130221,0.0821917808219178,0.5,0.12862072549631018,0.7333333333333333,0.5333333333333333,0.6666666666666666,0.5714285714285714,0.8,0.0,1.0,0.0,0.0,0.346938775510204,0.951219512195122,0
0.7797911547911548,0.0410958904109589,0.5,0.18229012923119567,0.5333333333333333,0.6666666666666666,0.6666666666666666,0.9285714285714285,0.6000000000000001,0.0,1.0,0.0,0.0,0.24489795918367346,0.951219512195122,0
0.2497850122850123,0.1917808219178082,0.875,0.168759311228909,0.4666666666666667,0.7333333333333334,0.6666666666666666,0.07142857142857142,0.6000000000000001,1.0,1.0,0.0,0.0,0.44897959183673464,0.951219512195122,0
0.31679975429975427,0.0958904109589041,0.5,0.21421889616463985,0.6,0.8,0.6666666666666666,0.07142857142857142,0.2,0.0,0.0,0.0,0.0,0.39795918367346933,0.951219512195122,0
0.214004914004914,0.1917808219178082,0.5,0.07336451512316806,0.7333333333333333,0.5333333333333333,0.3333333333333333,0.5714285714285714,0.0,0.0,0.0,0.0,0.0,0.39795918367346933,0.951219512195122,0
0.8052518427518427,0.3424657534246575,0.875,0.14371132591899666,0.8,0.8666666666666667,0.0,0.2857142857142857,0.2,0.0,0.0,0.0,0.0,0.44897959183673464,0.951219512195122,0
0.4287162162162162,0.1780821917808219,0.5,0.1220337456258878,0.7333333333333333,0.5333333333333333,0.5,0.07142857142857142,0.2,0.0,1.0,0.0,0.0,0.2959183673469387,0.951219512195122,0
0.07005528255528255,0.0136986301369863,0.0,0.07480719259952187,0.06666666666666667,0.4,0.6666666666666666,0.0,0.6000000000000001,0.0,0.0,0.0,0.0,0.26530612244897955,0.951219512195122,0
0.15552825552825553,0.0136986301369863,0.0,0.10498077122960191,1.0,0.6,0.6666666666666666,0.0,0.6000000000000001,0.0,1.0,0.0,0.0,0.39795918367346933,0.951219512195122,0
0.9816339066339066,0.136986301369863,0.5,0.14107196064165195,0.7333333333333333,0.5333333333333333,0.6666666666666666,0.5,0.6000000000000001,1.0,0.0,0.0,0.0,0.39795918367346933,0.951219512195122,0
0.8722358722358722,0.1095890410958904,0.625,0.1030537366178152,0.7333333333333333,0.5333333333333333,0.3333333333333333,0.2857142857142857,0.0,0.0,0.0,0.0,0.0,0.39795918367346933,0.951219512195122,0
0.014987714987714987,0.3835616438356165,0.25,0.10542355264525517,0.6,0.8,0.0,0.7142857142857142,0.8,0.0,1.0,0.0,0.0,0.39795918367346933,0.951219512195122,0
0.8923832923832924,0.3972602739726027,0.125,0.01490420261234106,0.6,0.8,0.3333333333333333,0.9285714285714285,0.0,0.0,0.0,0.03103031030310303,0.0,0.39795918367346933,0.951219512195122,1
0.17653562653562654,0.32876712328767127,0.5,0.1315753733153172,1.0,0.6,0.3333333333333333,0.2857142857142857,0.0,0.0,0.0,0.0,0.0,0.6020408163265305,0.951219512195122,1
0.10328624078624078,0.2602739726027397,0.5,0.18870595572185844,1.0,0.6,0.3333333333333333,0.2857142857142857,0.0,0.0,0.0,0.0,0.0,0.39795918367346933,0.951219512195122,0
0.1906019656019656,0.3150684931506849,0.5,0.21585074316599107,1.0,0.6,0.3333333333333333,0.5714285714285714,0.0,0.0,0.0,0.0,0.0,0.39795918367346933,0.951219512195122,0
0.06676904176904176,0.3424657534246575,0.5,0.10928177944080657,0.7333333333333333,0.5333333333333333,0.3333333333333333,0.8571428571428571,0.0,0.0,0.0,0.0,0.0,0.47959183673469385,0.951219512195122,0
0.239004914004914,0.0958904109589041,0.5,0.11237639884973842,0.6,0.8,0.6666666666666666,0.8571428571428571,0.2,0.0,1.0,0.0,0.0,0.5,0.951219512195122,0
0.35795454545454547,0.3972602739726027,0.125,0.21708623497210963,0.7333333333333333,0.5333333333333333,0.6666666666666666,0.42857142857142855,0.2,0.0,0.0,0.0,0.0,0.39795918367346933,0.951219512195122,0
0.5773648648648648,0.0821917808219178,0.5,0.07140006236357967,1.0,0.6,0.6666666666666666,0.8571428571428571,0.6000000000000001,0.0,1.0,0.0,0.0,0.19387755102040813,0.951219512195122,0
0.3693181818181818,0.1506849315068493,0.5,0.12773169802168868,0.7333333333333333,0.5333333333333333,0.5,0.9285714285714285,0.2,0.0,1.0,0.0,0.0,0.36734693877551017,0.951219512195122,0
0.9269963144963145,0.35616438356164376,0.5,0.21916294217510307,1.0,0.6,0.0,0.5,0.8,1.0,1.0,0.0,0.0,0.37755102040816324,0.951219512195122,0
0.32552211302211304,0.0821917808219178,0.5,0.06618577417454873,1.0,0.6,0.6666666666666666,0.07142857142857142,0.6000000000000001,0.0,1.0,0.0,0.3712121212121212,0.24489795918367346,0.951219512195122,0
0.5879299754299754,0.4931506849315069,0.25,0.14163877628798116,0.6666666666666666,1.0,0.0,0.7142857142857142,0.2,0.0,1.0,0.1052010520105201,0.0,0.39795918367346933,0.951219512195122,1
0.354514742014742,0.6575342465753424,0.5,0.1337518622457818,0.7333333333333333,0.5333333333333333,0.3333333333333333,0.07142857142857142,0.0,0.0,0.0,0.0,0.0,0.19387755102040813,0.951219512195122,0
0.7119164619164619,0.2191780821917808,0.5,0.10206076984374458,0.3333333333333333,0.2,0.3333333333333333,0.07142857142857142,0.0,0.0,0.0,0.0,0.0,0.44897959183673464,0.951219512195122,0
0.8366400491400491,0.1232876712328767,0.5,0.13269029553407477,1.0,0.6,0.6666666666666666,0.8571428571428571,0.2,1.0,1.0,0.0,0.0,0.36734693877551017,0.951219512195122,0
0.1496007371007371,0.1095890410958904,0.5,0.2453875203547795,0.7333333333333333,0.5333333333333333,0.6666666666666666,0.07142857142857142,0.6000000000000001,0.0,1.0,0.0,0.0,0.39795918367346933,0.951219512195122,0
0.9370085995085995,0.0684931506849315,0.5,0.06957558119391609,0.7333333333333333,0.5333333333333333,0.3333333333333333,0.21428571428571427,0.0,0.0,0.0,0.0,0.0,0.346938775510204,0.951219512195122,0
0.11511056511056511,0.2465753424657534,0.5,0.22312718705609258,1.0,0.6,0.3333333333333333,0.21428571428571427,0.0,0.0,0.0,0.0,0.0,0.5,0.951219512195122,0
0.24735872235872236,0.3424657534246575,0.5,0.08328725357724422,0.4666666666666667,0.7333333333333334,0.0,0.7142857142857142,0.2,0.0,1.0,0.0,0.0,0.2346938775510204,0.951219512195122,0
0.1771191646191646,0.4520547945205479,0.5,0.07701486331982123,1.0,0.6,0.3333333333333333,0.21428571428571427,0.0,0.0,0.0,0.0,0.0,0.39795918367346933,0.951219512195122,1
0.29536240786240786,0.5890410958904109,0.5,0.08043654505768631,1.0,0.6,0.0,0.7142857142857142,0.8,0.0,0.0,0.033250332503325035,0.0,0.4183673469387755,0.951219512195122,0
0.3667997542997543,0.4520547945205479,0.25,0.20736998925960573,0.8,0.8666666666666667,0.3333333333333333,0.7142857142857142,0.0,0.0,0.0,0.07688076880768807,0.0,0.5,0.951219512195122,1
0.505036855036855,0.1643835616438356,0.5,0.12759241936042687,0.7333333333333333,0.5333333333333333,0.6666666666666666,0.2857142857142857,0.2,0.0,1.0,0.0,0.0,0.44897959183673464,0.951219512195122,0
0.1398955773955774,0.32876712328767127,0.5,0.03814849461247964,0.06666666666666667,0.4,0.3333333333333333,0.42857142857142855,0.0,0.0,0.0,0.07688076880768807,0.0,0.39795918367346933,0.951219512195122,1
0.7208538083538083,0.2054794520547945,0.5,0.22771853237709178,0.6,0.8,0.6666666666666666,0.7142857142857142,0.2,0.0,0.0,0.0,0.0,0.5,0.951219512195122,1
0.3849815724815725,0.4246575342465753,0.5,0.09095173751862246,0.7333333333333333,0.5333333333333333,0.0,1.0,0.2,0.0,0.0,0.0,0.0,0.39795918367346933,0.951219512195122,0
0.3353194103194103,0.0410958904109589,0.5,0.15542874961022762,0.13333333333333333,0.4666666666666667,0.6666666666666666,0.7142857142857142,0.2,0.0,1.0,0.0,0.0,0.346938775510204,0.5365853658536586,0
0.9692874692874692,0.3150684931506849,0.5,0.013398468627654784,0.7333333333333333,0.5333333333333333,0.5,0.07142857142857142,0.8,0.0,1.0,0.0,0.0,0.39795918367346933,0.951219512195122,0
0.5777641277641278,0.3972602739726027,0.625,0.06802619270346118,0.8,0.8666666666666667,0.3333333333333333,0.2857142857142857,0.0,0.0,0.0,0.0,0.0,0.5510204081632653,0.951219512195122,1
0.9531941031941031,0.0684931506849315,0.0,0.12967536292138726,1.0,0.6,0.6666666666666666,0.0,0.2,0.0,1.0,0.0,0.0,0.39795918367346933,0.951219512195122,0
0.4554054054054054,0.0958904109589041,0.5,0.1935301250736237,0.7333333333333333,0.5333333333333333,0.3333333333333333,0.8571428571428571,0.0,0.0,0.0,0.0,0.0,0.5,0.951219512195122,0
0.22693488943488943,0.1643835616438356,0.5,0.1532314728198732,0.6,0.8,0.3333333333333333,0.21428571428571427,0.0,0.0,0.0,0.03411034110341103,0.0,0.44897959183673464,0.951219512195122,0
0.4991400491400491,0.6027397260273972,0.5,0.10946679139382601,0.7333333333333333,0.5333333333333333,0.3333333333333333,0.2857142857142857,1.0,0.0,1.0,0.15024150241502415,0.0,0.37755102040816324,0.951219512195122,1
0.5567874692874692,0.3698630136986301,0.5,0.11069327512732564,0.5333333333333333,0.6666666666666666,0.3333333333333333,0.07142857142857142,0.0,0.0,0.0,0.07298072980729807,0.0,0.510204081632653,0.951219512195122,1
0.36455773955773957,0.41095890410958896,0.5,0.21891764542840317,1.0,0.6,0.3333333333333333,0.9285714285714285,0.0,0.0,0.0,0.07298072980729807,0.0,0.39795918367346933,0.951219512195122,1
0.4030712530712531,0.0821917808219178,0.5,0.11729342064234487,0.7333333333333333,0.5333333333333333,0.6666666666666666,0.5714285714285714,0.6000000000000001,1.0,0.0,0.0,0.0,0.24489795918367346,0.951219512195122,0
0.4892199017199017,0.2054794520547945,0.5,0.07403180542563143,0.6,0.8,0.6666666666666666,0.7142857142857142,0.6000000000000001,0.0,0.0,0.0,0.0,0.39795918367346933,0.951219512195122,0
0.9382371007371008,0.1917808219178082,0.25,0.12303502754391436,0.7333333333333333,0.5333333333333333,0.0,0.7857142857142857,0.2,0.0,0.0,0.0,0.0,0.4693877551020408,0.951219512195122,1
0.02119164619164619,0.5068493150684932,0.25,0.06978831029345528,1.0,0.6,0.3333333333333333,0.3571428571428571,0.0,0.0,0.0,0.0,0.0,0.39795918367346933,0.951219512195122,0
0.23264742014742015,0.3424657534246575,0.75,0.0635380937532481,0.5333333333333333,0.6666666666666666,0.3333333333333333,0.7142857142857142,0.0,0.0,0.0,0.0,0.0,0.5,0.951219512195122,0
0.5064189189189189,0.0684931506849315,0.5,0.2696642760627794,1.0,0.6,0.3333333333333333,1.0,0.0,0.0,0.0,0.0,0.0,0.47959183673469385,0.951219512195122,1
0.04496314496314496,0.3150684931506849,0.5,0.06118490801371998,0.0,0.33333333333333337,0.0,0.21428571428571427,0.2,1.0,0.0,0.0,0.0,0.39795918367346933,0.951219512195122,0
0.6887592137592138,0.0,0.5,0.02747739320236981,0.06666666666666667,0.4,0.6666666666666666,0.8571428571428571,0.6000000000000001,0.0,1.0,0.0,0.0,0.14285714285714282,0.951219512195122,0
0.3542076167076167,0.0958904109589041,0.5,0.111834528635277,0.5333333333333333,0.6666666666666666,0.3333333333333333,0.5714285714285714,0.0,0.0,0.0,0.0,0.0,0.19387755102040813,0.951219512195122,0
0.41446560196560195,0.6575342465753424,0.5,0.07179087412950837,0.6,0.8,0.3333333333333333,1.0,0.0,0.0,0.0,0.0,0.0,0.19387755102040813,0.951219512195122,0
0.4292997542997543,0.1643835616438356,0.125,0.0780708866022243,0.5333333333333333,0.6666666666666666,0.3333333333333333,0.9285714285714285,0.0,0.0,0.0,0.0,0.0,0.4183673469387755,0.951219512195122,1
0.08249385749385749,0.4383561643835617,0.5,0.12232824030766033,0.7333333333333333,0.5333333333333333,0.0,0.7142857142857142,0.2,0.0,0.0,0.0,0.0,0.4183673469387755,0.951219512195122,0
0.9857800982800983,0.1232876712328767,0.5,0.13982191733361052,0.7333333333333333,0.5333333333333333,0.8333333333333333,0.3571428571428571,0.2,0.0,0.0,0.0,0.0,0.39795918367346933,0.951219512195122,0
0.6501228501228501,0.35616438356164376,0.5,0.027177355091293348,0.13333333333333333,0.4666666666666667,0.3333333333333333,1.0,0.0,0.0,0.0,0.0,0.0,0.39795918367346933,0.951219512195122,0
0.4812346437346437,0.1917808219178082,0.5,0.31548626268925617,0.6,0.8,0.3333333333333333,0.2857142857142857,0.0,1.0,0.0,0.0,0.4331955922865014,0.39795918367346933,0.951219512195122,1
0.9070331695331695,0.1095890410958904,0.5,0.14073311852544781,0.06666666666666667,0.4,0.6666666666666666,0.5714285714285714,0.2,0.0,0.0,0.0,0.0,0.39795918367346933,0.951219512195122,0
0.1605958230958231,0.0958904109589041,0.5,0.12454145445726363,1.0,0.6,0.3333333333333333,0.42857142857142855,0.0,0.0,0.0,0.0,0.0,0.2959183673469387,0.951219512195122,0
0.7156941031941032,0.5616438356164384,0.5,0.09298548314451027,0.8,0.8666666666666667,0.3333333333333333,0.2857142857142857,0.0,0.0,0.0,0.15024150241502415,0.0,0.39795918367346933,0.29268292682926833,1
0.9581695331695331,0.1780821917808219,0.5,0.07605377126424834,0.8,0.8666666666666667,0.3333333333333333,0.2857142857142857,0.0,0.0,0.0,0.0,0.0,0.44897959183673464,0.951219512195122,1
0.7681203931203932,0.30136986301369856,0.5,0.10243910889373939,1.0,0.6,0.6666666666666666,0.5,0.4,1.0,0.0,0.0,0.0,0.39795918367346933,0.7317073170731707,0
0.24398034398034396,0.5068493150684932,0.5,0.07672521913868967,1.0,0.6,0.3333333333333333,0.8571428571428571,0.0,0.0,0.0,0.0,0.0,0.44897959183673464,0.951219512195122,1
0.9471744471744471,0.4931506849315069,0.5,0.030195059418632847,0.7333333333333333,0.5333333333333333,0.3333333333333333,0.21428571428571427,0.0,0.0,0.0,0.0,0.0,0.39795918367346933,0.951219512195122,1
0.007371007371007371,0.3150684931506849,0.5,0.23255032394414996,0.6,0.8,0.3333333333333333,0.7142857142857142,0.0,0.0,0.0,0.0,0.0,0.39795918367346933,0.951219512195122,1
0.7484336609336609,0.46575342465753417,0.5,0.06550531822748848,0.3333333333333333,0.2,0.6666666666666666,0.42857142857142855,0.6000000000000001,0.0,0.0,0.0,0.0,0.18367346938775508,0.951219512195122,0
0.004207616707616707,0.136986301369863,0.5,0.10452274538336279,0.5333333333333333,0.6666666666666666,0.3333333333333333,0.07142857142857142,1.0,0.0,1.0,0.0,0.0,0.346938775510204,0.951219512195122,0
0.289004914004914,0.0273972602739726,0.5,0.2812535079513564,0.7333333333333333,0.5333333333333333,0.6666666666666666,0.2857142857142857,0.2,1.0,0.0,0.0,0.0,0.31632653061224486,0.951219512195122,0
0.36354422604422604,0.6849315068493149,0.75,0.06487336728683782,0.2,0.06666666666666667,1.0,0.5714285714285714,0.2,1.0,1.0,0.0,0.0,0.19387755102040813,0.951219512195122,0
0.40896805896805893,0.27397260273972607,0.5,0.12393167723382877,0.4666666666666667,0.7333333333333334,0.0,0.7142857142857142,0.8,0.0,0.0,0.0,0.0,0.24489795918367346,0.951219512195122,0
0.7997850122850123,0.0136986301369863,0.5,0.18592523299726293,0.06666666666666667,0.4,0.6666666666666666,0.8571428571428571,0.6000000000000001,0.0,1.0,0.0,0.0,0.2959183673469387,0.951219512195122,0
0.5036855036855037,0.32876712328767127,0.125,0.12804213006271006,1.0,0.6,0.5,0.07142857142857142,0.2,1.0,0.0,0.04650046500465005,0.0,0.39795918367346933,0.951219512195122,0
0.7709459459459459,0.46575342465753417,0.5,0.029944912171291964,0.13333333333333333,0.4666666666666667,0.3333333333333333,1.0,0.0,0.0,0.0,0.0,0.0,0.39795918367346933,0.951219512195122,0
0.16031941031941033,0.3698630136986301,0.5,0.17589994110106366,0.6,0.8,0.3333333333333333,0.7142857142857142,0.0,0.0,0.0,0.0,0.0,0.5,0.951219512195122,1
0.907063882063882,0.35616438356164376,0.875,0.2853542597789558,0.6666666666666666,1.0,0.6666666666666666,0.7142857142857142,0.2,0.0,1.0,0.0,0.0,0.39795918367346933,0.951219512195122,0
0.801044226044226,0.35616438356164376,0.5,0.07654367182898521,0.7333333333333333,0.5333333333333333,0.3333333333333333,0.21428571428571427,0.0,0.0,0.0,0.0,0.0,0.5510204081632653,0.951219512195122,0
0.28243243243243243,0.3972602739726027,0.5,0.09785261407338114,0.7333333333333333,0.5333333333333333,0.6666666666666666,1.0,0.2,1.0,0.0,0.0,0.0,0.39795918367346933,0.951219512195122,0
0.7922297297297297,0.6164383561643836,0.5,0.11400478120777466,0.7333333333333333,0.5333333333333333,0.3333333333333333,0.21428571428571427,0.0,0.0,0.0,0.0,0.0,0.39795918367346933,0.951219512195122,0
0.4439189189189189,0.2602739726027397,0.5,0.053185739528115575,0.06666666666666667,0.4,0.3333333333333333,1.0,0.0,0.0,0.0,0.0,0.0,0.4693877551020408,0.951219512195122,0
0.3352579852579852,0.27397260273972607,0.5,0.12321657485361882,0.7333333333333333,0.5333333333333333,0.6666666666666666,0.07142857142857142,0.6000000000000001,0.0,1.0,0.0,0.0,0.5510204081632653,0.951219512195122,0
0.01762899262899263,0.136986301369863,0.5,0.10107819699961888,0.6666666666666666,1.0,0.6666666666666666,0.7142857142857142,0.2,0.0,1.0,0.0,0.0,0.7040816326530611,0.951219512195122,0
0.47613636363636364,0.46575342465753417,0.5,0.09917056439039601,0.7333333333333333,0.5333333333333333,0.3333333333333333,0.07142857142857142,1.0,1.0,1.0,0.0,0.0,0.39795918367346933,0.951219512195122,0
0.9403255528255529,0.4794520547945205,0.125,0.012781762117589994,0.6,0.8,0.3333333333333333,0.2857142857142857,0.0,0.0,0.0,0.0,0.0,0.44897959183673464,0.951219512195122,1
0.753470515970516,0.30136986301369856,0.5,0.17022277656515264,0.6,0.8,0.3333333333333333,0.8571428571428571,0.0,0.0,0.0,0.0,0.0,0.6020408163265305,0.951219512195122,1
0.7218673218673218,0.1917808219178082,0.25,0.09750892145653604,0.6,0.8,0.3333333333333333,0.7142857142857142,0.0,0.0,0.0,0.0,0.0,0.39795918367346933,0.951219512195122,1
0.7756756756756756,0.5616438356164384,0.5,0.18058898936354503,0.6,0.8,1.0,0.2857142857142857,0.8,0.0,1.0,0.0,0.0,0.39795918367346933,0.951219512195122,0
0.8521191646191646,0.2602739726027397,0.75,0.1573848872258601,0.7333333333333333,0.5333333333333333,0.3333333333333333,0.3571428571428571,0.0,0.0,0.0,0.0,0.0,0.346938775510204,0.951219512195122,0
0.2660933660933661,0.35616438356164376,0.125,0.057271939853792045,0.6,0.8,0.0,0.07142857142857142,0.8,0.0,1.0,0.0,0.0,0.39795918367346933,0.951219512195122,0
0.34533169533169533,0.2054794520547945,0.5,0.11005855247202301,0.7333333333333333,0.5333333333333333,0.0,0.5714285714285714,0.6000000000000001,0.0,1.0,0.0,0.0,0.39795918367346933,0.951219512195122,0
0.351044226044226,0.1917808219178082,0.0,0.04863527699823303,0.4,0.26666666666666666,0.0,0.0,0.2,0.0,1.0,0.0,0.0,0.24489795918367346,0.951219512195122,0
0.5341216216216216,0.0547945205479452,0.0,0.05089422443959394,1.0,0.6,0.6666666666666666,0.0,0.6000000000000001,0.0,1.0,0.0,0.0,0.39795918367346933,0.951219512195122,0
0.8575859950859951,0.2054794520547945,0.5,0.07888784949589439,0.6,0.8,0.3333333333333333,0.2857142857142857,0.0,0.0,0.0,0.15024150241502415,0.0,0.5,0.951219512195122,1
0.5591216216216216,0.2465753424657534,0.5,0.01047916017046045,1.0,0.6,0.6666666666666666,0.8571428571428571,0.2,0.0,0.0,0.0,0.0,0.39795918367346933,0.951219512195122,0
0.3034090909090909,0.4794520547945205,0.5,0.08078578110383536,0.3333333333333333,0.2,0.0,0.5,0.2,0.0,1.0,0.0,0.0,0.6428571428571428,0.951219512195122,0
0.34284398034398034,0.0821917808219178,0.5,0.08245158160967328,0.7333333333333333,0.5333333333333333,0.6666666666666666,0.21428571428571427,0.6000000000000001,1.0,0.0,0.0,0.0,0.39795918367346933,0.951219512195122,0
0.31268427518427516,0.35616438356164376,0.5,0.06697848456501403,1.0,0.6,0.6666666666666666,0.2857142857142857,0.2,0.0,1.0,0.0,0.0,0.5,0.951219512195122,0
0.7742014742014742,0.1780821917808219,0.0,0.237872709004608,0.7333333333333333,0.5333333333333333,0.6666666666666666,0.0,0.8,1.0,1.0,0.0,0.0,0.39795918367346933,0.951219512195122,0
0.6698710073710074,0.30136986301369856,0.5,0.1189114090704362,0.7333333333333333,0.5333333333333333,0.3333333333333333,0.5,0.0,0.0,0.0,0.0,0.0,0.39795918367346933,0.951219512195122,0
0.21035012285012283,0.0958904109589041,0.25,0.16612202473755328,1.0,0.6,0.3333333333333333,0.7857142857142857,0.0,0.0,0.0,0.0,0.0,0.7244897959183673,0.951219512195122,1
0.6147420147420147,0.1095890410958904,0.625,0.3067241797456952,1.0,0.6,0.6666666666666666,0.8571428571428571,0.6000000000000001,0.0,1.0,0.0,0.0,0.346938775510204,0.951219512195122,0
0.9550061425061425,0.5205479452054793,0.5,0.12531268405917612,0.6,0.8,0.3333333333333333,0.7142857142857142,0.0,0.0,0.0,0.0,0.0,0.39795918367346933,0.951219512195122,1
0.005558968058968059,0.35616438356164376,0.5,0.07088313758098604,1.0,0.6,0.0,0.07142857142857142,0.2,0.0,1.0,0.0,0.0,0.39795918367346933,0.951219512195122,0
0.989588452088452,0.27397260273972607,0.75,0.1043197172851055,0.7333333333333333,0.5333333333333333,0.3333333333333333,0.8571428571428571,0.0,0.0,0.0,0.0,0.43663911845730025,0.44897959183673464,0.951219512195122,1
0.9949324324324325,0.0684931506849315,0.5,0.11187402556906766,0.7333333333333333,0.5333333333333333,0.6666666666666666,0.21428571428571427,0.2,0.0,0.0,0.0,0.0,0.5,0.951219512195122,0
0.6570331695331695,0.27397260273972607,0.75,0.1213498250355126,0.6,0.8,0.3333333333333333,1.0,0.0,0.0,0.0,0.0,0.0,0.5,0.0,0
0.7646191646191646,0.35616438356164376,0.5,0.062245088868101026,1.0,0.6,0.6666666666666666,0.07142857142857142,0.8,1.0,1.0,0.0,0.0,0.39795918367346933,0.951219512195122,0
0.30439189189189186,0.0958904109589041,0.5,0.09859404774278488,0.5333333333333333,0.6666666666666666,0.6666666666666666,0.8571428571428571,0.8,1.0,0.0,0.0,0.0,0.5,0.8536585365853658,0
0.5073402948402949,0.1232876712328767,0.25,0.10738731247618058,0.6,0.8,0.6666666666666666,0.7142857142857142,0.2,0.0,1.0,0.0,0.0,0.39795918367346933,0.951219512195122,0
0.9303439803439804,0.2054794520547945,0.5,0.09665523334372726,1.0,0.6,0.3333333333333333,0.21428571428571427,0.0,0.0,0.0,0.0,0.0,0.44897959183673464,0.951219512195122,0
0.7458845208845208,0.5205479452054793,0.5,0.09860028410075182,0.0,0.33333333333333337,0.3333333333333333,0.5714285714285714,0.0,1.0,0.0,0.025800258002580026,0.0,0.39795918367346933,0.951219512195122,0
0.1674140049140049,0.5342465753424657,0.5,0.011394518934275717,0.06666666666666667,0.4,0.8333333333333333,0.5,0.2,0.0,1.0,0.0,0.0,0.39795918367346933,0.951219512195122,0
0.9798218673218673,0.2465753424657534,0.25,0.0725323077989121,0.8,0.8666666666666667,0.3333333333333333,0.7142857142857142,0.0,0.0,0.0,0.0,0.4331955922865014,0.39795918367346933,0.951219512195122,1
0.5688267813267813,0.1232876712328767,0.5,0.1803921976232547,0.6,0.8,0.3333333333333333,0.8571428571428571,0.0,0.0,0.0,0.0,0.0,0.5510204081632653,0.951219512195122,0
0.60509828009828,0.2191780821917808,0.75,0.287696358659876,0.7333333333333333,0.5333333333333333,0.3333333333333333,0.8571428571428571,0.0,0.0,0.0,0.0,0.0,0.6020408163265305,0.951219512195122,1
0.7722358722358722,0.30136986301369856,0.5,0.1405709732183072,0.4,0.26666666666666666,0.0,0.42857142857142855,0.2,0.0,0.0,0.0,0.0,0.5,0.951219512195122,0
0.6318488943488944,0.0684931506849315,0.5,0.13227800297959327,1.0,0.6,0.8333333333333333,0.8571428571428571,0.8,0.0,1.0,0.0,0.0,0.42857142857142855,0.951219512195122,0
0.2602886977886978,0.41095890410958896,0.5,0.02212590513806604,0.7333333333333333,0.5333333333333333,0.0,0.2857142857142857,0.8,0.0,1.0,0.0,0.0,0.44897959183673464,0.951219512195122,0
0.09023341523341523,0.41095890410958896,0.5,0.15740151751377196,0.06666666666666667,0.4,0.3333333333333333,0.5,1.0,1.0,1.0,0.0,0.0,0.39795918367346933,0.951219512195122,0
0.8168304668304668,0.2465753424657534,0.5,0.19768492533693657,0.4666666666666667,0.7333333333333334,0.3333333333333333,0.2857142857142857,0.0,0.0,0.0,0.0,0.0,0.9999999999999999,0.951219512195122,1
0.8186117936117936,0.5205479452054793,0.25,0.10350760489207636,0.8,0.8666666666666667,0.3333333333333333,0.2857142857142857,0.0,0.0,0.0,0.0,0.0,0.5510204081632653,0.951219512195122,1
0.8321560196560196,0.0,0.5,0.09729480649967086,0.13333333333333333,0.4666666666666667,0.6666666666666666,0.5714285714285714,0.6000000000000001,0.0,1.0,0.0,0.0,0.2959183673469387,0.951219512195122,0
0.6352579852579853,0.4520547945205479,0.5,0.08770190208917991,0.8,0.8666666666666667,0.3333333333333333,0.2857142857142857,0.0,0.0,0.0,0.15024150241502415,0.0,0.5,0.951219512195122,1
0.39327395577395574,0.1506849315068493,0.75,0.11817274711568444,0.7333333333333333,0.5333333333333333,0.3333333333333333,0.7142857142857142,0.0,0.0,0.0,0.0,0.0,0.346938775510204,0.951219512195122,0
0.038636363636363635,0.35616438356164376,0.125,0.2475023386342376,0.6,0.8,0.3333333333333333,0.7142857142857142,0.0,0.0,0.0,0.0,0.0,0.39795918367346933,0.951219512195122,1
0.421007371007371,0.547945205479452,0.75,0.06799847555694141,1.0,0.6,0.3333333333333333,0.3571428571428571,0.0,0.0,0.0,0.0,0.0,0.7551020408163265,0.951219512195122,0
0.8154484029484029,0.46575342465753417,0.25,0.09897307972144267,0.8,0.8666666666666667,0.3333333333333333,0.7142857142857142,1.0,0.0,1.0,0.0,0.0,0.7040816326530611,0.951219512195122,1
0.08191031941031941,0.2876712328767123,0.5,0.27355645636281745,0.26666666666666666,0.13333333333333336,0.3333333333333333,0.5714285714285714,0.0,0.0,0.0,0.0,0.0,0.7551020408163265,0.6341463414634146,0
0.6981572481572481,0.1506849315068493,0.5,0.12479575927658247,0.6,0.8,0.3333333333333333,0.8571428571428571,0.0,0.0,0.0,0.0,0.0,0.39795918367346933,0.951219512195122,1
0.04616093366093366,0.6438356164383561,0.625,0.11582371894813429,0.6,0.8,0.3333333333333333,0.2857142857142857,0.0,0.0,0.0,0.15024150241502415,0.0,0.5510204081632653,0.951219512195122,1
0.1438267813267813,0.136986301369863,0.125,0.18927138551086167,0.4666666666666667,0.7333333333333334,0.6666666666666666,1.0,0.2,1.0,0.0,0.0,0.0,0.39795918367346933,0.951219512195122,0
0.1744164619164619,0.8082191780821917,0.0,0.1117395974084468,0.6,0.8,0.3333333333333333,0.0,0.0,0.0,0.0,0.0,0.0,0.09183673469387754,0.951219512195122,0
0.030374692874692875,0.46575342465753417,0.5,0.07613484391781866,1.0,0.6,1.0,0.7142857142857142,0.2,0.0,1.0,0.033250332503325035,0.0,0.39795918367346933,0.951219512195122,0
0.836455773955774,0.3698630136986301,0.5,0.12468558361916642,0.6,0.8,0.3333333333333333,0.2857142857142857,0.0,0.0,0.0,0.0,0.0,0.39795918367346933,0.951219512195122,1
0.25027641277641277,0.0684931506849315,0.5,0.13986695769670512,0.0,0.33333333333333337,0.6666666666666666,1.0,0.2,1.0,0.0,0.0,0.0,0.846938775510204,0.951219512195122,0
0.9571560196560196,0.1917808219178082,0.5,0.10089110626061047,1.0,0.6,0.3333333333333333,0.5714285714285714,1.0,0.0,1.0,0.0,0.0,0.39795918367346933,0.951219512195122,0
0.132002457002457,0.1095890410958904,0.5,0.24023143817344006,0.7333333333333333,0.5333333333333333,0.6666666666666666,0.5714285714285714,0.2,0.0,1.0,0.0,0.0,0.346938775510204,0.951219512195122,0
0.5363022113022113,0.6301369863013697,0.0,0.22121193223157676,0.7333333333333333,0.5333333333333333,0.3333333333333333,0.0,0.0,0.0,0.0,0.0,0.0,0.13265306122448978,0.951219512195122,0
0.7154791154791155,0.2328767123287671,0.5,0.010302463361396943,0.7333333333333333,0.5333333333333333,0.3333333333333333,1.0,0.0,0.0,0.0,0.0,0.0,0.39795918367346933,0.951219512195122,0
0.42395577395577394,0.46575342465753417,0.5,0.14394484287842568,0.4666666666666667,0.7333333333333334,0.0,0.7142857142857142,0.2,0.0,1.0,0.0,0.0,0.39795918367346933,0.951219512195122,0
0.985472972972973,0.1643835616438356,0.75,0.1587818314104563,0.7333333333333333,0.5333333333333333,0.6666666666666666,0.21428571428571427,0.2,0.0,0.0,0.0,0.0,0.44897959183673464,0.951219512195122,0
0.9755528255528255,0.6027397260273972,0.5,0.11705921075425284,0.6,0.8,0.3333333333333333,0.7142857142857142,0.0,0.0,0.0,0.0,0.42424242424242425,0.39795918367346933,0.951219512195122,1
0.5568796068796069,0.1917808219178082,0.75,0.06664795759276582,0.9333333333333333,0.9333333333333333,0.3333333333333333,0.7142857142857142,0.0,0.0,0.0,0.0,0.0,0.6020408163265305,0.951219512195122,1
0.9451474201474201,0.1095890410958904,0.625,0.10149048955410041,0.5333333333333333,0.6666666666666666,0.6666666666666666,1.0,0.8,0.0,0.0,0.0,0.0,0.5510204081632653,0.951219512195122,0
0.2013206388206388,0.2328767123287671,0.5,0.09192668814745522,0.0,0.33333333333333337,0.3333333333333333,0.21428571428571427,0.0,0.0,0.0,0.0,0.0,0.44897959183673464,0.951219512195122,1
0.7317567567567568,0.1506849315068493,0.5,0.0705907216852025,0.6,0.8,0.6666666666666666,0.7142857142857142,0.6000000000000001,0.0,1.0,0.0,0.0,0.14285714285714282,0.951219512195122,0
0.3318796068796069,0.3972602739726027,0.5,0.2213844714686623,0.7333333333333333,0.5333333333333333,0.3333333333333333,0.5,0.0,0.0,0.0,0.0,0.0,0.39795918367346933,0.951219512195122,0
0.008968058968058967,0.1643835616438356,0.25,0.14422201434362333,0.6,0.8,0.6666666666666666,0.7857142857142857,0.2,0.0,0.0,0.0,0.0,0.5612244897959183,0.951219512195122,0
0.99502457002457,0.0958904109589041,0.5,0.14532099920313205,0.7333333333333333,0.5333333333333333,0.6666666666666666,0.5714285714285714,0.4,0.0,0.0,0.0,0.0,0.2959183673469387,0.951219512195122,0
0.36867321867321867,0.3972602739726027,0.5,0.07034681079582857,0.13333333333333333,0.4666666666666667,0.3333333333333333,0.21428571428571427,0.0,0.0,0.0,0.07298072980729807,0.0,0.39795918367346933,0.0,1
0.9847358722358722,0.1780821917808219,0.5,0.113726916813914,0.5333333333333333,0.6666666666666666,0.3333333333333333,0.7142857142857142,0.6000000000000001,0.0,1.0,0.07298072980729807,0.0,0.1530612244897959,0.951219512195122,1
0.7163390663390663,0.30136986301369856,0.5,0.06349998267678342,0.6,0.8,0.3333333333333333,0.7142857142857142,1.0,0.0,1.0,0.07688076880768807,0.0,0.31632653061224486,0.951219512195122,1
0.4461609336609336,0.3972602739726027,0.5,0.01188511242767557,0.4666666666666667,0.7333333333333334,0.3333333333333333,0.8571428571428571,0.0,0.0,0.0,0.0,0.0,0.5,0.951219512195122,0
0.7666769041769042,0.0410958904109589,0.5,0.15093926480268857,1.0,0.6,0.6666666666666666,0.5714285714285714,0.6000000000000001,0.0,0.0,0.0,0.0,0.5,0.951219512195122,0
0.003931203931203931,0.2465753424657534,0.0,0.08108651214357482,0.7333333333333333,0.5333333333333333,0.3333333333333333,0.0,0.0,0.0,0.0,0.0,0.0,0.39795918367346933,0.951219512195122,0
0.4767199017199017,0.1095890410958904,0.5,0.30347573017357865,0.7333333333333333,0.5333333333333333,0.6666666666666666,0.21428571428571427,0.6000000000000001,0.0,0.0,0.0,0.0,0.39795918367346933,0.951219512195122,0
0.44754299754299753,0.1232876712328767,0.5,0.1804275369850674,0.6,0.8,0.6666666666666666,0.8571428571428571,0.2,1.0,0.0,0.0,0.0,0.19387755102040813,0.8536585365853658,0
0.2222972972972973,0.1643835616438356,0.5,0.11829955306101238,0.6,0.8,0.6666666666666666,0.7142857142857142,0.2,1.0,1.0,0.0,0.36501377410468316,0.39795918367346933,0.951219512195122,0
0.1226044226044226,0.4794520547945205,0.5,0.11473027751792952,0.7333333333333333,0.5333333333333333,0.0,0.21428571428571427,0.4,0.0,0.0,0.0,0.0,0.5510204081632653,0.951219512195122,1
0.32515356265356266,0.2191780821917808,0.5,0.13986349305339016,1.0,0.6,0.0,0.07142857142857142,0.2,0.0,1.0,0.0,0.0,0.39795918367346933,0.951219512195122,0
0.5759520884520885,0.0136986301369863,0.0,0.07975816789661504,1.0,0.6,0.6666666666666666,0.0,0.6000000000000001,0.0,1.0,0.0,0.0,0.39795918367346933,0.951219512195122,0
0.43516584766584765,0.6712328767123288,0.25,0.2523791705643904,0.6666666666666666,1.0,0.0,0.7142857142857142,0.2,0.0,1.0,0.032730327303273035,0.0,0.39795918367346933,0.951219512195122,0
0.8819103194103194,0.547945205479452,0.0,0.1320846758826179,0.3333333333333333,0.2,0.3333333333333333,0.0,1.0,0.0,1.0,0.011730117301173012,0.0,0.44897959183673464,0.8048780487804879,0
0.908445945945946,0.1232876712328767,0.5,0.2516813914007553,0.0,0.33333333333333337,0.6666666666666666,0.07142857142857142,0.2,1.0,0.0,0.0,0.0,0.19387755102040813,0.951219512195122,0
0.10205773955773956,0.35616438356164376,0.5,0.06857707099054153,1.0,0.6,0.3333333333333333,1.0,0.0,0.0,0.0,0.0,0.0,0.4183673469387755,0.951219512195122,0
0.8741400491400492,0.1643835616438356,0.5,0.054674843224889996,0.6,0.8,0.3333333333333333,0.5,0.0,0.0,0.0,0.0,0.0,0.47959183673469385,0.951219512195122,0
0.31686117936117936,0.3972602739726027,0.5,0.11540311124969684,0.8,0.8666666666666667,0.5,0.2857142857142857,0.2,0.0,0.0,0.0,0.0,0.7040816326530611,0.951219512195122,1
0.28332309582309584,0.1506849315068493,0.25,0.11293143470879673,0.4666666666666667,0.7333333333333334,0.3333333333333333,0.7857142857142857,0.0,0.0,0.0,0.0,0.4595959595959596,0.39795918367346933,0.21951219512195122,0
0.7798525798525798,0.547945205479452,0.25,0.12975851436094654,0.8,0.8666666666666667,0.0,0.5714285714285714,0.8,1.0,1.0,0.0,0.0,0.39795918367346933,0.951219512195122,0
0.5043611793611793,0.4520547945205479,0.625,0.10117382115511207,0.9333333333333333,0.9333333333333333,0.3333333333333333,0.7142857142857142,0.0,0.0,0.0,1.0,0.0,0.8061224489795917,0.951219512195122,1
0.37607493857493857,0.136986301369863,0.5,0.2769393340955549,0.6,0.8,0.6666666666666666,0.7142857142857142,0.2,0.0,0.0,0.0,0.0,0.6020408163265305,0.951219512195122,0
0.2281941031941032,0.5342465753424657,0.5,0.14353393618127014,0.0,0.33333333333333337,0.6666666666666666,0.42857142857142855,0.2,0.0,0.0,0.0,0.0,0.39795918367346933,0.951219512195122,0
0.5744471744471744,0.136986301369863,0.5,0.20103315663652427,0.8,0.8666666666666667,0.3333333333333333,0.7142857142857142,0.0,0.0,0.0,0.0,0.0,0.5510204081632653,0.951219512195122,0
0.16603194103194102,1.0,0.5,0.027342272113085958,0.8,0.8666666666666667,0.6666666666666666,0.2857142857142857,0.2,1.0,0.0,0.0,0.0,0.5,0.951219512195122,1
0.42724201474201473,0.4520547945205479,0.5,0.13061566711707032,0.3333333333333333,0.2,0.0,0.21428571428571427,0.2,0.0,0.0,0.0,0.0,0.6020408163265305,0.951219512195122,0
0.6001228501228502,0.2054794520547945,0.5,0.10179260645116585,0.5333333333333333,0.6666666666666666,0.6666666666666666,0.7142857142857142,0.2,0.0,0.0,0.0,0.0,0.39795918367346933,0.951219512195122,0
0.625522113022113,0.2054794520547945,0.5,0.2117063368326231,0.6,0.8,0.3333333333333333,0.2857142857142857,0.0,0.0,0.0,0.04064040640406404,0.0,0.5,0.951219512195122,0
0.37601351351351353,0.5205479452054793,0.5,0.12239337560198178,0.7333333333333333,0.5333333333333333,0.0,0.42857142857142855,0.2,0.0,1.0,0.0,0.0,0.39795918367346933,0.951219512195122,0
0.45918304668304666,0.0136986301369863,0.5,0.26521220940304197,0.06666666666666667,0.4,0.6666666666666666,0.5714285714285714,0.6000000000000001,0.0,0.0,0.0,0.0,0.11224489795918367,0.951219512195122,0
0.8962837837837838,0.3424657534246575,0.5,0.018553164951668227,0.7333333333333333,0.5333333333333333,0.3333333333333333,0.8571428571428571,0.0,0.0,0.0,0.0,0.0,0.6020408163265305,0.951219512195122,1
0.2736179361179361,0.3424657534246575,0.5,0.10374389356615736,0.6666666666666666,1.0,0.6666666666666666,0.7142857142857142,0.2,0.0,0.0,0.0,0.0,0.3571428571428571,0.951219512195122,1
0.31154791154791156,0.46575342465753417,0.625,0.10775595052489347,0.6,0.8,0.3333333333333333,0.2857142857142857,0.0,0.0,0.0,0.15024150241502415,0.0,0.39795918367346933,0.951219512195122,1
0.227027027027027,0.2054794520547945,0.5,0.04105948792571804,1.0,0.6,0.0,0.7142857142857142,0.2,0.0,0.0,0.0,0.0,0.39795918367346933,0.951219512195122,0
0.6552518427518428,0.35616438356164376,0.75,0.12641859820531479,0.7333333333333333,0.5333333333333333,0.0,0.21428571428571427,0.6000000000000001,0.0,0.0,0.0,0.0,0.346938775510204,0.951219512195122,0
0.43848280098280096,0.3424657534246575,0.125,0.028060839136610886,0.8,0.8666666666666667,0.3333333333333333,0.7142857142857142,0.0,0.0,0.0,0.0,0.43663911845730025,0.39795918367346933,0.951219512195122,1
0.24760442260442259,0.4246575342465753,0.75,0.06142535425977895,1.0,0.6,0.6666666666666666,0.07142857142857142,0.2,0.0,0.0,0.0,0.0,0.39795918367346933,0.951219512195122,0
0.389465601965602,0.2328767123287671,0.5,0.09712642483456328,0.13333333333333333,0.4666666666666667,0.3333333333333333,0.21428571428571427,0.0,0.0,0.0,0.0,0.0,0.39795918367346933,0.3170731707317073,0
0.9654176904176904,0.30136986301369856,0.5,0.12926999965353567,0.8,0.8666666666666667,0.3333333333333333,0.7142857142857142,0.0,0.0,0.0,0.07688076880768807,0.0,0.44897959183673464,0.951219512195122,1
0.014834152334152334,0.32876712328767127,0.5,0.12565637667602123,0.7333333333333333,0.5333333333333333,0.5,0.21428571428571427,0.8,0.0,1.0,0.0,0.0,0.39795918367346933,0.951219512195122,0
0.5707002457002457,0.3835616438356165,0.5,0.15201954058829645,0.7333333333333333,0.5333333333333333,0.3333333333333333,0.5,0.0,1.0,0.0,0.0,0.0,0.39795918367346933,0.951219512195122,0
0.9682432432432432,0.0547945205479452,0.5,0.16720230052316115,0.7333333333333333,0.5333333333333333,0.6666666666666666,0.42857142857142855,0.6000000000000001,0.0,0.0,0.0,0.0,0.39795918367346933,0.951219512195122,0
0.5543304668304668,0.3835616438356165,0.75,0.11878529605377126,0.4,0.26666666666666666,0.3333333333333333,0.3571428571428571,0.0,0.0,0.0,0.0,0.0,0.39795918367346933,0.951219512195122,0
0.5168611793611794,0.3698630136986301,0.875,0.11323216574853619,0.6,0.8,0.3333333333333333,0.2857142857142857,0.0,0.0,0.0,0.0,0.0,0.39795918367346933,0.951219512195122,1
0.8112407862407862,0.547945205479452,0.625,0.25218792225340403,0.8,0.8666666666666667,0.3333333333333333,0.8571428571428571,0.0,0.0,0.0,1.0,0.0,0.39795918367346933,0.951219512195122,1
0.12343366093366093,0.1095890410958904,0.625,0.10446176766101929,0.4666666666666667,0.7333333333333334,0.6666666666666666,0.8571428571428571,0.2,0.0,0.0,0.0,0.0,0.6020408163265305,0.951219512195122,0
0.6987714987714988,0.1917808219178082,0.5,0.19173197519315388,1.0,0.6,0.6666666666666666,0.7857142857142857,0.2,0.0,0.0,0.0,0.0,0.39795918367346933,0.951219512195122,0
0.2007063882063882,0.1095890410958904,0.5,0.10921941586113709,0.5333333333333333,0.6666666666666666,0.6666666666666666,0.8571428571428571,0.2,0.0,0.0,0.27828278282782826,0.0,0.39795918367346933,0.951219512195122,1
0.8218366093366093,0.2465753424657534,0.5,0.07919065932162284,0.7333333333333333,0.5333333333333333,0.0,0.21428571428571427,0.6000000000000001,0.0,0.0,0.0,0.0,0.19387755102040813,0.951219512195122,0
0.3444410319410319,0.27397260273972607,0.5,0.0784845650140318,0.7333333333333333,0.5333333333333333,0.6666666666666666,0.9285714285714285,0.2,0.0,1.0,0.14084140841408413,0.0,0.346938775510204,0.951219512195122,1
0.02628992628992629,0.2328767123287671,0.25,0.10689117555347677,0.7333333333333333,0.5333333333333333,0.6666666666666666,0.07142857142857142,0.6000000000000001,0.0,1.0,0.0,0.0,0.39795918367346933,0.951219512195122,0
0.38550368550368547,0.46575342465753417,0.5,0.12572151197034268,0.7333333333333333,0.5333333333333333,0.3333333333333333,0.21428571428571427,0.0,0.0,0.0,0.0,0.0,0.4183673469387755,0.951219512195122,0
0.23252457002457003,0.46575342465753417,0.5,0.12764854658212937,0.6,0.8,0.0,0.2857142857142857,0.2,0.0,0.0,0.14084140841408413,0.0,0.5,0.951219512195122,1
0.36692260442260444,0.35616438356164376,0.875,0.07288639434570211,0.7333333333333333,0.5333333333333333,0.6666666666666666,0.07142857142857142,0.2,0.0,1.0,0.0,0.0,0.39795918367346933,0.951219512195122,0
0.6464680589680589,0.6301369863013697,0.5,0.2123673907771195,1.0,0.6,0.0,0.21428571428571427,0.8,0.0,0.0,0.0,0.0,0.21428571428571425,0.951219512195122,0
0.5501228501228501,0.27397260273972607,0.75,0.06849184076499325,1.0,0.6,0.3333333333333333,0.21428571428571427,0.0,0.0,0.0,0.0,0.0,0.44897959183673464,0.951219512195122,0
0.7449938574938575,0.4931506849315069,0.5,0.1837549804247653,0.5333333333333333,0.6666666666666666,0.3333333333333333,0.9285714285714285,0.0,0.0,0.0,0.0,0.0,0.39795918367346933,0.951219512195122,1
0.2744471744471744,0.1780821917808219,0.5,0.13419602951876106,1.0,0.6,0.3333333333333333,0.5,0.0,0.0,0.0,0.0,0.0,0.39795918367346933,0.951219512195122,1
0.35574324324324325,0.0410958904109589,0.5,0.10457679381907632,1.0,0.6,0.8333333333333333,0.5714285714285714,0.6000000000000001,0.0,1.0,0.0,0.0,0.2959183673469387,0.951219512195122,0
0.5089987714987715,0.1780821917808219,0.5,0.11220593839864186,0.6666666666666666,1.0,0.6666666666666666,0.7142857142857142,0.2,0.0,1.0,0.0,0.0,0.14285714285714282,0.951219512195122,0
0.9062039312039312,0.2328767123287671,0.5,0.10899629283165298,0.8,0.8666666666666667,0.6666666666666666,0.2857142857142857,0.2,0.0,1.0,0.0,0.0,0.5,0.951219512195122,0
0.13878992628992629,0.0547945205479452,0.0,0.12306620933374908,0.4666666666666667,0.7333333333333334,0.6666666666666666,0.0,0.2,0.0,0.0,0.0,0.0,0.5510204081632653,0.951219512195122,0
0.9166154791154791,0.2876712328767123,0.5,0.16676159789349687,1.0,0.6,0.3333333333333333,0.42857142857142855,0.0,1.0,0.0,0.0,0.0,0.39795918367346933,0.951219512195122,0
0.9539312039312039,0.1780821917808219,0.5,0.10598343900495444,0.6,0.8,0.3333333333333333,0.07142857142857142,1.0,1.0,1.0,0.0,0.0,0.39795918367346933,0.7317073170731707,1
0.9507063882063882,0.2191780821917808,0.5,0.037413297301042855,0.8,0.8666666666666667,0.6666666666666666,0.7142857142857142,0.2,0.0,1.0,0.0,0.0,0.39795918367346933,0.951219512195122,0
0.17843980343980342,0.1095890410958904,0.5,0.18295049024702909,0.4,0.26666666666666666,0.3333333333333333,0.5,0.0,0.0,0.0,0.0,0.0,0.39795918367346933,0.6341463414634146,0
0.009367321867321867,0.35616438356164376,0.5,0.1115864601739251,0.7333333333333333,0.5333333333333333,0.0,0.07142857142857142,0.2,0.0,1.0,0.0,0.0,0.39795918367346933,0.951219512195122,0
0.9383906633906633,0.0684931506849315,0.5,0.026173994387277827,1.0,0.6,0.6666666666666666,0.07142857142857142,0.2,0.0,1.0,0.0,0.0,0.346938775510204,0.951219512195122,0
0.17496928746928747,0.46575342465753417,0.5,0.1999314000623636,0.6,0.8,0.6666666666666666,0.07142857142857142,0.8,0.0,0.0,0.0,0.0,0.19387755102040813,0.951219512195122,0
0.08574938574938575,0.2328767123287671,0.5,0.015008834840453176,0.7333333333333333,0.5333333333333333,0.0,0.21428571428571427,0.2,0.0,0.0,0.06849068490684906,0.0,0.5510204081632653,0.951219512195122,0
0.9303132678132678,0.0273972602739726,0.5,0.23780757371028655,0.7333333333333333,0.5333333333333333,0.6666666666666666,0.5714285714285714,0.6000000000000001,1.0,0.0,0.0,0.0,0.24489795918367346,0.951219512195122,0
0.7564803439803439,0.4246575342465753,0.875,0.06519904375844507,0.6666666666666666,1.0,0.3333333333333333,0.7142857142857142,0.0,0.0,0.0,0.0,0.0,0.6530612244897959,0.951219512195122,1
0.8693181818181818,0.2876712328767123,0.5,0.1591497765305062,0.7333333333333333,0.5333333333333333,0.0,0.5,0.2,0.0,0.0,0.0,0.0,0.39795918367346933,0.951219512195122,0
0.7572174447174447,0.0821917808219178,0.5,0.0999397152063195,0.7333333333333333,0.5333333333333333,0.6666666666666666,0.42857142857142855,0.6000000000000001,1.0,0.0,0.0,0.0,0.39795918367346933,0.951219512195122,0
0.5363329238329239,0.1917808219178082,0.5,0.13920521082354573,0.7333333333333333,0.5333333333333333,0.3333333333333333,1.0,0.0,0.0,0.0,0.0,0.0,0.6020408163265305,0.951219512195122,1
0.32125307125307123,0.5616438356164384,0.0,0.13702387139244016,0.7333333333333333,0.5333333333333333,0.0,0.0,0.8,0.0,0.0,0.0,0.0,0.39795918367346933,0.951219512195122,0
0.44646805896805897,0.2465753424657534,0.625,0.12273083186085991,1.0,0.6,0.3333333333333333,0.8571428571428571,0.0,0.0,0.0,0.0,0.39944903581267216,0.39795918367346933,0.951219512195122,0
0.6962223587223587,0.2602739726027397,0.5,0.07196272043793091,0.7333333333333333,0.5333333333333333,0.3333333333333333,0.7142857142857142,0.0,1.0,0.0,0.0,0.0,0.39795918367346933,0.024390243902439025,0
0.2873157248157248,0.46575342465753417,0.5,0.34411253161487027,0.7333333333333333,0.5333333333333333,0.0,0.5,0.6000000000000001,1.0,0.0,0.0,0.0,0.39795918367346933,0.951219512195122,0
0.26667690417690415,0.5616438356164384,0.5,0.13191075078820635,0.7333333333333333,0.5333333333333333,1.0,0.07142857142857142,0.2,0.0,1.0,0.0,0.0,0.36734693877551017,0.951219512195122,0
0.5831081081081081,0.2191780821917808,0.75,0.06975504971763156,1.0,0.6,0.6666666666666666,0.21428571428571427,0.6000000000000001,0.0,0.0,0.0,0.0,0.47959183673469385,0.951219512195122,0
0.3751228501228501,0.4520547945205479,0.0,0.23125038977237294,0.3333333333333333,0.2,0.8333333333333333,0.0,0.6000000000000001,0.0,1.0,0.0,0.0,0.19387755102040813,0.951219512195122,0
0.378992628992629,0.4246575342465753,0.5,0.05975747496795204,0.4666666666666667,0.7333333333333334,0.3333333333333333,0.21428571428571427,0.0,0.0,0.0,0.0,0.0,0.44897959183673464,0.951219512195122,0
0.018826781326781325,0.1232876712328767,0.25,0.13570107057478434,0.6,0.8,0.6666666666666666,0.7142857142857142,0.6000000000000001,0.0,0.0,0.01055010550105501,0.0,0.39795918367346933,0.951219512195122,0
0.5441031941031941,0.1643835616438356,0.25,0.14026331289193777,0.7333333333333333,0.5333333333333333,0.6666666666666666,0.5714285714285714,0.8,0.0,1.0,0.0,0.0,0.39795918367346933,0.951219512195122,0
0.8102886977886977,0.46575342465753417,0.75,0.09526729723175,0.7333333333333333,0.5333333333333333,0.0,0.8571428571428571,0.2,0.0,1.0,0.0,0.0,0.43877551020408156,0.951219512195122,0
0.5175982800982801,0.2465753424657534,0.5,0.047794061601358136,0.6,0.8,0.6666666666666666,0.07142857142857142,0.2,0.0,1.0,0.0,0.0,0.42857142857142855,0.951219512195122,0
0.8402027027027027,0.27397260273972607,0.25,0.1631604476319163,0.5333333333333333,0.6666666666666666,0.3333333333333333,0.7857142857142857,0.0,1.0,0.0,0.0,0.0,0.39795918367346933,0.951219512195122,0
0.7576781326781327,0.2465753424657534,0.5,0.09244984928801579,0.7333333333333333,0.5333333333333333,0.3333333333333333,0.7142857142857142,1.0,0.0,1.0,0.03942039420394204,0.0,0.346938775510204,0.951219512195122,0
0.76747542997543,0.3150684931506849,0.5,0.13000381110764647,0.4666666666666667,0.7333333333333334,0.3333333333333333,0.2857142857142857,0.0,0.0,0.0,0.0,0.42424242424242425,0.5510204081632653,0.951219512195122,1
0.9984643734643734,0.30136986301369856,0.5,0.06584000277171465,0.7333333333333333,0.5333333333333333,0.3333333333333333,0.7142857142857142,0.0,0.0,0.0,0.0,0.0,0.44897959183673464,0.0,1
0.9039004914004913,0.32876712328767127,0.125,0.34493088036586633,0.6,0.8,0.3333333333333333,0.2857142857142857,0.0,0.0,0.0,0.0,0.0,0.39795918367346933,0.951219512195122,1
0.14275184275184274,0.1232876712328767,0.5,0.12729723174999136,1.0,0.6,0.6666666666666666,0.8571428571428571,0.2,0.0,1.0,0.0,0.0,0.14285714285714282,0.951219512195122,0
0.9484950859950859,0.46575342465753417,0.5,0.0874676922010879,0.5333333333333333,0.6666666666666666,0.0,0.9285714285714285,0.8,1.0,1.0,0.0,0.0,0.47959183673469385,0.951219512195122,0
0.5308968058968059,0.5753424657534245,0.625,0.013216921317950317,0.8,0.8666666666666667,0.3333333333333333,0.2857142857142857,0.0,0.0,0.0,0.15024150241502415,0.0,0.8061224489795917,0.951219512195122,1
0.7677211302211302,0.2191780821917808,0.5,0.18447770502026817,0.7333333333333333,0.5333333333333333,0.0,0.21428571428571427,0.6000000000000001,0.0,1.0,0.0,0.0,0.4183673469387755,0.951219512195122,0
0.4110872235872236,0.5068493150684932,0.625,0.25713196826386725,0.6,0.8,0.3333333333333333,0.8571428571428571,0.0,0.0,0.0,0.0,0.0,0.7040816326530611,0.951219512195122,1
0.8086609336609336,0.2465753424657534,0.75,0.10248899975747497,1.0,0.6,0.6666666666666666,0.21428571428571427,0.6000000000000001,0.0,0.0,0.0,0.0,0.39795918367346933,0.951219512195122,0
0.783108108108108,0.4931506849315069,0.75,0.06148494612479645,0.7333333333333333,0.5333333333333333,0.3333333333333333,0.2857142857142857,0.0,0.0,0.0,0.0,0.0,0.346938775510204,0.951219512195122,0
0.028839066339066338,0.1917808219178082,0.5,0.06879534351938468,0.6,0.8,0.6666666666666666,0.8571428571428571,0.2,0.0,0.0,0.0,0.0,0.39795918367346933,0.951219512195122,1
0.3472358722358722,0.4246575342465753,0.5,0.12074559124138169,1.0,0.6,0.3333333333333333,0.7142857142857142,0.0,0.0,0.0,0.0,0.0,0.39795918367346933,0.951219512195122,0
0.6614557739557739,0.46575342465753417,0.0,0.1144732009839587,0.7333333333333333,0.5333333333333333,0.3333333333333333,0.0,0.0,0.0,0.0,0.0,0.0,0.39795918367346933,0.951219512195122,0
0.040724815724815726,0.41095890410958896,0.5,0.16923881786370093,0.7333333333333333,0.5333333333333333,0.3333333333333333,0.42857142857142855,0.0,0.0,0.0,0.0,0.0,0.39795918367346933,0.0,0
0.32536855036855034,0.3835616438356165,0.5,0.07284343276859646,1.0,0.6,0.3333333333333333,0.2857142857142857,0.0,0.0,0.0,0.0,0.0,0.39795918367346933,0.951219512195122,1
0.6587837837837838,0.0821917808219178,0.5,0.13220593839864186,0.6,0.8,0.6666666666666666,0.07142857142857142,0.6000000000000001,1.0,0.0,0.0,0.0,0.2346938775510204,0.951219512195122,0
0.9876535626535626,0.0273972602739726,0.5,0.07982953954890344,0.7333333333333333,0.5333333333333333,0.6666666666666666,0.5714285714285714,0.2,0.0,0.0,0.0,0.0,0.39795918367346933,0.951219512195122,0
0.9699938574938575,0.1643835616438356,0.5,0.1056203443855455,1.0,0.6,0.6666666666666666,0.42857142857142855,0.4,0.0,0.0,0.0,0.0,0.39795918367346933,0.951219512195122,0
0.31928746928746926,0.5890410958904109,0.875,0.0587222395454388,0.6,0.8,0.0,0.2857142857142857,0.2,0.0,1.0,0.0,0.0,0.346938775510204,0.951219512195122,0
0.9431511056511056,0.0821917808219178,0.5,0.033292450542216676,1.0,0.6,0.6666666666666666,0.21428571428571427,0.2,0.0,0.0,0.0,0.0,0.39795918367346933,0.951219512195122,0
0.7365786240786241,0.5753424657534245,0.5,0.1305581540380418,0.6,0.8,0.3333333333333333,0.21428571428571427,0.0,1.0,0.0,0.0,0.0,0.47959183673469385,0.951219512195122,1
0.17312653562653563,0.0273972602739726,0.5,0.03539341024841492,1.0,0.6,0.6666666666666666,0.8571428571428571,0.6000000000000001,0.0,1.0,0.0,0.0,0.2959183673469387,0.951219512195122,0
0.7960995085995086,0.5068493150684932,0.5,0.09286976405779025,0.7333333333333333,0.5333333333333333,0.3333333333333333,1.0,0.0,0.0,0.0,0.0,0.0,0.5,0.951219512195122,0
0.03458230958230958,0.2465753424657534,0.5,0.05351003014239684,0.7333333333333333,0.5333333333333333,0.3333333333333333,1.0,0.0,0.0,0.0,0.0,0.0,0.5,0.951219512195122,1
0.6461302211302211,0.2328767123287671,0.5,0.10451096559609188,0.6,0.8,0.3333333333333333,0.21428571428571427,0.0,0.0,0.0,0.0,0.0,0.44897959183673464,0.951219512195122,1
0.7274262899262899,0.32876712328767127,0.5,0.13909434223746667,0.5333333333333333,0.6666666666666666,0.3333333333333333,0.9285714285714285,1.0,0.0,1.0,0.0,0.0,0.37755102040816324,0.951219512195122,1
0.4652027027027027,0.1780821917808219,0.875,0.15926064511658525,0.7333333333333333,0.5333333333333333,0.8333333333333333,0.07142857142857142,0.8,1.0,1.0,0.0,0.0,0.39795918367346933,0.951219512195122,0
0.20353194103194103,0.1643835616438356,0.5,0.11833558535148807,0.7333333333333333,0.5333333333333333,0.3333333333333333,0.21428571428571427,0.0,1.0,0.0,0.0,0.0,0.47959183673469385,0.951219512195122,0
0.030988943488943488,0.1232876712328767,0.5,0.06714548037279562,1.0,0.6,0.3333333333333333,0.8571428571428571,0.0,0.0,0.0,0.0,0.0,0.5,0.2682926829268293,0
0.6591523341523341,0.1232876712328767,0.5,0.08335031008557668,0.6,0.8,0.6666666666666666,0.07142857142857142,0.6000000000000001,1.0,1.0,0.0,0.0,0.31632653061224486,0.951219512195122,0
0.9386977886977886,0.3150684931506849,0.5,0.1462024044624606,0.6,0.8,0.3333333333333333,0.07142857142857142,0.0,0.0,0.0,0.0,0.0,0.5,0.951219512195122,1
0.2830159705159705,0.2876712328767123,0.25,0.1488888888888889,0.6,0.8,0.3333333333333333,0.21428571428571427,0.0,1.0,0.0,0.0,0.0,0.39795918367346933,0.7317073170731707,0
0.6893427518427518,0.2602739726027397,0.5,0.18249523611544194,0.3333333333333333,0.2,0.5,0.5,0.8,0.0,1.0,0.02977029770297703,0.0,0.39795918367346933,0.8048780487804879,0
0.018949631449631448,0.4520547945205479,0.75,0.07056231161001975,0.7333333333333333,0.5333333333333333,0.3333333333333333,0.2857142857142857,0.0,0.0,0.0,0.0,0.0,0.31632653061224486,0.951219512195122,0
0.5944410319410319,0.30136986301369856,0.625,0.11104389703080067,0.6,0.8,0.3333333333333333,0.7142857142857142,0.0,0.0,0.0,0.0,0.0,0.5,0.951219512195122,1
0.26627764127764125,0.0684931506849315,0.5,0.07806187852960537,1.0,0.6,0.3333333333333333,0.07142857142857142,1.0,1.0,1.0,0.0,0.0,0.43877551020408156,0.951219512195122,0
0.773433660933661,0.0958904109589041,0.5,0.07807781588885424,0.7333333333333333,0.5333333333333333,0.6666666666666666,0.5,0.6000000000000001,0.0,0.0,0.0,0.0,0.2959183673469387,0.951219512195122,0
0.3653869778869779,0.41095890410958896,0.5,0.12402868724664796,1.0,0.6,0.3333333333333333,0.8571428571428571,0.0,0.0,0.0,0.0,0.0,0.5,0.951219512195122,1
0.34330466830466827,0.3835616438356165,0.5,0.15411703565117973,0.7333333333333333,0.5333333333333333,0.5,0.5714285714285714,0.8,1.0,1.0,0.0,0.0,0.6020408163265305,0.951219512195122,1
0.15807739557739559,0.0,0.0,0.0794913903613623,0.4,0.26666666666666666,0.6666666666666666,0.0,0.6000000000000001,1.0,0.0,0.0,0.0,0.39795918367346933,0.951219512195122,0
0.2756449631449631,0.3698630136986301,0.5,0.11787894536257491,0.7333333333333333,0.5333333333333333,0.3333333333333333,0.21428571428571427,0.0,0.0,0.0,0.0,0.0,0.39795918367346933,0.951219512195122,1
0.7878685503685503,0.3835616438356165,0.5,0.12173647922946333,0.5333333333333333,0.6666666666666666,0.6666666666666666,0.8571428571428571,0.2,0.0,1.0,0.0,0.0,0.37755102040816324,0.951219512195122,0
0.25558968058968057,0.0410958904109589,0.0,0.0780715795308873,1.0,0.6,0.6666666666666666,0.0,0.6000000000000001,0.0,0.0,0.0,0.0,0.2959183673469387,0.951219512195122,0
0.16867321867321866,0.5205479452054793,0.0,0.12584277448636663,0.7333333333333333,0.5333333333333333,0.0,0.0,0.2,0.0,1.0,0.0,0.0,0.39795918367346933,0.21951219512195122,0
0.3231879606879607,0.27397260273972607,0.5,0.11426116481308249,0.7333333333333333,0.5333333333333333,0.3333333333333333,0.21428571428571427,0.0,0.0,0.0,0.0,0.0,0.39795918367346933,0.951219512195122,0
0.04990786240786241,0.6027397260273972,0.75,0.10455531303052351,0.9333333333333333,0.9333333333333333,0.3333333333333333,0.7142857142857142,0.0,0.0,0.0,0.0,0.0,0.346938775510204,0.951219512195122,1
0.1156019656019656,0.0273972602739726,0.5,0.13192530229012925,1.0,0.6,0.6666666666666666,0.42857142857142855,0.6000000000000001,0.0,0.0,0.0,0.0,0.5,0.951219512195122,0
0.6393427518427518,0.5205479452054793,0.5,0.08941620760142743,0.7333333333333333,0.5333333333333333,0.3333333333333333,0.21428571428571427,0.0,0.0,0.0,0.0,0.0,0.39795918367346933,0.951219512195122,1
0.8886977886977887,0.2191780821917808,0.5,0.12349790389079444,0.7333333333333333,0.5333333333333333,0.6666666666666666,0.21428571428571427,0.2,0.0,0.0,0.0,0.0,0.2959183673469387,0.951219512195122,0
0.06418918918918919,0.3424657534246575,0.5,0.014715033087343657,0.4666666666666667,0.7333333333333334,0.3333333333333333,0.8571428571428571,0.0,0.0,0.0,0.0,0.0,0.44897959183673464,0.951219512195122,1
0.2194103194103194,0.1643835616438356,0.5,0.16274538336278283,0.06666666666666667,0.4,0.0,0.5,0.8,0.0,1.0,0.0,0.0,0.39795918367346933,0.951219512195122,0
0.582063882063882,0.1780821917808219,0.0,0.10177320444860201,1.0,0.6,0.3333333333333333,0.0,1.0,0.0,1.0,0.0,0.0,0.2959183673469387,0.951219512195122,0
0.46078009828009825,0.2465753424657534,0.5,0.22410629525690332,0.4666666666666667,0.7333333333333334,0.3333333333333333,0.8571428571428571,0.0,0.0,0.0,0.0,0.0,0.6020408163265305,0.951219512195122,0
0.5786547911547911,0.3698630136986301,0.5,0.1373724145099262,0.26666666666666666,0.13333333333333336,0.3333333333333333,0.42857142857142855,0.0,0.0,0.0,0.0,0.0,0.39795918367346933,0.6341463414634146,0
0.506019656019656,0.547945205479452,0.25,0.12366143505526105,0.4,0.26666666666666666,0.3333333333333333,0.5714285714285714,0.0,0.0,0.0,0.0,0.0,0.39795918367346933,0.951219512195122,0
0.9128992628992629,0.8767123287671232,0.0,0.05342895748882652,0.9333333333333333,0.9333333333333333,0.3333333333333333,0.0,0.0,0.0,0.0,0.0,0.0,0.2346938775510204,0.951219512195122,1
0.12312653562653562,0.5753424657534245,0.25,0.15531372345217062,0.4666666666666667,0.7333333333333334,0.0,0.7142857142857142,0.2,0.0,1.0,0.0,0.0,0.5,0.951219512195122,0
0.5118550368550369,0.1917808219178082,0.5,0.07701555624848422,0.06666666666666667,0.4,0.3333333333333333,0.3571428571428571,0.0,0.0,0.0,0.0,0.0,0.6530612244897959,0.6341463414634146,0
0.4584152334152334,0.0273972602739726,0.5,0.14687038769358696,1.0,0.6,0.6666666666666666,0.8571428571428571,0.6000000000000001,0.0,1.0,0.0,0.0,0.19387755102040813,0.951219512195122,0
0.1692874692874693,0.0410958904109589,0.5,0.17953365900980495,1.0,0.6,0.6666666666666666,0.8571428571428571,0.6000000000000001,0.0,1.0,0.0,0.0,0.24489795918367346,0.951219512195122,0
0.9255528255528255,0.0136986301369863,0.5,0.17627828015105845,0.06666666666666667,0.4,0.6666666666666666,0.5714285714285714,0.6000000000000001,0.0,0.0,0.0,0.0,0.19387755102040813,0.951219512195122,0
0.1287162162162162,0.1232876712328767,0.5,0.0448401067110141,1.0,0.6,0.6666666666666666,0.5,0.2,1.0,1.0,0.0,0.0,0.37755102040816324,0.951219512195122,0
0.24938574938574937,0.3698630136986301,0.5,0.05993417177701556,0.0,0.33333333333333337,0.3333333333333333,0.5,0.0,0.0,0.0,0.04386043860438604,0.0,0.6020408163265305,0.951219512195122,0
0.702487714987715,0.2054794520547945,0.5,0.1287343657970412,0.06666666666666667,0.4,0.6666666666666666,1.0,0.6000000000000001,0.0,0.0,0.0,0.0,0.39795918367346933,0.951219512195122,0
0.6269963144963144,0.32876712328767127,0.5,0.12355333818383397,0.4666666666666667,0.7333333333333334,0.0,0.2857142857142857,0.2,1.0,1.0,0.0,0.0,0.39795918367346933,0.5609756097560976,0
0.46406633906633904,0.1643835616438356,0.5,0.02865745071544884,0.5333333333333333,0.6666666666666666,0.3333333333333333,0.07142857142857142,0.0,0.0,0.0,0.0,0.0,0.39795918367346933,0.951219512195122,0
0.029269041769041767,0.0136986301369863,0.5,0.11463603921976233,0.7333333333333333,0.5333333333333333,0.6666666666666666,0.5714285714285714,0.6000000000000001,0.0,1.0,0.0,0.0,0.19387755102040813,0.951219512195122,0
0.5157555282555283,0.4520547945205479,0.5,0.17617295499428334,0.06666666666666667,0.4,0.3333333333333333,0.21428571428571427,0.0,0.0,0.0,0.0,0.0,0.39795918367346933,0.951219512195122,0
0.9909090909090909,0.2054794520547945,0.5,0.172309877698091,0.06666666666666667,0.4,0.3333333333333333,0.21428571428571427,0.0,0.0,0.0,0.0,0.4687786960514233,0.2959183673469387,0.951219512195122,0
0.8546990171990172,0.2602739726027397,0.25,0.05763572740186397,0.6,0.8,0.0,0.7142857142857142,0.8,0.0,1.0,0.0,0.0,0.39795918367346933,0.951219512195122,0
0.7886977886977887,0.2876712328767123,0.25,0.11126355541696982,0.6,0.8,0.3333333333333333,0.7142857142857142,1.0,1.0,1.0,0.0,0.4331955922865014,0.39795918367346933,0.951219512195122,1
0.196007371007371,0.5616438356164384,0.625,0.12309739112358382,1.0,0.6,0.3333333333333333,0.2857142857142857,0.0,0.0,0.0,0.0,0.0,0.6530612244897959,0.951219512195122,1
0.7470208845208846,0.4931506849315069,0.5,0.20854242455739183,1.0,0.6,0.8333333333333333,0.21428571428571427,0.2,0.0,0.0,0.0,0.5610651974288338,0.44897959183673464,0.951219512195122,1
0.28356879606879604,0.4931506849315069,0.5,0.039080483664206765,0.7333333333333333,0.5333333333333333,0.3333333333333333,1.0,0.0,0.0,0.0,0.0,0.0,0.39795918367346933,0.951219512195122,0
0.3867014742014742,0.5342465753424657,0.5,0.05554446869694765,1.0,0.6,0.3333333333333333,0.2857142857142857,0.0,1.0,0.0,0.0,0.0,0.5,0.951219512195122,1
0.5503071253071253,0.4246575342465753,0.125,0.16267054706717946,0.7333333333333333,0.5333333333333333,0.0,0.07142857142857142,0.2,0.0,0.0,0.0,0.0,0.39795918367346933,0.951219512195122,0
0.6751535626535626,0.2465753424657534,0.5,0.14033953504486715,0.6,0.8,0.3333333333333333,0.2857142857142857,0.0,0.0,0.0,0.0,0.0,0.39795918367346933,0.951219512195122,1
0.2729115479115479,0.32876712328767127,0.5,0.04884662024044625,0.2,0.06666666666666667,0.3333333333333333,0.3571428571428571,0.0,0.0,0.0,0.0,0.0,0.39795918367346933,0.6341463414634146,0
0.8808968058968059,0.41095890410958896,0.5,0.09151231680698471,0.7333333333333333,0.5333333333333333,0.0,0.21428571428571427,0.8,0.0,0.0,0.0,0.14348025711662074,0.39795918367346933,0.951219512195122,0
0.37054668304668303,0.6027397260273972,0.5,0.07740428922842393,1.0,0.6,0.3333333333333333,0.42857142857142855,0.0,0.0,0.0,0.0,0.0,0.19387755102040813,0.951219512195122,0
0.7474508599508599,0.6164383561643836,0.25,0.0387922253404012,0.7333333333333333,0.5333333333333333,0.3333333333333333,1.0,0.0,0.0,0.0,0.0,0.0,0.39795918367346933,0.951219512195122,0
0.5573095823095823,0.3972602739726027,0.75,0.08232408273568236,0.6,0.8,0.3333333333333333,0.8571428571428571,0.0,0.0,0.0,0.0,0.43663911845730025,0.39795918367346933,0.951219512195122,1
0.9792690417690417,0.2465753424657534,0.0,0.1810435505664692,1.0,0.6,0.6666666666666666,0.0,0.2,1.0,0.0,0.0,0.0,0.2959183673469387,0.951219512195122,0
0.4974201474201474,0.547945205479452,0.0,0.24548938086823963,1.0,0.6,0.0,0.0,0.2,0.0,1.0,0.0,0.0,0.39795918367346933,0.951219512195122,0
0.25429975429975427,0.5205479452054793,0.25,0.0177278869140422,0.6666666666666666,1.0,0.6666666666666666,0.7142857142857142,0.2,0.0,1.0,0.0,0.0,0.6020408163265305,0.951219512195122,0
0.817536855036855,0.136986301369863,0.5,0.060896649689914414,0.3333333333333333,0.2,0.3333333333333333,0.5714285714285714,1.0,0.0,1.0,0.0,0.0,0.39795918367346933,0.951219512195122,0
0.9513513513513513,0.4246575342465753,0.5,0.025633510030142394,0.4666666666666667,0.7333333333333334,0.0,0.07142857142857142,0.8,0.0,1.0,0.0,0.0,0.39795918367346933,0.951219512195122,0
0.1878071253071253,0.2191780821917808,0.25,0.015102380209957385,1.0,0.6,0.3333333333333333,0.7857142857142857,0.0,0.0,0.0,0.0,0.0,0.39795918367346933,0.951219512195122,1
0.7381142506142506,0.1095890410958904,0.25,0.11786370093198904,0.7333333333333333,0.5333333333333333,0.6666666666666666,0.21428571428571427,0.6000000000000001,0.0,0.0,0.0,0.0,0.39795918367346933,0.951219512195122,0
0.7231879606879607,0.32876712328767127,0.5,0.062224993936874196,0.7333333333333333,0.5333333333333333,0.6666666666666666,0.5,0.8,0.0,1.0,0.0,0.0,0.39795918367346933,0.951219512195122,0
0.3430896805896806,0.3972602739726027,0.5,0.029588053909849976,0.7333333333333333,0.5333333333333333,0.3333333333333333,0.5,0.0,0.0,0.0,0.0,0.4331955922865014,0.39795918367346933,0.951219512195122,1
0.016062653562653562,0.27397260273972607,0.25,0.12039635519523266,1.0,0.6,0.3333333333333333,0.9285714285714285,0.0,0.0,0.0,0.0,0.0,0.44897959183673464,0.951219512195122,1
0.6120393120393121,0.4931506849315069,0.5,0.12479714513390845,0.7333333333333333,0.5333333333333333,0.8333333333333333,1.0,0.8,0.0,0.0,0.0,0.0,0.44897959183673464,0.951219512195122,0
0.3849508599508599,0.0958904109589041,0.875,0.15288292970238715,0.6,0.8,0.6666666666666666,0.7142857142857142,0.2,0.0,0.0,0.0,0.0,0.19387755102040813,0.951219512195122,0
0.580036855036855,0.5068493150684932,0.5,0.08776565152617538,0.7333333333333333,0.5333333333333333,0.3333333333333333,0.8571428571428571,0.0,0.0,0.0,0.0,0.0,0.43877551020408156,0.951219512195122,0
0.08028255528255528,0.32876712328767127,0.5,0.20276547829400965,0.6,0.8,0.3333333333333333,0.2857142857142857,0.0,0.0,0.0,0.0,0.0,0.39795918367346933,0.951219512195122,1
0.5582002457002457,0.5342465753424657,0.5,0.062239545438797075,0.7333333333333333,0.5333333333333333,0.3333333333333333,0.42857142857142855,0.0,0.0,0.0,0.0,0.0,0.39795918367346933,0.951219512195122,0
0.470546683046683,0.0958904109589041,0.5,0.10393722066313273,0.7333333333333333,0.5333333333333333,0.6666666666666666,0.21428571428571427,0.2,0.0,0.0,0.0,0.0,0.39795918367346933,0.951219512195122,0
0.979514742014742,0.4383561643835617,0.25,0.04613103281017219,0.8,0.8666666666666667,1.0,0.7142857142857142,0.8,0.0,1.0,0.0,0.07415059687786961,0.19387755102040813,0.951219512195122,0
0.5246928746928747,0.4520547945205479,0.5,0.10162699650071025,0.3333333333333333,0.2,0.3333333333333333,0.21428571428571427,0.0,0.0,0.0,0.03411034110341103,0.0,0.39795918367346933,0.951219512195122,0
0.037899262899262896,0.1917808219178082,0.5,0.06517825589855523,0.06666666666666667,0.4,0.8333333333333333,0.5714285714285714,0.2,1.0,1.0,0.0,0.0,0.4183673469387755,0.951219512195122,0
0.17877764127764129,0.4931506849315069,0.5,0.10032498354294425,0.4666666666666667,0.7333333333333334,0.3333333333333333,0.5,0.0,0.0,0.0,0.0,0.0,0.39795918367346933,0.951219512195122,1
0.5551597051597051,0.2602739726027397,0.5,0.11270692582198662,0.6,0.8,0.3333333333333333,0.7142857142857142,0.0,0.0,0.0,0.0,0.4331955922865014,0.5,0.951219512195122,1
0.744103194103194,0.30136986301369856,0.875,0.050991927381076115,0.7333333333333333,0.5333333333333333,0.0,0.07142857142857142,0.8,0.0,1.0,0.0,0.0,0.39795918367346933,0.951219512195122,0
0.5976965601965601,0.0273972602739726,0.0,0.17028098257284413,0.7333333333333333,0.5333333333333333,0.6666666666666666,0.0,0.2,0.0,1.0,0.0,0.0,0.1530612244897959,0.951219512195122,0
0.9631142506142506,0.1506849315068493,0.5,0.11516751550427883,0.6,0.8,0.6666666666666666,0.2857142857142857,0.8,1.0,1.0,0.0,0.0,0.44897959183673464,0.0,0
0.9470823095823095,0.3150684931506849,0.5,0.1247091431937082,0.8,0.8666666666666667,0.6666666666666666,0.7142857142857142,0.2,0.0,0.0,0.0,0.0,0.346938775510204,0.951219512195122,0
0.6338759213759214,0.2876712328767123,0.75,0.11990437584450679,0.7333333333333333,0.5333333333333333,0.3333333333333333,0.42857142857142855,0.0,0.0,0.0,0.0,0.0,0.39795918367346933,0.951219512195122,1
0.46378992628992627,0.46575342465753417,0.75,0.18305165783182623,0.4666666666666667,0.7333333333333334,0.3333333333333333,0.8571428571428571,0.0,0.0,0.0,0.03103031030310303,0.0,0.2959183673469387,0.951219512195122,1
0.4023955773955774,0.2191780821917808,0.5,0.11680975643557497,0.7333333333333333,0.5333333333333333,0.0,0.2857142857142857,0.2,0.0,0.0,0.0,0.0,0.39795918367346933,0.951219512195122,0
0.9963144963144963,0.1780821917808219,0.75,0.11357100786474032,1.0,0.6,0.5,0.21428571428571427,0.6000000000000001,0.0,0.0,0.0,0.0,0.6020408163265305,0.951219512195122,1
0.8543304668304668,0.0821917808219178,0.5,0.1510792363926134,1.0,0.6,0.6666666666666666,0.5714285714285714,0.2,1.0,0.0,0.0,0.0,0.39795918367346933,0.14634146341463417,0
0.45752457002457003,0.32876712328767127,0.5,0.1480144129161903,1.0,0.6,0.3333333333333333,0.21428571428571427,0.0,0.0,0.0,0.0,0.0,0.47959183673469385,0.951219512195122,1
0.7168611793611793,0.3972602739726027,0.5,0.23059834390049544,0.7333333333333333,0.5333333333333333,0.0,0.2857142857142857,0.2,0.0,0.0,0.0,0.0,0.47959183673469385,0.951219512195122,1
0.2507678132678133,0.3424657534246575,0.5,0.11971867096282436,0.7333333333333333,0.5333333333333333,0.8333333333333333,0.07142857142857142,0.8,0.0,1.0,0.0,0.0,0.346938775510204,0.8292682926829269,0
0.4627457002457002,0.46575342465753417,0.25,0.04330734850847105,1.0,0.6,1.0,0.07142857142857142,0.2,0.0,1.0,0.0,0.0,0.39795918367346933,0.951219512195122,0
0.33789926289926286,0.1095890410958904,0.5,0.12801926341683126,0.0,0.33333333333333337,0.6666666666666666,0.21428571428571427,0.6000000000000001,0.0,0.0,0.0,0.0,0.39795918367346933,0.951219512195122,0
0.38848280098280097,0.2191780821917808,0.5,0.11260367945120049,0.7333333333333333,0.5333333333333333,0.3333333333333333,0.21428571428571427,0.0,0.0,0.0,0.0,0.0,0.39795918367346933,0.951219512195122,0
0.030958230958230956,0.5068493150684932,0.75,0.07672521913868967,0.7333333333333333,0.5333333333333333,0.3333333333333333,0.21428571428571427,0.0,0.0,0.0,0.15024150241502415,0.0,0.520408163265306,0.951219512195122,1
0.5953009828009828,0.5205479452054793,0.75,0.059644527595884,0.7333333333333333,0.5333333333333333,0.6666666666666666,0.21428571428571427,0.6000000000000001,0.0,0.0,0.0,0.0,0.346938775510204,0.951219512195122,0
0.9841216216216216,0.5342465753424657,0.125,0.21173266812181687,0.6,0.8,0.0,0.07142857142857142,0.2,0.0,0.0,0.0,0.0,0.39795918367346933,0.951219512195122,0
0.4754914004914005,0.1917808219178082,0.5,0.13341925648754463,0.7333333333333333,0.5333333333333333,0.0,0.5,0.2,0.0,0.0,0.0,0.0,0.39795918367346933,0.951219512195122,0
0.8892813267813268,0.1917808219178082,0.5,0.1598579496240862,1.0,0.6,0.8333333333333333,0.42857142857142855,0.2,0.0,0.0,0.0,0.0,0.39795918367346933,0.951219512195122,0
0.8012899262899262,0.0,0.75,0.1121401101756574,0.13333333333333333,0.4666666666666667,0.6666666666666666,0.42857142857142855,0.6000000000000001,0.0,0.0,0.0,0.0,0.14285714285714282,0.951219512195122,0
0.23144963144963143,0.35616438356164376,0.5,0.07483075217406368,0.7333333333333333,0.5333333333333333,0.3333333333333333,0.21428571428571427,0.0,0.0,0.0,0.0,0.0,0.39795918367346933,0.951219512195122,1
0.7448710073710073,0.3698630136986301,0.5,0.039124831098638395,1.0,0.6,0.3333333333333333,0.8571428571428571,0.0,0.0,0.0,0.0,0.0,0.47959183673469385,0.951219512195122,0
0.3976044226044226,0.6438356164383561,0.75,0.10957696705124208,1.0,0.6,1.0,0.21428571428571427,0.2,0.0,1.0,0.0,0.0,0.07142857142857142,0.951219512195122,0
0.8098280098280098,0.2328767123287671,0.5,0.2555992100613242,0.7333333333333333,0.5333333333333333,0.3333333333333333,0.2857142857142857,0.0,0.0,0.0,0.0,0.0,0.39795918367346933,0.951219512195122,1
0.7007063882063882,0.2191780821917808,0.5,0.11303537400824584,0.4,0.26666666666666666,0.0,0.21428571428571427,0.8,0.0,0.0,0.0011400114001140012,0.0,0.5510204081632653,0.951219512195122,0
0.22177518427518428,0.0684931506849315,0.5,0.036037140976336486,0.7333333333333333,0.5333333333333333,0.6666666666666666,0.9285714285714285,0.2,0.0,1.0,0.0,0.0,0.39795918367346933,0.951219512195122,0
0.4199938574938575,0.5205479452054793,0.75,0.04477427848802965,0.4666666666666667,0.7333333333333334,0.3333333333333333,0.2857142857142857,0.0,0.0,0.0,0.0,0.0,0.5510204081632653,0.951219512195122,1
0.02039312039312039,0.0410958904109589,0.5,0.0477150677337768,1.0,0.6,0.6666666666666666,0.8571428571428571,0.2,0.0,1.0,0.0,0.0,0.24489795918367346,0.951219512195122,0
0.9992014742014742,0.27397260273972607,0.5,0.11561653327789903,1.0,0.6,0.0,0.07142857142857142,0.8,0.0,1.0,0.0,0.0,0.38775510204081626,0.951219512195122,0
0.940571253071253,0.1643835616438356,0.5,0.11591310674566054,0.6,0.8,0.6666666666666666,0.07142857142857142,0.2,0.0,1.0,0.0,0.0,0.39795918367346933,0.951219512195122,0
0.3642199017199017,0.1780821917808219,0.5,0.17017565741606902,0.6,0.8,0.6666666666666666,0.8571428571428571,0.2,0.0,1.0,0.0,0.0,0.2959183673469387,0.951219512195122,0
0.46292997542997544,0.0684931506849315,0.5,0.09350517964175588,0.6,0.8,0.6666666666666666,0.5714285714285714,0.2,0.0,0.0,0.0,0.0,0.2959183673469387,0.951219512195122,0
0.4011056511056511,0.6301369863013697,0.5,0.13120327062328935,0.4,0.26666666666666666,0.3333333333333333,0.3571428571428571,0.0,1.0,0.0,0.0,0.0,0.39795918367346933,0.951219512195122,0
0.7006142506142506,0.3835616438356165,0.5,0.09167030454214738,0.6,0.8,0.3333333333333333,0.7142857142857142,0.0,0.0,0.0,0.0,0.0,0.39795918367346933,0.951219512195122,1
0.26179361179361177,0.3972602739726027,0.5,0.10226518379932785,0.6,0.8,0.3333333333333333,0.2857142857142857,0.0,0.0,0.0,0.0,0.0,0.39795918367346933,0.951219512195122,1
0.04253685503685504,0.3835616438356165,0.5,0.07969926896026054,1.0,0.6,0.6666666666666666,0.5,0.6000000000000001,0.0,0.0,0.0,0.0,0.44897959183673464,0.951219512195122,0
0.22048525798525798,0.5342465753424657,0.5,0.21206665973738004,0.7333333333333333,0.5333333333333333,0.3333333333333333,0.5,0.0,0.0,0.0,0.0,0.0,0.39795918367346933,0.951219512195122,0
0.0003071253071253071,0.27397260273972607,0.5,0.18582891591310677,1.0,0.6,0.3333333333333333,0.2857142857142857,0.0,1.0,0.0,0.0,0.0,0.8061224489795917,0.951219512195122,1
0.3054054054054054,0.2191780821917808,0.5,0.12900045040363095,0.4666666666666667,0.7333333333333334,0.0,0.8571428571428571,0.2,0.0,1.0,0.0,0.0,0.44897959183673464,0.951219512195122,0
0.28335380835380836,0.3424657534246575,0.5,0.0972061116308076,0.7333333333333333,0.5333333333333333,1.0,0.8571428571428571,0.8,1.0,1.0,0.0,0.0,0.39795918367346933,0.951219512195122,0
0.7468058968058968,0.5342465753424657,0.5,0.12312649412742958,1.0,0.6,0.3333333333333333,0.21428571428571427,0.0,0.0,0.0,0.0,0.43663911845730025,0.6020408163265305,0.951219512195122,1
0.059336609336609336,0.1506849315068493,0.5,0.10412361847347815,0.3333333333333333,0.2,0.3333333333333333,0.5,0.4,1.0,1.0,0.0,0.0,0.47959183673469385,0.07317073170731708,0
0.5871621621621621,0.3698630136986301,0.5,0.16425666077677303,0.7333333333333333,0.5333333333333333,0.3333333333333333,1.0,0.0,0.0,0.0,0.0,0.0,0.39795918367346933,0.17073170731707318,0
0.35899877149877146,0.1232876712328767,0.5,0.20081904167965908,0.7333333333333333,0.5333333333333333,0.3333333333333333,0.5,0.0,0.0,0.0,0.034640346403464035,0.0,0.47959183673469385,0.951219512195122,0
0.92754914004914,0.6164383561643836,0.25,0.13251567751100024,0.3333333333333333,0.2,0.3333333333333333,0.21428571428571427,0.0,0.0,0.0,0.028290282902829027,0.0,0.39795918367346933,0.951219512195122,0
0.7456388206388206,0.2191780821917808,0.5,0.10792017461802307,0.7333333333333333,0.5333333333333333,0.0,0.5714285714285714,0.8,0.0,1.0,0.0,0.0,0.31632653061224486,0.951219512195122,0
0.11151719901719902,0.5890410958904109,0.0,0.12385337629491043,0.7333333333333333,0.5333333333333333,0.3333333333333333,0.0,0.0,0.0,0.0,0.0,0.0,0.39795918367346933,0.951219512195122,0
0.05743243243243243,0.3150684931506849,0.5,0.11178463777154142,0.0,0.33333333333333337,0.3333333333333333,1.0,0.0,0.0,0.0,0.0,0.0,0.39795918367346933,0.951219512195122,0
0.8199631449631449,0.2602739726027397,0.5,0.18107542528496692,0.6,0.8,0.6666666666666666,0.5714285714285714,0.2,0.0,1.0,0.0,0.0,0.39795918367346933,0.951219512195122,0
0.7035012285012285,0.41095890410958896,0.25,0.07931885112427675,0.8,0.8666666666666667,0.3333333333333333,0.7142857142857142,0.0,0.0,0.0,0.0,0.0,0.39795918367346933,0.951219512195122,1
0.6049140049140049,0.1780821917808219,0.5,0.2644770120916052,0.4666666666666667,0.7333333333333334,0.0,0.07142857142857142,0.2,0.0,1.0,0.0,0.0,0.24489795918367346,0.951219512195122,0
0.8381449631449631,0.5342465753424657,0.5,0.04400097010012819,0.7333333333333333,0.5333333333333333,0.3333333333333333,0.2857142857142857,0.0,0.0,0.0,0.0,0.0,0.39795918367346933,0.951219512195122,1
0.8252149877149877,0.1506849315068493,0.125,0.19843813879361122,0.6,0.8,0.6666666666666666,0.9285714285714285,0.2,1.0,1.0,0.0,0.0,0.39795918367346933,0.951219512195122,0
0.05786240786240786,0.136986301369863,0.25,0.17402626199632748,1.0,0.6,0.6666666666666666,0.2857142857142857,0.8,0.0,0.0,0.0,0.0,0.39795918367346933,0.951219512195122,0
0.34054054054054056,0.32876712328767127,0.75,0.18833870353047155,0.5333333333333333,0.6666666666666666,0.0,0.8571428571428571,0.2,0.0,0.0,0.0,0.0,0.6020408163265305,0.951219512195122,0
0.628992628992629,0.5205479452054793,0.0,0.21047153795516751,0.3333333333333333,0.2,0.3333333333333333,0.0,0.0,0.0,0.0,0.0,0.0,0.39795918367346933,0.0,0
0.18839066339066338,0.6438356164383561,0.875,0.13784914943006618,0.6,0.8,0.3333333333333333,0.07142857142857142,0.0,0.0,0.0,0.0,0.0,0.39795918367346933,0.951219512195122,0
0.9900184275184275,0.41095890410958896,0.5,0.0731483213803139,0.4666666666666667,0.7333333333333334,0.0,0.8571428571428571,0.6000000000000001,0.0,0.0,0.0,0.0,0.43877551020408156,0.951219512195122,0
0.4593673218673219,0.0821917808219178,0.5,0.08941412881543845,1.0,0.6,0.6666666666666666,0.5714285714285714,0.6000000000000001,0.0,0.0,0.0,0.0,0.39795918367346933,0.951219512195122,0
0.3928132678132678,0.3835616438356165,0.125,0.05975747496795204,0.4666666666666667,0.7333333333333334,0.3333333333333333,0.07142857142857142,0.0,0.0,0.0,0.0,0.0,0.39795918367346933,0.951219512195122,1
0.44342751842751843,0.3698630136986301,0.75,0.1817392509441153,0.7333333333333333,0.5333333333333333,0.6666666666666666,0.21428571428571427,0.2,0.0,0.0,0.14344143441434415,0.0,0.39795918367346933,0.951219512195122,1
0.27834766584766585,0.3972602739726027,0.875,0.1639538509510446,0.6,0.8,0.3333333333333333,0.2857142857142857,0.0,0.0,0.0,0.0,0.0,0.39795918367346933,0.951219512195122,1
0.41087223587223587,0.27397260273972607,0.25,0.05349825035512594,0.8,0.8666666666666667,0.0,0.2857142857142857,0.2,0.0,1.0,0.0,0.0,0.39795918367346933,0.951219512195122,0
0.389527027027027,0.3424657534246575,0.875,0.1314665835152271,1.0,0.6,0.6666666666666666,0.2857142857142857,0.2,0.0,1.0,0.0,0.0,0.39795918367346933,0.951219512195122,0
0.5589987714987715,0.7534246575342465,0.0,0.07100855766898798,0.3333333333333333,0.2,1.0,0.0,0.8,0.0,1.0,0.0,0.0,0.19387755102040813,0.951219512195122,0
0.10906019656019655,0.0958904109589041,0.5,0.039330630911547655,1.0,0.6,0.6666666666666666,0.8571428571428571,0.2,1.0,0.0,0.0,0.0,0.39795918367346933,0.5609756097560976,0
0.7585380835380835,0.2054794520547945,0.5,0.14615736409936597,0.8666666666666667,0.0,0.3333333333333333,0.5,0.0,0.0,0.0,0.0,0.0,0.39795918367346933,0.6341463414634146,0
0.9519963144963145,0.1643835616438356,0.5,0.06570557461109379,1.0,0.6,0.3333333333333333,0.07142857142857142,0.0,1.0,0.0,0.0,0.0,0.39795918367346933,0.951219512195122,0
0.8691953316953317,0.3424657534246575,0.625,0.09686172608529951,0.9333333333333333,0.9333333333333333,0.3333333333333333,0.7142857142857142,0.0,0.0,0.0,0.0,0.0,0.6020408163265305,0.12195121951219512,1
0.0773034398034398,0.46575342465753417,0.5,0.06544226171915601,0.6,0.8,0.3333333333333333,0.2857142857142857,0.0,0.0,0.0,0.051780517805178054,0.0,0.6020408163265305,0.951219512195122,1
0.24548525798525797,0.2602739726027397,0.5,0.06560579288362263,0.7333333333333333,0.5333333333333333,0.3333333333333333,0.5,0.0,0.0,0.0,0.0,0.0,0.39795918367346933,0.951219512195122,0
0.8234336609336609,0.4246575342465753,0.5,0.021426047188441946,0.9333333333333333,0.9333333333333333,0.0,0.7142857142857142,0.8,0.0,1.0,0.0,0.0,0.24489795918367346,0.951219512195122,0
0.9702395577395577,0.7534246575342465,0.0,0.0668752381942279,0.9333333333333333,0.9333333333333333,0.3333333333333333,0.0,0.0,0.0,0.0,0.0,0.0,0.39795918367346933,0.951219512195122,1
0.6159090909090909,0.0958904109589041,0.5,0.12315421127394933,0.7333333333333333,0.5333333333333333,0.6666666666666666,0.8571428571428571,0.6000000000000001,0.0,0.0,0.0,0.0,0.39795918367346933,0.951219512195122,0
0.4921068796068796,0.2191780821917808,0.5,0.1344246959775491,0.7333333333333333,0.5333333333333333,0.6666666666666666,0.07142857142857142,0.2,1.0,0.0,0.0,0.0,0.39795918367346933,0.951219512195122,0
0.8901105651105651,0.4246575342465753,0.5,0.15440044347434434,0.7333333333333333,0.5333333333333333,0.3333333333333333,0.5,0.0,0.0,0.0,0.0,0.0,0.39795918367346933,0.951219512195122,0
0.6327395577395577,0.3424657534246575,0.5,0.14905727055399648,0.6,0.8,0.3333333333333333,0.07142857142857142,1.0,0.0,1.0,0.0,0.0,0.39795918367346933,0.951219512195122,1
0.6852272727272727,0.0273972602739726,0.5,0.2566975019921699,0.7333333333333333,0.5333333333333333,0.6666666666666666,0.5714285714285714,0.6000000000000001,1.0,1.0,0.0,0.0,0.39795918367346933,0.951219512195122,0
0.8400184275184275,0.3972602739726027,0.5,0.10096386377022486,0.5333333333333333,0.6666666666666666,0.0,0.9285714285714285,0.8,1.0,1.0,0.0,0.14348025711662074,0.39795918367346933,0.951219512195122,0
0.7252764127764127,0.4246575342465753,0.5,0.10225478986938294,0.2,0.06666666666666667,0.3333333333333333,0.5714285714285714,0.0,0.0,0.0,0.0,0.0,0.39795918367346933,0.951219512195122,0
0.01203931203931204,0.3972602739726027,0.75,0.1840841215396875,0.4666666666666667,0.7333333333333334,0.8333333333333333,0.21428571428571427,0.2,0.0,0.0,0.0,0.0,0.39795918367346933,0.951219512195122,0
0.09723587223587224,0.4931506849315069,0.5,0.13814849461247966,1.0,0.6,0.3333333333333333,0.21428571428571427,0.0,0.0,0.0,0.0,0.0,0.5,0.0,1
0.8891584766584766,0.1917808219178082,0.5,0.0673131691092402,0.4666666666666667,0.7333333333333334,0.3333333333333333,0.07142857142857142,1.0,0.0,1.0,0.0,0.39944903581267216,0.39795918367346933,0.951219512195122,0
0.314004914004914,0.0958904109589041,0.5,0.07405397914284724,0.7333333333333333,0.5333333333333333,0.6666666666666666,0.42857142857142855,0.6000000000000001,0.0,0.0,0.0,0.0,0.39795918367346933,0.951219512195122,0
0.6913697788697789,0.46575342465753417,0.5,0.11156567231403526,0.7333333333333333,0.5333333333333333,0.0,0.5714285714285714,0.2,0.0,1.0,0.0,0.0,0.39795918367346933,0.951219512195122,0
0.2546068796068796,0.4520547945205479,0.5,0.09470117451408377,0.7333333333333333,0.5333333333333333,0.3333333333333333,1.0,0.0,0.0,0.0,0.0,0.0,0.5,0.951219512195122,1
0.08578009828009828,0.6027397260273972,0.5,0.0975387173890448,0.7333333333333333,0.5333333333333333,1.0,0.8571428571428571,0.2,0.0,1.0,0.0,0.0,0.346938775510204,0.951219512195122,0
0.2695331695331695,0.5205479452054793,0.625,0.03821362990680109,0.7333333333333333,0.5333333333333333,0.3333333333333333,0.2857142857142857,0.0,0.0,0.0,0.0,0.0,0.6020408163265305,0.951219512195122,0
0.23148034398034398,0.1095890410958904,0.5,0.06385614800956241,1.0,0.6,0.6666666666666666,0.07142857142857142,0.2,0.0,1.0,0.0,0.0,0.5,0.951219512195122,0
0.883968058968059,0.2328767123287671,0.5,0.14845303675986557,0.5333333333333333,0.6666666666666666,0.6666666666666666,0.5714285714285714,0.6000000000000001,0.0,0.0,0.0,0.0,0.39795918367346933,0.951219512195122,0
0.44054054054054054,0.0273972602739726,0.0,0.15917680074836296,1.0,0.6,0.6666666666666666,0.0,0.6000000000000001,0.0,1.0,0.0,0.0,0.39795918367346933,0.951219512195122,0
0.050184275184275186,0.27397260273972607,0.5,0.27262446731109036,0.2,0.06666666666666667,0.3333333333333333,0.5,0.0,0.0,0.0,0.0,0.0,0.39795918367346933,0.6341463414634146,0
0.9909398034398034,0.27397260273972607,0.25,0.11645151231680698,0.6,0.8,0.3333333333333333,0.5714285714285714,0.0,0.0,0.0,0.0,0.0,0.39795918367346933,0.951219512195122,1
0.9134213759213758,0.4520547945205479,0.5,0.00687800990887988,0.8,0.8666666666666667,0.3333333333333333,0.7142857142857142,0.0,0.0,0.0,0.07688076880768807,0.0,0.5,0.951219512195122,1
0.32963759213759214,0.27397260273972607,0.5,0.13588746838512977,1.0,0.6,0.3333333333333333,1.0,0.0,0.0,0.0,0.0,0.0,0.39795918367346933,0.951219512195122,1
0.604576167076167,0.30136986301369856,0.5,0.0935266604303087,0.0,0.33333333333333337,0.3333333333333333,0.21428571428571427,0.0,0.0,0.0,0.0,0.0,0.39795918367346933,0.951219512195122,0
0.6749078624078624,0.547945205479452,0.5,0.04680386654193951,0.7333333333333333,0.5333333333333333,0.3333333333333333,0.21428571428571427,0.0,1.0,0.0,0.0,0.0,0.39795918367346933,0.951219512195122,0
0.2211916461916462,0.6301369863013697,0.75,0.015754426081834874,0.6,0.8,0.3333333333333333,0.7142857142857142,0.0,1.0,0.0,0.0,0.45385674931129477,0.31632653061224486,0.07317073170731708,1
0.2548832923832924,0.0821917808219178,0.75,0.07554862626892561,0.7333333333333333,0.5333333333333333,0.6666666666666666,0.21428571428571427,0.6000000000000001,0.0,0.0,0.0,0.0,0.39795918367346933,0.951219512195122,0
0.9904791154791155,0.35616438356164376,0.5,0.27553407476700276,0.6,0.8,0.3333333333333333,0.2857142857142857,0.0,0.0,0.0,0.0,0.45385674931129477,0.5,0.951219512195122,1
0.8525798525798526,0.2465753424657534,0.5,0.14069084987700517,0.5333333333333333,0.6666666666666666,0.0,0.5714285714285714,0.8,0.0,1.0,0.0,0.0,0.346938775510204,0.951219512195122,0
0.6820331695331695,0.5205479452054793,0.5,0.18345217059903685,1.0,0.6,0.0,0.7857142857142857,0.2,0.0,0.0,0.0,0.0,0.39795918367346933,0.951219512195122,0
0.4461916461916462,0.6575342465753424,0.5,0.05188580535633856,0.06666666666666667,0.4,1.0,0.8571428571428571,0.4,0.0,1.0,0.0,0.0,0.19387755102040813,0.951219512195122,0
0.43688574938574937,0.3424657534246575,0.5,0.07123306655579807,0.7333333333333333,0.5333333333333333,0.3333333333333333,0.07142857142857142,0.0,0.0,0.0,0.0,0.0,0.5,0.951219512195122,0
0.6984029484029484,0.1095890410958904,0.5,0.1578463777154142,0.7333333333333333,0.5333333333333333,0.6666666666666666,0.8571428571428571,0.6000000000000001,1.0,0.0,0.0,0.0,0.39795918367346933,0.951219512195122,0
0.16827395577395576,0.32876712328767127,0.5,0.09646883553338184,0.6,0.8,0.3333333333333333,0.2857142857142857,0.0,0.0,0.0,0.07688076880768807,0.0,0.5,0.951219512195122,1
0.6637592137592138,0.1917808219178082,0.5,0.11160655510515193,0.7333333333333333,0.5333333333333333,0.6666666666666666,0.5714285714285714,0.2,0.0,1.0,0.0,0.0,0.2959183673469387,0.951219512195122,0
0.17828624078624078,0.0410958904109589,0.5,0.06608668537574057,1.0,0.6,0.6666666666666666,0.9285714285714285,0.2,0.0,1.0,0.0,0.0,0.09183673469387754,0.951219512195122,0
0.1242014742014742,0.0273972602739726,0.5,0.16239961195994873,1.0,0.6,0.6666666666666666,0.8571428571428571,0.6000000000000001,0.0,1.0,0.0,0.0,0.39795918367346933,0.951219512195122,0
0.7071560196560196,0.0547945205479452,0.5,0.276328171014794,1.0,0.6,0.6666666666666666,0.07142857142857142,0.6000000000000001,0.0,1.0,0.0,0.0,0.346938775510204,0.951219512195122,0
0.8497235872235872,0.0958904109589041,0.5,0.14227003429996882,0.7333333333333333,0.5333333333333333,0.3333333333333333,0.3571428571428571,0.0,0.0,0.0,0.0,0.0,0.6020408163265305,0.951219512195122,0
0.16286855036855036,0.0273972602739726,0.5,0.07851297508921457,1.0,0.6,0.6666666666666666,0.5714285714285714,0.6000000000000001,0.0,1.0,0.0,0.0,0.39795918367346933,0.951219512195122,0
0.06071867321867322,0.2465753424657534,0.5,0.22944115303329524,1.0,0.6,0.6666666666666666,0.8571428571428571,0.2,0.0,1.0,0.0,0.0,0.39795918367346933,0.951219512195122,0
0.38307739557739556,0.1095890410958904,0.5,0.08764161729549942,1.0,0.6,0.3333333333333333,0.5,0.0,0.0,0.0,0.0,0.0,0.39795918367346933,0.951219512195122,0
0.4225429975429975,0.1917808219178082,0.625,0.23004538682742612,0.7333333333333333,0.5333333333333333,0.6666666666666666,0.21428571428571427,0.2,0.0,0.0,0.0,0.0,0.43877551020408156,0.951219512195122,0
0.7845823095823096,0.32876712328767127,0.5,0.13546339604337734,0.7333333333333333,0.5333333333333333,0.8333333333333333,0.5714285714285714,0.2,0.0,1.0,0.0,0.0,0.39795918367346933,0.951219512195122,0
0.9077395577395577,0.1643835616438356,0.5,0.04571666146970169,0.7333333333333333,0.5333333333333333,0.3333333333333333,0.5,0.0,0.0,0.0,0.0,0.0,0.39795918367346933,0.951219512195122,0
0.04886363636363636,0.1232876712328767,0.25,0.023429303953158023,0.6,0.8,0.3333333333333333,0.7142857142857142,0.0,0.0,0.0,0.0,0.0,0.39795918367346933,0.951219512195122,0
0.2698095823095823,0.0958904109589041,0.5,0.014168312372241277,0.7333333333333333,0.5333333333333333,0.3333333333333333,0.21428571428571427,0.0,0.0,0.0,0.0,0.0,0.5,0.951219512195122,0
0.9380835380835381,0.0958904109589041,0.5,0.07326889096767487,1.0,0.6,0.6666666666666666,0.42857142857142855,0.6000000000000001,0.0,0.0,0.0,0.0,0.2959183673469387,0.951219512195122,0
0.30687960687960686,0.3698630136986301,0.5,0.12698610678030697,0.7333333333333333,0.5333333333333333,0.0,0.5,0.6000000000000001,1.0,1.0,0.0,0.0,0.39795918367346933,0.951219512195122,0
0.7091216216216216,0.30136986301369856,0.5,0.11974777396667012,0.6,0.8,0.3333333333333333,0.7142857142857142,0.0,0.0,0.0,0.0,0.0,0.47959183673469385,0.951219512195122,1
0.11815110565110565,0.3698630136986301,0.5,0.06317707791982816,0.7333333333333333,0.5333333333333333,0.3333333333333333,0.8571428571428571,1.0,0.0,1.0,0.0,0.0,0.39795918367346933,0.951219512195122,1
0.4863022113022113,0.1095890410958904,0.5,0.1647458684128469,0.8,0.8666666666666667,0.3333333333333333,0.5,0.2,0.0,0.0,0.0,0.0,0.39795918367346933,0.6341463414634146,0
0.32014742014742015,0.46575342465753417,0.5,0.1644728545196272,1.0,0.6,0.0,0.21428571428571427,0.2,0.0,0.0,0.0,0.0,0.47959183673469385,0.951219512195122,1
0.7380528255528256,0.2054794520547945,0.5,0.11004122925544815,0.7333333333333333,0.5333333333333333,0.3333333333333333,1.0,0.0,0.0,0.0,0.0,0.0,0.5,0.951219512195122,1
0.5567260442260442,0.2602739726027397,0.5,0.32688147455219485,0.7333333333333333,0.5333333333333333,0.0,0.5,0.8,0.0,0.0,0.0,0.0,0.39795918367346933,0.951219512195122,0
0.7451781326781327,0.136986301369863,0.5,0.030747323563039185,0.7333333333333333,0.5333333333333333,0.3333333333333333,0.42857142857142855,0.0,1.0,0.0,0.0,0.0,0.07142857142857142,0.951219512195122,0
0.8836916461916462,0.0547945205479452,0.0,0.07739874579911998,1.0,0.6,0.6666666666666666,0.0,0.4,1.0,0.0,0.0,0.0,0.09183673469387754,0.975609756097561,0
0.38178746928746926,0.35616438356164376,0.5,0.0362720437930915,0.7333333333333333,0.5333333333333333,0.3333333333333333,0.21428571428571427,0.0,0.0,0.0,0.0,0.0,0.39795918367346933,0.951219512195122,0
0.8107186732186732,0.1095890410958904,0.5,0.07024148563905346,0.7333333333333333,0.5333333333333333,0.8333333333333333,0.2857142857142857,0.8,0.0,1.0,0.0,0.0,0.36734693877551017,0.951219512195122,0
0.571068796068796,0.27397260273972607,0.5,0.06349998267678342,0.7333333333333333,0.5333333333333333,1.0,0.07142857142857142,0.8,0.0,1.0,0.0,0.0,0.6836734693877551,0.951219512195122,0
0.9367014742014742,0.2876712328767123,0.5,0.11305546893947267,0.7333333333333333,0.5333333333333333,0.6666666666666666,0.42857142857142855,0.2,1.0,0.0,0.0,0.0,0.39795918367346933,0.951219512195122,0
0.30967444717444714,0.1643835616438356,0.75,0.0913127533520424,0.3333333333333333,0.2,0.3333333333333333,0.3571428571428571,0.0,0.0,0.0,0.0,0.0,0.7244897959183673,0.951219512195122,0
0.9885749385749385,0.1643835616438356,0.5,0.09779371513702664,0.6,0.8,0.6666666666666666,0.2857142857142857,0.2,0.0,1.0,0.0,0.0,0.5510204081632653,0.951219512195122,0
0.6751228501228501,0.0136986301369863,0.5,0.08944184596195821,1.0,0.6,0.6666666666666666,0.5714285714285714,0.2,0.0,1.0,0.0,0.0,0.39795918367346933,0.951219512195122,0
0.054729729729729726,0.1643835616438356,0.5,0.11865571839379137,0.0,0.33333333333333337,0.6666666666666666,0.5714285714285714,0.6000000000000001,0.0,0.0,0.0,0.0,0.39795918367346933,0.951219512195122,0
0.04523955773955774,0.7123287671232876,0.875,0.13621868828604097,0.8,0.8666666666666667,0.3333333333333333,0.7142857142857142,0.0,0.0,0.0,0.0,0.0,0.1020408163265306,0.951219512195122,0
0.9969594594594594,0.0958904109589041,0.5,0.1884987700516232,0.6,0.8,0.6666666666666666,0.5,0.2,0.0,1.0,0.0,0.0,0.31632653061224486,0.951219512195122,0
0.955958230958231,0.3972602739726027,0.5,0.06716141773204448,1.0,0.6,0.3333333333333333,0.07142857142857142,0.0,0.0,0.0,0.0,0.0,0.39795918367346933,0.951219512195122,1
0.8049447174447174,0.2054794520547945,0.5,0.16879742230537367,0.6,0.8,0.3333333333333333,0.2857142857142857,0.0,0.0,0.0,0.0,0.0,0.42857142857142855,0.951219512195122,1
0.47156019656019654,0.0410958904109589,0.125,0.2272334823129959,0.7333333333333333,0.5333333333333333,0.6666666666666666,0.07142857142857142,0.6000000000000001,0.0,1.0,0.0,0.0,0.39795918367346933,0.951219512195122,0
0.0781019656019656,0.5068493150684932,0.5,0.11338183833974293,0.7333333333333333,0.5333333333333333,1.0,0.5,0.8,0.0,0.0,0.00914009140091401,0.0,0.39795918367346933,0.951219512195122,0
0.2573095823095823,0.3150684931506849,0.5,0.12583376641374772,0.5333333333333333,0.6666666666666666,0.6666666666666666,0.5,0.6000000000000001,0.0,0.0,0.0,0.0,0.39795918367346933,0.951219512195122,0
0.4819103194103194,0.4246575342465753,0.5,0.06759311228908983,0.8,0.8666666666666667,0.3333333333333333,0.7142857142857142,0.0,0.0,0.0,0.0,0.43663911845730025,0.39795918367346933,0.951219512195122,1
0.2603194103194103,0.1506849315068493,0.5,0.017374493295915186,0.5333333333333333,0.6666666666666666,0.3333333333333333,0.7142857142857142,0.0,0.0,0.0,1.0,0.0,0.5,0.951219512195122,1
0.3448402948402948,0.1780821917808219,0.0,0.058896164639850326,1.0,0.6,0.8333333333333333,0.0,0.2,0.0,0.0,0.0,0.0,0.6020408163265305,0.951219512195122,0
0.28734643734643733,0.0410958904109589,0.5,0.13793437965561448,1.0,0.6,0.6666666666666666,0.42857142857142855,0.6000000000000001,0.0,1.0,0.0,0.0,0.19387755102040813,0.951219512195122,0
0.00730958230958231,0.2876712328767123,0.25,0.07122683019783113,0.8,0.8666666666666667,0.3333333333333333,0.2857142857142857,0.0,0.0,0.0,0.0,0.0,0.7040816326530611,0.951219512195122,1
0.6282555282555282,0.2602739726027397,0.75,0.01661989398191456,0.7333333333333333,0.5333333333333333,0.3333333333333333,0.3571428571428571,0.0,0.0,0.0,0.0,0.45385674931129477,0.6530612244897959,0.951219512195122,1
0.4073095823095823,0.32876712328767127,0.5,0.1905699338253127,0.7333333333333333,0.5333333333333333,0.3333333333333333,0.7142857142857142,0.0,0.0,0.0,0.0,0.43663911845730025,0.39795918367346933,0.951219512195122,1
0.35896805896805895,0.6849315068493149,0.0,0.04299622353878668,0.7333333333333333,0.5333333333333333,1.0,0.0,0.2,0.0,1.0,0.0,0.0,0.09183673469387754,0.2682926829268293,0
0.5205159705159705,0.136986301369863,0.5,0.012089526383258843,0.6,0.8,0.6666666666666666,0.7142857142857142,0.2,0.0,1.0,0.048650486504865045,0.0,0.3571428571428571,0.951219512195122,0
0.48273955773955773,0.6164383561643836,0.5,0.10431348092713855,0.7333333333333333,0.5333333333333333,0.3333333333333333,0.2857142857142857,0.0,0.0,0.0,0.0,0.0,0.39795918367346933,0.951219512195122,1
0.7791461916461916,0.32876712328767127,0.75,0.2517333610504799,1.0,0.6,0.3333333333333333,0.8571428571428571,0.0,0.0,0.0,0.0,0.0,0.6020408163265305,0.6341463414634146,1
0.7406326781326781,0.0136986301369863,0.5,0.19547656168797423,0.06666666666666667,0.4,0.6666666666666666,0.42857142857142855,0.2,0.0,0.0,0.0,0.0,0.39795918367346933,0.951219512195122,0
0.5482493857493858,0.1917808219178082,0.5,0.2690295534074767,1.0,0.6,0.3333333333333333,0.07142857142857142,0.0,0.0,0.0,0.0,0.0,0.39795918367346933,0.951219512195122,0
0.5628685503685503,0.1232876712328767,0.5,0.10266431070921249,0.7333333333333333,0.5333333333333333,0.0,0.21428571428571427,0.2,0.0,0.0,0.0,0.0,0.39795918367346933,0.951219512195122,0
0.12638206388206388,0.2328767123287671,0.5,0.18234625645289818,1.0,0.6,0.3333333333333333,0.7142857142857142,0.0,0.0,0.0,0.051780517805178054,0.0,0.39795918367346933,0.951219512195122,1
0.463544226044226,0.1095890410958904,0.5,0.13569760593146937,0.6,0.8,0.6666666666666666,0.7142857142857142,0.4,0.0,0.0,0.0,0.0,0.39795918367346933,0.951219512195122,0
0.22524570024570023,0.2876712328767123,0.5,0.11245262100266777,0.0,0.33333333333333337,0.3333333333333333,0.21428571428571427,0.0,1.0,0.0,0.0,0.0,0.44897959183673464,0.951219512195122,0
0.5244164619164619,0.46575342465753417,0.75,0.051011329383639954,0.0,0.33333333333333337,1.0,1.0,0.4,0.0,1.0,0.0,0.0,0.39795918367346933,0.951219512195122,0
0.06339066339066339,0.5890410958904109,0.5,0.1002002563836053,1.0,0.6,0.0,0.07142857142857142,0.2,0.0,1.0,0.0,0.0,0.39795918367346933,0.951219512195122,0
0.7996314496314496,0.2876712328767123,0.75,0.08002425250320479,0.7333333333333333,0.5333333333333333,0.0,0.3571428571428571,0.6000000000000001,0.0,0.0,0.0,0.0,0.5,0.951219512195122,0
0.7593673218673218,0.0273972602739726,0.5,0.11870145168554898,1.0,0.6,0.6666666666666666,1.0,0.6000000000000001,0.0,0.0,0.0,0.0,0.24489795918367346,0.951219512195122,0
0.09975429975429975,0.3972602739726027,0.625,0.1843446627169733,0.6,0.8,0.3333333333333333,0.8571428571428571,0.0,0.0,0.0,0.0,0.0,0.44897959183673464,0.951219512195122,0
0.72002457002457,0.0958904109589041,0.5,0.29557149291480445,0.6,0.8,0.6666666666666666,0.8571428571428571,0.2,0.0,0.0,0.0,0.0,0.39795918367346933,0.951219512195122,0
0.6927825552825553,0.5205479452054793,0.75,0.05741884073034681,1.0,0.6,0.3333333333333333,1.0,0.0,0.0,0.0,0.0,0.0,0.9999999999999999,0.951219512195122,0
0.7099508599508599,0.1917808219178082,0.5,0.25644111838686207,1.0,0.6,0.6666666666666666,0.07142857142857142,0.2,0.0,0.0,0.0,0.0,0.39795918367346933,0.2682926829268293,0
0.1721130221130221,0.0821917808219178,0.5,0.017923292797006544,0.06666666666666667,0.4,0.6666666666666666,0.5714285714285714,0.4,0.0,0.0,0.0,0.0,0.39795918367346933,0.7317073170731707,0
0.5789619164619164,0.1095890410958904,0.5,0.1131240688771091,0.7333333333333333,0.5333333333333333,0.6666666666666666,0.07142857142857142,0.2,0.0,0.0,0.0,0.0,0.5,0.951219512195122,0
0.02371007371007371,0.1917808219178082,0.5,0.1606638256591484,0.7333333333333333,0.5333333333333333,0.0,0.21428571428571427,0.8,0.0,0.0,0.0,0.0,0.5510204081632653,0.951219512195122,0
0.7552825552825553,0.2054794520547945,0.5,0.13652912032706233,0.7333333333333333,0.5333333333333333,0.8333333333333333,0.2857142857142857,0.2,0.0,0.0,0.0,0.0,0.39795918367346933,0.0,0
0.9540540540540541,0.1232876712328767,0.5,0.13893774035963,0.7333333333333333,0.5333333333333333,0.6666666666666666,0.5,0.2,0.0,0.0,0.0,0.0,0.39795918367346933,0.951219512195122,0
0.9115786240786241,0.4383561643835617,0.5,0.12132141496032982,0.8,0.8666666666666667,0.3333333333333333,0.2857142857142857,0.0,0.0,0.0,0.15024150241502415,0.0,0.5,0.951219512195122,1
0.5749078624078624,0.2054794520547945,0.25,0.06087378304403561,0.7333333333333333,0.5333333333333333,0.0,0.07142857142857142,0.8,0.0,1.0,0.0,0.0,0.39795918367346933,0.951219512195122,0
0.949539312039312,0.32876712328767127,0.5,0.20647195371236532,0.7333333333333333,0.5333333333333333,0.3333333333333333,0.8571428571428571,0.0,0.0,0.0,0.0,0.0,0.39795918367346933,0.951219512195122,0
0.7022420147420148,0.6027397260273972,0.5,0.23916571388975505,0.7333333333333333,0.5333333333333333,0.3333333333333333,0.5714285714285714,0.0,0.0,0.0,0.0,0.0,0.39795918367346933,0.951219512195122,0
0.38316953316953317,0.547945205479452,0.5,0.06313827391470048,0.26666666666666666,0.13333333333333336,0.3333333333333333,1.0,0.0,0.0,0.0,0.0,0.0,0.39795918367346933,0.951219512195122,0
0.07023955773955774,0.3972602739726027,0.25,0.14130824931573296,0.6,0.8,0.3333333333333333,0.7142857142857142,0.0,0.0,0.0,0.0,0.0,0.346938775510204,0.951219512195122,1
0.4750307125307125,0.2054794520547945,0.5,0.13506288327616672,0.6,0.8,0.6666666666666666,0.7142857142857142,0.2,0.0,0.0,0.0,0.0,0.44897959183673464,0.951219512195122,1
0.8343673218673219,0.0,0.5,0.4915823026019472,0.0,0.33333333333333337,0.6666666666666666,0.5714285714285714,0.6000000000000001,0.0,0.0,0.0,0.0,0.14285714285714282,0.951219512195122,0
0.008445945945945946,0.35616438356164376,0.5,0.3226954924990472,0.7333333333333333,0.5333333333333333,0.3333333333333333,0.42857142857142855,0.0,1.0,0.0,0.0,0.0,0.39795918367346933,0.951219512195122,0
0.9926597051597051,0.5068493150684932,0.875,0.08770190208917991,0.7333333333333333,0.5333333333333333,0.3333333333333333,0.7142857142857142,0.0,0.0,0.0,0.0,0.0,0.39795918367346933,0.951219512195122,0
0.05537469287469287,0.2876712328767123,0.625,0.06968229220801718,0.9333333333333333,0.9333333333333333,0.3333333333333333,0.7142857142857142,0.0,1.0,0.0,0.0,0.0,0.39795918367346933,0.951219512195122,1
0.43304668304668303,0.1506849315068493,0.5,0.19419395073277207,1.0,0.6,0.6666666666666666,1.0,0.2,0.0,0.0,0.0,0.0,0.5,0.951219512195122,0
0.9113943488943489,0.0410958904109589,0.625,0.06385891972421438,1.0,0.6,0.6666666666666666,0.07142857142857142,0.6000000000000001,0.0,1.0,0.0,0.0,0.19387755102040813,0.951219512195122,0
0.8102579852579852,0.41095890410958896,0.5,0.2904964833870353,0.5333333333333333,0.6666666666666666,0.3333333333333333,0.21428571428571427,0.0,0.0,0.0,0.0,0.0,0.39795918367346933,0.951219512195122,1
0.8593673218673219,0.0547945205479452,0.5,0.11936250563004537,0.5333333333333333,0.6666666666666666,0.6666666666666666,0.07142857142857142,0.2,0.0,1.0,0.0,0.0,0.39795918367346933,0.951219512195122,0
0.0921990171990172,0.2876712328767123,0.5,0.01573710286526002,1.0,0.6,0.8333333333333333,0.5714285714285714,0.8,0.0,1.0,0.0,0.0,0.39795918367346933,0.951219512195122,0
0.1786240786240786,0.2328767123287671,0.5,0.11548764854658213,0.7333333333333333,0.5333333333333333,0.3333333333333333,0.8571428571428571,0.0,0.0,0.0,0.0,0.0,0.44897959183673464,0.951219512195122,0
0.26222358722358724,0.136986301369863,0.5,0.22024529674669993,0.6,0.8,0.3333333333333333,0.9285714285714285,1.0,0.0,1.0,0.0,0.0,0.39795918367346933,0.951219512195122,1
0.06953316953316953,0.0958904109589041,0.5,0.20406333367979768,0.5333333333333333,0.6666666666666666,0.6666666666666666,0.2857142857142857,0.6000000000000001,0.0,0.0,0.0,0.0,0.346938775510204,0.951219512195122,0
0.6024570024570024,0.3150684931506849,0.0,0.10973495478640474,1.0,0.6,0.3333333333333333,0.0,0.0,0.0,0.0,0.0,0.0,0.07142857142857142,0.951219512195122,0
0.25933660933660935,0.30136986301369856,0.875,0.07051935003291411,0.6,0.8,0.6666666666666666,0.2857142857142857,0.2,0.0,1.0,0.0,0.0,0.39795918367346933,0.951219512195122,0
0.7273341523341523,0.3424657534246575,0.5,0.22129785538578806,0.8,0.8666666666666667,0.6666666666666666,0.7142857142857142,0.2,0.0,1.0,0.08614086140861409,0.0,0.5,0.951219512195122,1
0.40015356265356267,0.1780821917808219,0.5,0.2555992100613242,0.7333333333333333,0.5333333333333333,0.6666666666666666,0.21428571428571427,0.2,0.0,0.0,0.0,0.0,0.39795918367346933,0.951219512195122,0
0.7832309582309582,0.0,0.5,0.2116321934656827,0.4,0.26666666666666666,0.6666666666666666,0.5714285714285714,0.6000000000000001,1.0,1.0,0.0,0.0,0.39795918367346933,0.951219512195122,0
0.9853808353808353,0.4246575342465753,0.5,0.0648047673492014,0.4,0.26666666666666666,1.0,1.0,0.8,0.0,0.0,0.0,0.0,0.39795918367346933,0.951219512195122,1
0.5488022113022113,0.32876712328767127,0.5,0.15444132626546098,0.26666666666666666,0.13333333333333336,0.5,0.6428571428571428,0.2,0.0,1.0,0.0,0.0,0.31632653061224486,0.6341463414634146,0
0.7470515970515971,0.32876712328767127,0.25,0.10928177944080657,1.0,0.6,0.0,0.7857142857142857,0.2,0.0,0.0,0.0,0.0,0.19387755102040813,0.951219512195122,0
0.15571253071253072,0.0410958904109589,0.5,0.11255170980147594,1.0,0.6,0.6666666666666666,0.7142857142857142,0.6000000000000001,0.0,0.0,0.0,0.0,0.14285714285714282,0.951219512195122,0
0.20202702702702702,0.46575342465753417,0.5,0.07865502546512836,0.06666666666666667,0.4,0.8333333333333333,0.5714285714285714,0.2,1.0,1.0,0.0,0.0,0.39795918367346933,0.5609756097560976,0
0.5313574938574939,0.0273972602739726,0.5,0.042202820219658384,1.0,0.6,0.6666666666666666,0.42857142857142855,0.6000000000000001,0.0,0.0,0.0,0.0,0.19387755102040813,0.951219512195122,0
0.8568488943488943,0.2191780821917808,0.25,0.1998378546928594,0.7333333333333333,0.5333333333333333,0.6666666666666666,0.5714285714285714,0.2,1.0,0.0,0.0,0.0,0.39795918367346933,0.951219512195122,0
0.21664619164619164,0.0821917808219178,0.5,0.1321539687489173,0.3333333333333333,0.2,0.6666666666666666,0.21428571428571427,0.2,0.0,0.0,0.0,0.0,0.24489795918367346,0.2682926829268293,0
0.869563882063882,0.1506849315068493,0.5,0.13335342826456018,1.0,0.6,0.3333333333333333,0.9285714285714285,1.0,0.0,1.0,0.0,0.0,0.39795918367346933,0.951219512195122,0
0.492536855036855,0.0684931506849315,0.5,0.11187402556906766,0.7333333333333333,0.5333333333333333,0.3333333333333333,0.21428571428571427,0.0,0.0,0.0,0.0,0.0,0.39795918367346933,0.951219512195122,0
0.05405405405405405,0.3424657534246575,0.5,0.16596334407372762,1.0,0.6,0.3333333333333333,0.7142857142857142,1.0,0.0,1.0,0.0,0.0,0.5,0.951219512195122,1
0.15884520884520884,0.2054794520547945,0.0,0.08495374701174514,0.7333333333333333,0.5333333333333333,0.3333333333333333,0.0,1.0,0.0,1.0,0.0,0.0,0.01020408163265306,0.951219512195122,1
0.18412162162162163,0.1232876712328767,0.5,0.09567681807157953,1.0,0.6,0.6666666666666666,0.9285714285714285,0.6000000000000001,0.0,1.0,0.0,0.0,0.39795918367346933,0.951219512195122,0
0.8483108108108108,0.0273972602739726,0.5,0.10221460000692928,1.0,0.6,0.6666666666666666,0.5714285714285714,0.6000000000000001,0.0,1.0,0.0,0.0,0.11224489795918367,0.951219512195122,0
0.4043611793611793,0.4931506849315069,0.25,0.1319668780099089,0.8,0.8666666666666667,0.3333333333333333,0.2857142857142857,0.0,0.0,0.0,0.07688076880768807,0.0,0.7040816326530611,0.951219512195122,1
0.16707616707616707,0.2465753424657534,0.0,0.32171846308422547,0.7333333333333333,0.5333333333333333,0.6666666666666666,0.0,0.2,0.0,1.0,0.0,0.0,0.030612244897959183,0.951219512195122,0
0.6560503685503686,0.32876712328767127,0.5,0.11218792225340402,0.4,0.26666666666666666,0.8333333333333333,0.5714285714285714,0.2,0.0,0.0,0.0,0.0,0.39795918367346933,0.951219512195122,0
0.3866400491400491,0.6575342465753424,0.0,0.09065793576551294,0.7333333333333333,0.5333333333333333,1.0,0.0,0.8,0.0,1.0,0.0,0.5064279155188246,0.09183673469387754,0.951219512195122,0
0.8641584766584767,0.4383561643835617,0.5,0.13641062952569033,0.7333333333333333,0.5333333333333333,0.3333333333333333,1.0,0.0,0.0,0.0,0.0,0.0,0.39795918367346933,0.951219512195122,0
0.2688882063882064,0.4520547945205479,0.25,0.11856355888161314,0.6,0.8,0.8333333333333333,0.7142857142857142,0.2,0.0,0.0,0.0,0.0,0.39795918367346933,0.951219512195122,1
0.3171068796068796,0.3150684931506849,0.5,0.04509025395835498,0.9333333333333333,0.9333333333333333,0.3333333333333333,0.7142857142857142,0.0,0.0,0.0,0.0,0.0,0.39795918367346933,0.951219512195122,1
0.28025184275184273,0.0273972602739726,0.5,0.10911755534767695,1.0,0.6,0.6666666666666666,0.8571428571428571,0.6000000000000001,0.0,0.0,0.0,0.0,0.346938775510204,0.951219512195122,0
0.38148034398034397,0.1780821917808219,0.5,0.12288050445206665,1.0,0.6,0.0,0.7142857142857142,0.2,0.0,1.0,0.06849068490684906,0.0,0.39795918367346933,0.21951219512195122,0
0.5367014742014742,0.3972602739726027,0.5,0.11053736617815195,1.0,0.6,0.0,0.8571428571428571,0.8,0.0,1.0,0.0,0.0,0.39795918367346933,0.951219512195122,0
0.48154176904176904,0.3835616438356165,0.25,0.12232824030766033,0.8,0.8666666666666667,0.3333333333333333,0.7142857142857142,0.0,0.0,0.0,0.0,0.0,0.5,0.951219512195122,1
0.2852272727272727,0.3424657534246575,0.5,0.11588469667047777,0.6,0.8,0.8333333333333333,0.5714285714285714,0.2,0.0,1.0,0.0,0.0,0.5,0.951219512195122,0
0.5046683046683047,0.0136986301369863,0.5,0.17716800055434295,0.06666666666666667,0.4,0.6666666666666666,0.8571428571428571,0.2,0.0,1.0,0.0,0.0,0.14285714285714282,0.951219512195122,0
0.041707616707616704,0.2602739726027397,0.5,0.12394830752174064,0.7333333333333333,0.5333333333333333,0.6666666666666666,0.8571428571428571,0.2,0.0,0.0,0.0,0.0,0.5,0.951219512195122,0
0.15973587223587224,0.8082191780821917,0.75,0.014501611059141462,0.8,0.8666666666666667,0.3333333333333333,0.7142857142857142,0.0,0.0,0.0,0.0,0.0,0.2959183673469387,0.0,1
0.09926289926289926,0.5342465753424657,0.75,0.15552506669438382,0.2,0.06666666666666667,0.8333333333333333,0.2857142857142857,0.2,0.0,0.0,0.0,0.0,0.24489795918367346,0.0,0
0.8448710073710074,0.2328767123287671,0.75,0.11457852614073381,0.4666666666666667,0.7333333333333334,0.6666666666666666,0.21428571428571427,0.2,0.0,0.0,0.0,0.0,0.39795918367346933,0.951219512195122,0
0.029637592137592136,0.0410958904109589,0.5,0.21570037764612135,0.7333333333333333,0.5333333333333333,0.6666666666666666,0.5714285714285714,0.6000000000000001,0.0,1.0,0.0,0.0,0.19387755102040813,0.951219512195122,0
0.6663390663390664,0.27397260273972607,0.125,0.21952187922253405,0.7333333333333333,0.5333333333333333,0.3333333333333333,0.07142857142857142,0.0,1.0,0.0,0.0,0.0,0.39795918367346933,0.951219512195122,0
0.058445945945945946,0.1232876712328767,0.5,0.1787693586945224,0.7333333333333333,0.5333333333333333,0.6666666666666666,0.07142857142857142,0.2,0.0,1.0,0.0,0.0,0.39795918367346933,0.951219512195122,0
0.9026719901719902,0.0273972602739726,0.0,0.1298021688667152,1.0,0.6,0.6666666666666666,0.0,0.6000000000000001,0.0,1.0,0.0,0.0,0.39795918367346933,0.951219512195122,0
0.08043611793611793,0.3150684931506849,0.625,0.04458303017704327,0.7333333333333333,0.5333333333333333,0.3333333333333333,0.42857142857142855,0.0,0.0,0.0,0.0,0.0,0.39795918367346933,0.951219512195122,0
0.08654791154791154,0.32876712328767127,0.5,0.007872362540276479,0.8,0.8666666666666667,0.6666666666666666,0.7142857142857142,0.2,0.0,1.0,0.0,0.0,0.39795918367346933,0.951219512195122,0
0.29993857493857495,0.2328767123287671,0.5,0.12297682153622284,0.6,0.8,0.3333333333333333,0.2857142857142857,0.0,0.0,0.0,0.0,0.45385674931129477,0.44897959183673464,0.951219512195122,1
0.9852272727272727,0.3150684931506849,0.5,0.0684488791878876,0.6,0.8,0.3333333333333333,0.42857142857142855,0.0,0.0,0.0,0.0,0.0,0.8061224489795917,0.951219512195122,1
0.1520884520884521,0.3835616438356165,0.625,0.13298686900183626,1.0,0.6,0.3333333333333333,0.2857142857142857,0.0,0.0,0.0,0.0,0.0,0.5,0.951219512195122,1
0.37475429975429975,0.1780821917808219,0.5,0.3151598932889859,0.8,0.8666666666666667,0.3333333333333333,0.7142857142857142,0.0,0.0,0.0,0.0,0.0,0.43877551020408156,0.951219512195122,1
0.4688882063882064,0.2465753424657534,0.5,0.13539202439108894,1.0,0.6,0.6666666666666666,0.42857142857142855,0.6000000000000001,1.0,0.0,0.0,0.0,0.39795918367346933,0.951219512195122,0
0.20657248157248156,0.1506849315068493,0.5,0.01386273083186086,0.6,0.8,0.6666666666666666,0.7142857142857142,0.2,0.0,1.0,0.021740217402174022,0.0,0.39795918367346933,0.951219512195122,0
0.5226351351351352,0.2602739726027397,0.5,0.09091293351349478,0.6,0.8,0.3333333333333333,0.8571428571428571,0.0,0.0,0.0,0.0,0.0,0.39795918367346933,0.951219512195122,1
0.9986179361179361,0.6712328767123288,0.125,0.024303086997193635,0.0,0.33333333333333337,0.3333333333333333,0.21428571428571427,0.0,0.0,0.0,0.03471034710347103,0.0,0.39795918367346933,0.951219512195122,0
0.03261670761670762,0.5068493150684932,0.5,0.2532072203166684,0.7333333333333333,0.5333333333333333,0.3333333333333333,0.5714285714285714,0.0,0.0,0.0,0.0,0.0,0.31632653061224486,0.6341463414634146,0
0.494963144963145,0.32876712328767127,0.5,0.13532411738211553,0.7333333333333333,0.5333333333333333,0.3333333333333333,1.0,0.0,0.0,0.0,0.0,0.0,0.39795918367346933,0.951219512195122,1
0.3463144963144963,0.0958904109589041,0.5,0.11187402556906766,0.5333333333333333,0.6666666666666666,0.6666666666666666,0.21428571428571427,0.2,0.0,0.0,0.0,0.0,0.5510204081632653,0.951219512195122,0
0.005497542997542997,0.2191780821917808,0.5,0.017315594359560683,0.6,0.8,0.3333333333333333,0.7142857142857142,0.0,0.0,0.0,0.0,0.0,0.6530612244897959,0.951219512195122,0
0.8724508599508599,0.4931506849315069,0.5,0.05768977583757752,1.0,0.6,0.0,0.07142857142857142,0.8,0.0,1.0,0.014710147101471014,0.0,0.39795918367346933,0.951219512195122,0
0.02248157248157248,0.1232876712328767,0.5,0.1173613276513183,0.5333333333333333,0.6666666666666666,0.3333333333333333,0.07142857142857142,0.0,0.0,0.0,0.0,0.5456841138659321,0.44897959183673464,0.951219512195122,0
0.10242628992628992,0.4931506849315069,0.5,0.1283352388871566,0.7333333333333333,0.5333333333333333,0.0,0.5,0.2,0.0,1.0,0.0,0.0,0.39795918367346933,0.951219512195122,0
0.4279484029484029,0.1643835616438356,0.5,0.026153206527388007,1.0,0.6,0.3333333333333333,0.5714285714285714,0.0,0.0,0.0,0.0,0.0,0.39795918367346933,0.951219512195122,0
0.41437346437346434,0.1506849315068493,0.5,0.08495651872639712,0.6,0.8,0.6666666666666666,0.2857142857142857,0.6000000000000001,0.0,0.0,0.0,0.0,0.39795918367346933,0.951219512195122,0
0.17696560196560196,0.3424657534246575,0.5,0.277872709004608,1.0,0.6,0.3333333333333333,0.9285714285714285,0.0,0.0,0.0,0.0,0.0,0.39795918367346933,0.951219512195122,0
0.5174447174447174,0.30136986301369856,0.5,0.14762498700758758,0.6,0.8,1.0,0.7142857142857142,0.8,0.0,1.0,0.0,0.0,0.5,0.7560975609756098,1
0.7896805896805896,0.4794520547945205,0.125,0.07865502546512836,0.7333333333333333,0.5333333333333333,0.6666666666666666,0.07142857142857142,0.2,1.0,0.0,0.0,0.0,0.39795918367346933,0.951219512195122,0
0.8413697788697788,0.2602739726027397,0.0,0.2616256106433843,0.7333333333333333,0.5333333333333333,0.5,0.0,0.8,1.0,0.0,0.0,0.0,0.5,0.951219512195122,0
0.975522113022113,0.30136986301369856,0.5,0.08356303918511589,1.0,0.6,0.3333333333333333,0.2857142857142857,0.0,0.0,0.0,0.0,0.0,0.5,0.951219512195122,1
0.7932125307125307,0.3150684931506849,0.25,0.06484218549700307,0.6,0.8,0.0,0.7142857142857142,0.8,0.0,1.0,0.05455054550545505,0.0,0.39795918367346933,0.951219512195122,0
0.7300675675675675,0.0410958904109589,0.5,0.02992065966808717,0.7333333333333333,0.5333333333333333,0.6666666666666666,0.5714285714285714,0.6000000000000001,0.0,0.0,0.0,0.0,0.346938775510204,0.951219512195122,0
0.3277027027027027,0.7397260273972601,0.5,0.11876312233655544,0.9333333333333333,0.9333333333333333,0.3333333333333333,0.7142857142857142,0.0,0.0,0.0,0.0,0.0,0.1530612244897959,0.951219512195122,0
0.6485872235872235,0.0410958904109589,0.5,0.25379274503689847,0.7333333333333333,0.5333333333333333,0.6666666666666666,0.21428571428571427,0.6000000000000001,0.0,0.0,0.0,0.0,0.24489795918367346,0.951219512195122,0
0.14874078624078624,0.27397260273972607,0.125,0.19219623739735994,1.0,0.6,0.3333333333333333,0.21428571428571427,0.0,0.0,0.0,0.0,0.0,0.39795918367346933,0.951219512195122,0
0.6866400491400492,0.46575342465753417,0.5,0.14365381283996814,0.7333333333333333,0.5333333333333333,0.3333333333333333,0.5,1.0,0.0,1.0,0.0,0.0,0.39795918367346933,0.951219512195122,0
0.09705159705159705,0.35616438356164376,0.25,0.16299691646744968,0.8,0.8666666666666667,0.0,0.7142857142857142,0.8,0.0,0.0,0.0,0.0,0.39795918367346933,0.951219512195122,0
0.5484029484029483,0.547945205479452,0.5,0.1561902782108582,0.7333333333333333,0.5333333333333333,0.3333333333333333,0.5714285714285714,0.0,0.0,0.0,0.0,0.0,0.39795918367346933,0.6341463414634146,0
0.1321867321867322,0.32876712328767127,0.5,0.14528080934067839,1.0,0.6,0.3333333333333333,0.21428571428571427,0.0,0.0,0.0,0.0,0.0,0.5612244897959183,0.951219512195122,1
0.4309275184275184,0.4794520547945205,0.75,0.12337456258878148,0.7333333333333333,0.5333333333333333,0.0,0.3571428571428571,0.2,0.0,0.0,0.0,0.0,0.24489795918367346,0.951219512195122,0
0.5300675675675676,0.547945205479452,0.625,0.07675432214253543,0.9333333333333333,0.9333333333333333,0.3333333333333333,0.7142857142857142,0.0,1.0,0.0,0.15024150241502415,0.0,0.5,0.4634146341463415,1
0.4726044226044226,0.2465753424657534,0.5,0.12237328067075494,0.6,0.8,0.6666666666666666,0.8571428571428571,0.2,0.0,0.0,0.0,0.0,0.39795918367346933,0.951219512195122,1
0.04723587223587224,0.0684931506849315,0.5,0.14028063610851263,0.0,0.33333333333333337,0.3333333333333333,0.5,1.0,0.0,1.0,0.0,0.0,0.39795918367346933,0.951219512195122,0
0.20617321867321867,0.4246575342465753,0.5,0.13383154904202613,0.6,0.8,0.0,0.8571428571428571,0.8,0.0,0.0,0.0,0.0,0.39795918367346933,0.951219512195122,1
0.2507063882063882,0.1917808219178082,0.5,0.1342625506704085,0.7333333333333333,0.5333333333333333,0.0,0.5,0.2,0.0,0.0,0.0,0.0,0.39795918367346933,0.951219512195122,0
0.05749385749385749,0.1917808219178082,0.5,0.10089179918927346,1.0,0.6,0.3333333333333333,0.2857142857142857,0.0,0.0,0.0,0.0,0.0,0.6530612244897959,0.951219512195122,1
0.8885749385749385,0.1095890410958904,0.5,0.21763849911651598,1.0,0.6,0.6666666666666666,0.07142857142857142,0.2,0.0,0.0,0.0,0.0,0.37755102040816324,0.0,0
0.3287162162162162,0.4520547945205479,0.875,0.11137788864636386,1.0,0.6,0.3333333333333333,0.21428571428571427,0.0,0.0,0.0,0.0,0.0,0.39795918367346933,0.951219512195122,0
0.9623771498771498,0.2191780821917808,0.5,0.027153102588088555,0.7333333333333333,0.5333333333333333,0.3333333333333333,0.9285714285714285,1.0,0.0,1.0,0.0,0.43663911845730025,0.39795918367346933,0.951219512195122,1
0.7757985257985258,0.3972602739726027,0.5,0.24409312961230645,0.6,0.8,0.0,0.8571428571428571,0.2,0.0,0.0,0.08614086140861409,0.0,0.39795918367346933,0.951219512195122,1
0.29333538083538085,0.27397260273972607,0.5,0.1834438554550809,0.7333333333333333,0.5333333333333333,0.6666666666666666,0.42857142857142855,0.8,0.0,1.0,0.03887038870388704,0.0,0.39795918367346933,0.6585365853658537,0
0.841492628992629,0.2328767123287671,0.5,0.09508505699338253,0.7333333333333333,0.5333333333333333,0.3333333333333333,0.21428571428571427,0.0,0.0,0.0,0.0,0.0,0.5510204081632653,0.951219512195122,1
0.576965601965602,0.2328767123287671,0.5,0.14852510134081698,0.7333333333333333,0.5333333333333333,0.6666666666666666,0.6428571428571428,0.2,0.0,1.0,0.0,0.0,0.39795918367346933,0.6341463414634146,0
0.5666461916461917,0.4520547945205479,0.625,0.07517998822021273,0.6,0.8,0.3333333333333333,0.8571428571428571,0.0,1.0,0.0,0.0,0.0,0.6020408163265305,0.8536585365853658,1
0.2681818181818182,0.0684931506849315,0.5,0.20640058206007691,1.0,0.6,0.6666666666666666,0.5714285714285714,0.2,0.0,0.0,0.033250332503325035,0.0,0.39795918367346933,0.951219512195122,0
0.9956695331695331,0.2602739726027397,0.5,0.0374313134462807,0.6,0.8,0.3333333333333333,0.2857142857142857,0.0,0.0,0.0,0.0,0.0,0.5510204081632653,0.951219512195122,1
0.5577088452088452,0.3424657534246575,0.5,0.08781277067525899,0.6666666666666666,1.0,0.3333333333333333,0.7142857142857142,0.0,1.0,0.0,0.0,0.0,0.39795918367346933,0.8780487804878049,1
0.7476351351351351,0.5205479452054793,0.5,0.16792571804732703,0.7333333333333333,0.5333333333333333,0.3333333333333333,0.5714285714285714,0.0,0.0,0.0,0.0,0.0,0.39795918367346933,0.951219512195122,0
0.8166461916461917,0.0,0.5,0.027856425181027614,0.06666666666666667,0.4,0.6666666666666666,0.5714285714285714,0.6000000000000001,0.0,1.0,0.0,0.0,0.11224489795918367,0.951219512195122,0
0.02724201474201474,0.2191780821917808,0.625,0.09943249142500779,1.0,0.6,0.3333333333333333,0.21428571428571427,0.0,0.0,0.0,0.0,0.0,0.6020408163265305,0.0,0
0.21898034398034397,0.7123287671232876,0.75,0.08032498354294425,0.7333333333333333,0.5333333333333333,0.3333333333333333,0.9285714285714285,0.0,0.0,0.0,0.0,0.0,0.2959183673469387,0.951219512195122,0
0.2884213759213759,0.3424657534246575,0.5,0.1863451477670374,1.0,0.6,0.3333333333333333,1.0,0.0,0.0,0.0,0.0,0.0,0.5,0.951219512195122,0
0.13955773955773956,0.0684931506849315,0.5,0.12068530644770122,0.0,0.33333333333333337,0.6666666666666666,0.21428571428571427,0.2,0.0,0.0,0.0,0.0,0.2959183673469387,0.951219512195122,0
0.7088452088452089,0.3972602739726027,0.5,0.1843446627169733,0.5333333333333333,0.6666666666666666,0.3333333333333333,0.2857142857142857,0.0,0.0,0.0,0.0,0.0,0.39795918367346933,0.951219512195122,1
0.3360872235872236,0.1232876712328767,0.875,0.06550046772684752,0.5333333333333333,0.6666666666666666,0.0,0.2857142857142857,0.2,0.0,1.0,0.0,0.0,0.37755102040816324,0.951219512195122,0
0.21044226044226044,0.2054794520547945,0.5,0.4103669057270554,0.7333333333333333,0.5333333333333333,0.3333333333333333,1.0,0.6000000000000001,0.0,0.0,0.0,0.0,0.7244897959183673,0.6341463414634146,0
0.10826167076167076,0.1917808219178082,0.5,0.02092644562242317,0.7333333333333333,0.5333333333333333,0.3333333333333333,0.5,0.0,0.0,0.0,0.0,0.0,0.5510204081632653,0.951219512195122,0
0.7944717444717444,0.46575342465753417,0.5,0.17430689810484012,0.7333333333333333,0.5333333333333333,1.0,0.42857142857142855,0.2,0.0,0.0,0.0,0.0,0.2959183673469387,0.951219512195122,0
0.9019348894348894,0.2191780821917808,0.125,0.04574853618819942,0.6,0.8,0.3333333333333333,0.7142857142857142,0.0,0.0,0.0,0.0,0.0,0.39795918367346933,0.951219512195122,0
0.060780098280098276,0.30136986301369856,0.25,0.3196216609500052,0.0,0.33333333333333337,0.0,0.42857142857142855,0.6000000000000001,1.0,0.0,0.0,0.0,0.39795918367346933,0.951219512195122,0
0.733968058968059,0.547945205479452,0.5,0.12718705609257527,1.0,0.6,0.5,0.07142857142857142,0.2,0.0,0.0,0.0,0.0,0.39795918367346933,0.951219512195122,0
0.8093058968058968,0.1917808219178082,0.5,0.07963829123791705,1.0,0.6,0.3333333333333333,0.8571428571428571,0.0,0.0,0.0,0.0,0.0,0.39795918367346933,0.951219512195122,0
0.815509828009828,0.0410958904109589,0.5,0.01884280913279978,1.0,0.6,0.6666666666666666,0.5,0.2,0.0,0.0,0.0,0.0,0.7040816326530611,0.951219512195122,0
0.07718058968058968,0.41095890410958896,0.0,0.11242074628417004,0.7333333333333333,0.5333333333333333,0.3333333333333333,0.0,0.0,0.0,0.0,0.03942039420394204,0.0,0.39795918367346933,0.0,0
0.4657248157248157,0.30136986301369856,0.5,0.10574992204552541,0.7333333333333333,0.5333333333333333,0.3333333333333333,0.21428571428571427,0.0,0.0,0.0,0.0,0.0,0.39795918367346933,0.951219512195122,0
0.9554668304668305,0.3150684931506849,0.5,0.20341683123722415,1.0,0.6,0.3333333333333333,0.07142857142857142,1.0,0.0,1.0,0.0,0.0,0.39795918367346933,0.951219512195122,1
0.3766891891891892,0.1095890410958904,0.5,0.21625402764785367,0.7333333333333333,0.5333333333333333,0.6666666666666666,0.42857142857142855,0.6000000000000001,1.0,0.0,0.0,0.0,0.39795918367346933,0.951219512195122,0
0.7486793611793612,0.0547945205479452,0.5,0.07922114818279458,0.7333333333333333,0.5333333333333333,0.6666666666666666,0.8571428571428571,0.2,0.0,1.0,0.0,0.0,0.39795918367346933,0.951219512195122,0
0.35915233415233416,0.1232876712328767,0.5,0.062495929044104906,0.6,0.8,0.3333333333333333,0.2857142857142857,0.0,0.0,0.0,0.0,0.0,0.39795918367346933,0.951219512195122,0
0.5700552825552826,0.1232876712328767,0.5,0.09941239649378096,1.0,0.6,0.3333333333333333,0.5,0.0,1.0,0.0,0.0,0.0,0.39795918367346933,0.951219512195122,0
0.35666461916461917,0.5753424657534245,0.5,0.17777431313446282,1.0,0.6,0.3333333333333333,0.07142857142857142,0.4,0.0,1.0,0.0,0.0,0.1530612244897959,0.951219512195122,1
0.4216216216216216,0.30136986301369856,0.5,0.26035962997609396,0.7333333333333333,0.5333333333333333,0.0,0.2857142857142857,0.2,0.0,1.0,0.0,0.0,0.37755102040816324,0.951219512195122,0
0.043058968058968056,0.4520547945205479,0.5,0.06991026573814225,0.7333333333333333,0.5333333333333333,0.0,0.07142857142857142,0.2,0.0,1.0,0.0,0.0,0.39795918367346933,0.951219512195122,0
0.6679668304668305,0.7534246575342465,0.5,0.030678723625402762,0.7333333333333333,0.5333333333333333,0.3333333333333333,0.8571428571428571,0.0,0.0,0.0,0.0,0.0,0.11224489795918367,0.951219512195122,0
0.10300982800982801,0.1232876712328767,0.5,0.16169005300904274,0.06666666666666667,0.4,0.6666666666666666,0.42857142857142855,0.8,0.0,0.0,0.0,0.0,0.19387755102040813,0.951219512195122,0
0.8377764127764128,0.0,0.5,0.2274690780584139,0.06666666666666667,0.4,0.6666666666666666,0.5714285714285714,0.6000000000000001,0.0,0.0,0.0,0.0,0.24489795918367346,0.951219512195122,0
0.5296375921375921,0.4794520547945205,0.5,0.14231230294841146,0.7333333333333333,0.5333333333333333,0.3333333333333333,0.8571428571428571,0.0,0.0,0.0,0.0,0.0,0.44897959183673464,0.951219512195122,1
0.43310810810810807,0.1780821917808219,0.5,0.11666909191698714,1.0,0.6,0.5,0.21428571428571427,0.2,0.0,0.0,0.0,0.0,0.39795918367346933,0.0,0
0.36495700245700247,0.3698630136986301,0.5,0.21754287496102276,0.3333333333333333,0.2,0.0,0.42857142857142855,0.2,0.0,0.0,0.0,0.0,0.47959183673469385,0.951219512195122,0
0.6746007371007371,0.0547945205479452,0.5,0.08633059626511451,1.0,0.6,0.6666666666666666,0.7142857142857142,0.6000000000000001,0.0,0.0,0.0,0.0,0.09183673469387754,0.951219512195122,0
0.33584152334152334,0.5616438356164384,0.5,0.1238346672210096,1.0,0.6,0.3333333333333333,0.2857142857142857,0.0,0.0,0.0,0.0,0.0,0.39795918367346933,0.951219512195122,1
0.5576167076167076,0.1643835616438356,0.125,0.033015972005682015,0.6,0.8,0.6666666666666666,0.7142857142857142,0.2,0.0,1.0,0.0,0.0,0.39795918367346933,0.951219512195122,0
0.21428132678132678,0.2328767123287671,0.75,0.0968880573744933,0.7333333333333333,0.5333333333333333,0.3333333333333333,1.0,0.0,0.0,0.0,0.0,0.0,0.6020408163265305,0.951219512195122,0
0.37183660933660934,0.2054794520547945,0.125,0.34138239268267334,0.4666666666666667,0.7333333333333334,0.3333333333333333,0.7857142857142857,0.0,0.0,0.0,0.0,0.0,0.5,0.951219512195122,0
0.18224815724815724,0.3698630136986301,0.5,0.13470602501472476,1.0,0.6,0.0,0.07142857142857142,0.8,0.0,1.0,0.0,0.0,0.39795918367346933,0.951219512195122,0
0.0886977886977887,0.2328767123287671,0.25,0.1682520874475973,0.6,0.8,0.0,0.7142857142857142,0.8,0.0,1.0,0.0,0.0,0.39795918367346933,0.951219512195122,0
0.11882678132678133,0.4383561643835617,0.5,0.06592523299726293,0.8,0.8666666666666667,0.6666666666666666,0.8571428571428571,0.2,0.0,1.0,0.0,0.0,0.346938775510204,0.951219512195122,0
0.4294840294840295,0.0273972602739726,0.5,0.033317395974084466,0.7333333333333333,0.5333333333333333,0.6666666666666666,0.5714285714285714,0.6000000000000001,0.0,1.0,0.0,0.0,0.12244897959183672,0.951219512195122,0
0.9902334152334152,0.2191780821917808,0.5,0.2381803693309774,0.7333333333333333,0.5333333333333333,0.8333333333333333,0.21428571428571427,0.2,1.0,0.0,0.0,0.0,0.346938775510204,0.41463414634146345,0
0.7402334152334152,0.2465753424657534,0.5,0.12792433219000104,0.6,0.8,0.6666666666666666,0.42857142857142855,0.2,1.0,1.0,0.0,0.0,0.5,0.34146341463414637,0
0.0410012285012285,0.2191780821917808,0.5,0.01967640231438173,1.0,0.6,0.6666666666666666,0.7142857142857142,0.2,0.0,1.0,0.036740367403674035,0.0,0.1530612244897959,0.951219512195122,0
0.6466523341523341,0.5205479452054793,0.5,0.09211031424314867,1.0,0.6,0.0,0.07142857142857142,0.8,0.0,1.0,0.04650046500465005,0.0,0.19387755102040813,0.951219512195122,0
0.6711916461916462,0.2191780821917808,0.125,0.012009839587014516,1.0,0.6,0.0,0.5714285714285714,0.2,1.0,0.0,0.0,0.0,0.39795918367346933,0.951219512195122,0
0.6656326781326781,0.0410958904109589,0.5,0.040045040363094614,1.0,0.6,0.6666666666666666,0.5,0.6000000000000001,0.0,1.0,0.0,0.0,0.39795918367346933,0.951219512195122,0
0.9035626535626535,0.2465753424657534,0.5,0.13922530575477254,0.5333333333333333,0.6666666666666666,0.3333333333333333,0.9285714285714285,0.0,1.0,0.0,0.0,0.0,0.37755102040816324,0.5609756097560976,0
0.6533169533169533,0.0273972602739726,0.0,0.0203194401136403,1.0,0.6,0.6666666666666666,0.0,0.6000000000000001,0.0,0.0,0.0,0.0,0.09183673469387754,0.951219512195122,0
0.5691339066339066,0.2054794520547945,0.125,0.0485798427051935,0.6,0.8,0.3333333333333333,0.7142857142857142,0.0,1.0,0.0,0.0,0.0,0.5612244897959183,0.951219512195122,1
0.12113022113022112,0.35616438356164376,0.5,0.283790319786578,1.0,0.6,0.3333333333333333,0.5,0.0,0.0,0.0,0.0,0.0,0.39795918367346933,0.6341463414634146,0
0.3977272727272727,0.1232876712328767,0.5,0.25526729723175,0.7333333333333333,0.5333333333333333,0.6666666666666666,0.42857142857142855,0.6000000000000001,0.0,0.0,0.0,0.0,0.520408163265306,0.951219512195122,0
0.4281019656019656,0.2465753424657534,0.5,0.02062086408204275,0.7333333333333333,0.5333333333333333,0.3333333333333333,0.5,0.0,0.0,0.0,0.0,0.0,0.2959183673469387,0.951219512195122,0
0.006418918918918918,0.0,0.5,0.03678273221771818,0.06666666666666667,0.4,0.6666666666666666,0.8571428571428571,0.6000000000000001,0.0,1.0,0.0,0.0,0.11224489795918367,0.951219512195122,0
0.30995085995085997,0.0684931506849315,0.875,0.23249003915046948,1.0,0.6,0.6666666666666666,0.07142857142857142,0.2,1.0,0.0,0.0,0.0,0.19387755102040813,0.951219512195122,0
0.8538697788697789,0.0273972602739726,0.5,0.17755534767695666,1.0,0.6,0.6666666666666666,0.8571428571428571,0.6000000000000001,0.0,1.0,0.0,0.0,0.14285714285714282,0.951219512195122,0
0.5038697788697789,0.1506849315068493,0.75,0.12511034888958183,0.5333333333333333,0.6666666666666666,0.3333333333333333,0.21428571428571427,0.0,0.0,0.0,0.0,0.0,0.44897959183673464,0.951219512195122,0
0.014373464373464373,0.4383561643835617,0.5,0.12506738731247619,0.8,0.8666666666666667,0.3333333333333333,0.2857142857142857,0.0,0.0,0.0,0.0,0.45385674931129477,0.44897959183673464,0.951219512195122,1
0.011609336609336609,0.3972602739726027,0.75,0.04755500121262516,0.8,0.8666666666666667,0.0,0.2857142857142857,0.2,0.0,0.0,0.0,0.0,0.2959183673469387,0.951219512195122,0
0.022727272727272728,0.0273972602739726,0.5,0.12484357135432907,1.0,0.6,0.6666666666666666,0.5714285714285714,0.4,0.0,1.0,0.0,0.0,0.24489795918367346,0.951219512195122,0
0.3077088452088452,0.2465753424657534,0.5,0.11064892769289401,0.7333333333333333,0.5333333333333333,0.3333333333333333,0.5,0.0,0.0,0.0,0.0,0.0,0.39795918367346933,0.951219512195122,0
0.575,0.2602739726027397,0.5,0.27883310813151785,0.6,0.8,0.3333333333333333,0.7142857142857142,0.0,1.0,0.0,0.0,0.0,0.39795918367346933,0.951219512195122,0
0.3641277641277641,0.35616438356164376,0.5,0.08304403561653327,0.5333333333333333,0.6666666666666666,0.3333333333333333,0.3571428571428571,0.0,0.0,0.0,0.0,0.0,0.39795918367346933,0.951219512195122,1
0.8995085995085995,0.0273972602739726,0.5,0.061327651318296775,0.7333333333333333,0.5333333333333333,0.6666666666666666,0.7142857142857142,0.2,0.0,1.0,0.0,0.0,0.39795918367346933,0.951219512195122,0
0.3546683046683047,0.41095890410958896,0.25,0.017591379967432354,0.6,0.8,0.3333333333333333,0.7142857142857142,1.0,0.0,1.0,0.0,0.0,0.44897959183673464,0.951219512195122,0
0.37134520884520883,0.0410958904109589,0.5,0.1415500814191179,1.0,0.6,0.6666666666666666,0.5714285714285714,0.6000000000000001,0.0,1.0,0.0,0.0,0.19387755102040813,0.951219512195122,0
0.4234029484029484,0.4931506849315069,0.5,0.024329418286387412,1.0,0.6,0.3333333333333333,0.07142857142857142,0.0,0.0,0.0,0.0,0.0,0.5,0.951219512195122,1
0.6059275184275185,0.3150684931506849,0.125,0.12959013269583897,0.4666666666666667,0.7333333333333334,0.3333333333333333,0.7142857142857142,0.0,0.0,0.0,0.0,0.0,0.39795918367346933,0.951219512195122,1
0.9542383292383292,0.3698630136986301,0.5,0.13206319509406508,0.4666666666666667,0.7333333333333334,0.0,0.7142857142857142,0.2,0.0,1.0,0.0,0.0,0.39795918367346933,0.951219512195122,1
0.09726658476658477,0.2876712328767123,0.5,0.15967501645705576,0.8,0.8666666666666667,0.3333333333333333,0.7142857142857142,0.0,0.0,0.0,0.0,0.0,0.346938775510204,0.951219512195122,1
0.18482800982800981,0.0821917808219178,0.5,0.3721470394622874,1.0,0.6,0.6666666666666666,0.9285714285714285,0.6000000000000001,0.0,0.0,0.0,0.0,0.39795918367346933,0.951219512195122,0
0.519041769041769,0.0684931506849315,0.5,0.2474462114125351,0.06666666666666667,0.4,0.3333333333333333,0.21428571428571427,0.0,0.0,0.0,0.0,0.0,0.346938775510204,0.951219512195122,0
0.9922297297297297,0.3424657534246575,0.625,0.12397256002494543,0.6,0.8,0.3333333333333333,0.2857142857142857,0.0,0.0,0.0,0.0,0.45385674931129477,0.6020408163265305,0.0,1
0.7823095823095823,0.3150684931506849,0.5,0.12532238506045804,0.7333333333333333,0.5333333333333333,0.0,0.5714285714285714,0.8,0.0,1.0,0.0,0.0,0.3571428571428571,0.951219512195122,0
0.9373464373464373,0.0547945205479452,0.5,0.3399175414891037,0.7333333333333333,0.5333333333333333,0.6666666666666666,0.5,0.6000000000000001,0.0,1.0,0.0,0.0,0.39795918367346933,0.7073170731707318,0
0.8955466830466831,0.2465753424657534,0.5,0.14600284100751829,0.7333333333333333,0.5333333333333333,0.3333333333333333,1.0,0.0,0.0,0.0,0.0,0.0,0.2959183673469387,0.951219512195122,0
0.458507371007371,0.41095890410958896,0.5,0.1860603540865468,1.0,0.6,0.3333333333333333,0.2857142857142857,0.0,0.0,0.0,0.0,0.0,0.39795918367346933,0.951219512195122,1
0.8202395577395577,0.4931506849315069,0.5,0.014564667567473927,1.0,0.6,0.3333333333333333,1.0,0.0,0.0,0.0,0.0,0.0,0.39795918367346933,0.951219512195122,1
0.8253685503685504,0.3150684931506849,0.5,0.07928212590513806,0.4,0.26666666666666666,0.6666666666666666,1.0,0.2,0.0,0.0,0.0,0.0,0.44897959183673464,0.951219512195122,0
0.1437960687960688,0.1643835616438356,0.5,0.16538959914076848,0.5333333333333333,0.6666666666666666,0.3333333333333333,0.7142857142857142,0.0,0.0,0.0,0.0,0.0,0.39795918367346933,0.951219512195122,0
0.3439189189189189,0.6438356164383561,0.0,0.11533035374008245,0.7333333333333333,0.5333333333333333,0.3333333333333333,0.0,1.0,0.0,1.0,0.0,0.0,0.19387755102040813,0.951219512195122,0
0.4934275184275184,0.2054794520547945,0.5,0.08255552090912241,0.6,0.8,0.3333333333333333,0.5,0.0,0.0,0.0,0.0,0.0,0.5,0.951219512195122,0
0.33089680589680587,0.1232876712328767,0.25,0.09558327270207531,0.6,0.8,0.6666666666666666,0.7142857142857142,0.6000000000000001,0.0,1.0,0.0,0.0,0.346938775510204,0.951219512195122,0
0.3717444717444717,0.2876712328767123,0.5,0.03330908083012853,0.7333333333333333,0.5333333333333333,0.6666666666666666,0.07142857142857142,0.8,0.0,1.0,0.0,0.0,0.39795918367346933,0.951219512195122,0
0.0011056511056511055,0.0547945205479452,0.5,0.12813290371756228,1.0,0.6,0.6666666666666666,0.5,0.6000000000000001,0.0,0.0,0.0,0.0,0.39795918367346933,0.951219512195122,0
0.2577088452088452,0.0547945205479452,0.25,0.18331774243841598,0.13333333333333333,0.4666666666666667,0.6666666666666666,0.5714285714285714,0.6000000000000001,1.0,0.0,0.0,0.0,0.19387755102040813,0.951219512195122,0
0.02165233415233415,0.3698630136986301,0.5,0.0351709801475938,0.6,0.8,0.0,0.2857142857142857,0.6000000000000001,0.0,1.0,0.0,0.0,0.5,0.951219512195122,1
0.9542690417690417,0.3424657534246575,0.5,0.11393895298479022,0.8,0.8666666666666667,0.6666666666666666,0.2857142857142857,0.2,0.0,0.0,0.0,0.0,0.39795918367346933,0.951219512195122,1
0.8145884520884521,0.2465753424657534,0.5,0.2261206388802273,1.0,0.6,0.0,0.07142857142857142,0.8,0.0,1.0,0.0,0.0,0.39795918367346933,0.951219512195122,0
0.10746314496314496,0.1232876712328767,0.5,0.08787236254027647,0.8,0.8666666666666667,0.3333333333333333,0.7142857142857142,0.0,0.0,0.0,0.05013050130501305,0.0,0.39795918367346933,0.951219512195122,0
0.7633906633906634,0.3835616438356165,0.5,0.16221945050757025,0.7333333333333333,0.5333333333333333,0.6666666666666666,0.6428571428571428,0.8,1.0,1.0,0.0,0.0,0.2959183673469387,0.951219512195122,0
0.5155405405405405,0.0684931506849315,0.5,0.133492706925822,0.7333333333333333,0.5333333333333333,0.6666666666666666,0.5,0.6000000000000001,0.0,0.0,0.0,0.0,0.39795918367346933,0.951219512195122,0
0.7297297297297297,0.46575342465753417,0.5,0.06822714201572948,0.7333333333333333,0.5333333333333333,0.3333333333333333,0.21428571428571427,0.0,0.0,0.0,0.0,0.4331955922865014,0.39795918367346933,0.951219512195122,1
0.30165847665847667,0.1095890410958904,0.5,0.031424314866784465,0.5333333333333333,0.6666666666666666,0.3333333333333333,0.8571428571428571,1.0,0.0,1.0,0.0,0.0,0.4183673469387755,0.951219512195122,1
0.7023955773955773,0.3150684931506849,0.5,0.04501403180542563,0.13333333333333333,0.4666666666666667,0.3333333333333333,0.21428571428571427,0.0,0.0,0.0,0.0,0.0,0.5,0.951219512195122,1
0.29265970515970513,0.5616438356164384,0.25,0.09364445830301771,0.8,0.8666666666666667,0.3333333333333333,0.7142857142857142,0.0,0.0,0.0,0.0,0.0,0.39795918367346933,0.951219512195122,1
0.8857800982800983,0.2876712328767123,0.5,0.06695215327582026,0.7333333333333333,0.5333333333333333,0.0,0.21428571428571427,0.2,0.0,0.0,0.0,0.0,0.39795918367346933,0.0,0
0.008691646191646191,0.5890410958904109,0.5,0.11202924158957835,0.6,0.8,0.0,0.7142857142857142,0.2,0.0,1.0,0.0,0.0,0.4183673469387755,0.951219512195122,0
0.8606265356265356,0.1780821917808219,0.5,0.10346395038630772,0.7333333333333333,0.5333333333333333,0.3333333333333333,0.42857142857142855,0.0,0.0,0.0,0.0,0.0,0.39795918367346933,0.951219512195122,1
0.9714066339066338,0.547945205479452,0.75,0.04660222430100821,0.7333333333333333,0.5333333333333333,0.3333333333333333,0.3571428571428571,0.0,1.0,0.0,0.0,0.0,0.39795918367346933,0.951219512195122,0
0.7714987714987714,0.30136986301369856,0.5,0.025454734435089908,0.6,0.8,0.3333333333333333,0.8571428571428571,0.0,0.0,0.0,0.03103031030310303,0.0,0.47959183673469385,0.951219512195122,1
0.8019963144963145,0.6027397260273972,0.625,0.11055399646606381,0.7333333333333333,0.5333333333333333,0.3333333333333333,0.2857142857142857,0.0,0.0,0.0,0.028290282902829027,0.0,0.44897959183673464,0.951219512195122,0
0.9108722358722359,0.32876712328767127,0.875,0.22904687662405157,1.0,0.6,0.0,0.07142857142857142,0.2,0.0,1.0,0.0,0.0,0.39795918367346933,0.951219512195122,0
0.29118550368550367,0.2602739726027397,0.5,0.1442857637806188,1.0,0.6,0.3333333333333333,0.21428571428571427,0.0,0.0,0.0,0.0,0.0,0.39795918367346933,0.951219512195122,0
0.48277027027027025,0.5205479452054793,0.75,0.17982191733361053,0.7333333333333333,0.5333333333333333,0.3333333333333333,0.5714285714285714,0.0,0.0,0.0,0.0,0.0,0.39795918367346933,0.951219512195122,0
0.646529484029484,0.2328767123287671,0.5,0.07015556248484218,0.6,0.8,0.3333333333333333,0.2857142857142857,0.0,0.0,0.0,0.0,0.0,0.39795918367346933,0.951219512195122,0
0.013544226044226044,0.3835616438356165,0.5,0.023263001074039426,0.7333333333333333,0.5333333333333333,0.0,0.07142857142857142,0.2,0.0,1.0,0.0,0.0,0.2755102040816326,0.951219512195122,0
0.467997542997543,0.7671232876712328,0.0,0.15988982434258395,0.6,0.8,0.3333333333333333,0.0,0.0,0.0,0.0,0.0,0.0,0.2959183673469387,0.951219512195122,0
0.3485257985257985,0.0547945205479452,0.5,0.08317569206250217,0.06666666666666667,0.4,0.6666666666666666,0.21428571428571427,0.2,0.0,0.0,0.0,0.0,0.346938775510204,0.951219512195122,0
0.39987714987714984,0.2328767123287671,0.75,0.08657312129716245,0.0,0.33333333333333337,0.6666666666666666,0.5714285714285714,0.6000000000000001,0.0,1.0,0.0,0.0,0.39795918367346933,0.951219512195122,0
0.13734643734643734,0.3972602739726027,0.5,0.07290787513425492,0.7333333333333333,0.5333333333333333,0.3333333333333333,0.07142857142857142,1.0,0.0,1.0,0.0,0.0,0.39795918367346933,0.951219512195122,0
0.07933046683046682,0.32876712328767127,0.5,0.10794858469320583,0.6,0.8,0.3333333333333333,0.2857142857142857,0.0,0.0,0.0,0.07298072980729807,0.0,0.5,0.951219512195122,1
0.0828009828009828,0.0136986301369863,0.5,0.03127048470359976,1.0,0.6,0.0,0.5714285714285714,0.6000000000000001,0.0,0.0,0.0,0.0,0.14285714285714282,0.951219512195122,0
0.7397420147420147,0.1095890410958904,0.5,0.13602605411772858,0.7333333333333333,0.5333333333333333,0.6666666666666666,0.5,0.6000000000000001,0.0,0.0,0.0,0.0,0.39795918367346933,0.951219512195122,0
0.9080159705159705,0.0410958904109589,0.5,0.11433461525135986,0.7333333333333333,0.5333333333333333,0.6666666666666666,0.8571428571428571,0.2,0.0,1.0,0.0,0.0,0.37755102040816324,0.951219512195122,0
0.36526412776412776,0.32876712328767127,0.5,0.025993140006236357,1.0,0.6,0.8333333333333333,0.2857142857142857,0.2,1.0,1.0,0.0,0.0,0.39795918367346933,0.951219512195122,0
0.5691953316953317,0.4383561643835617,0.5,0.10617607317326681,1.0,0.6,0.0,0.42857142857142855,0.8,1.0,1.0,0.0,0.0,0.39795918367346933,0.951219512195122,0
0.5720823095823095,0.6164383561643836,0.5,0.00847451754841839,0.4,0.26666666666666666,0.3333333333333333,0.2857142857142857,0.0,0.0,0.0,0.0,0.0,0.39795918367346933,0.951219512195122,0
0.9570331695331695,0.27397260273972607,0.5,0.08002425250320479,0.6,0.8,0.3333333333333333,0.2857142857142857,0.0,0.0,0.0,0.0,0.0,0.5,0.951219512195122,1
0.006541769041769042,0.5890410958904109,0.5,0.050951044589959464,0.7333333333333333,0.5333333333333333,0.3333333333333333,0.21428571428571427,0.0,1.0,0.0,0.0,0.0,0.39795918367346933,0.951219512195122,0
0.9754914004914005,0.6027397260273972,0.5,0.4546145584312095,0.2,0.06666666666666667,1.0,0.42857142857142855,0.2,0.0,1.0,0.0,0.0,0.39795918367346933,0.951219512195122,0
0.7649570024570025,0.1506849315068493,0.5,0.08161452378477635,0.6,0.8,0.3333333333333333,0.7142857142857142,1.0,0.0,1.0,0.0,0.0,0.39795918367346933,0.951219512195122,1
0.4117628992628993,0.2191780821917808,0.75,0.09899594636732148,1.0,0.6,0.3333333333333333,0.8571428571428571,0.0,0.0,0.0,0.0,0.39944903581267216,0.5,0.951219512195122,0
0.9785626535626535,0.1643835616438356,0.0,0.3379066625090947,0.5333333333333333,0.6666666666666666,0.6666666666666666,0.0,0.8,0.0,1.0,0.0,0.0,0.39795918367346933,0.951219512195122,0
0.02374078624078624,0.27397260273972607,0.5,0.1857028028964418,0.5333333333333333,0.6666666666666666,0.3333333333333333,0.9285714285714285,1.0,0.0,1.0,0.0,0.0,0.2346938775510204,0.951219512195122,1
0.21624692874692875,0.2465753424657534,0.5,0.08981117693933409,0.13333333333333333,0.4666666666666667,0.3333333333333333,0.21428571428571427,0.0,0.0,0.0,0.0,0.0,0.39795918367346933,0.951219512195122,0
0.35515970515970513,0.1780821917808219,0.5,0.2387811384817933,0.6666666666666666,1.0,0.6666666666666666,0.7142857142857142,0.6000000000000001,0.0,0.0,0.0,0.0,0.19387755102040813,0.951219512195122,0
0.005466830466830466,0.0136986301369863,0.5,0.11893774035962996,0.7333333333333333,0.5333333333333333,0.6666666666666666,0.5714285714285714,0.6000000000000001,0.0,0.0,0.0,0.0,0.11224489795918367,0.951219512195122,0
0.18025184275184275,0.4520547945205479,0.5,0.051337698783910195,0.7333333333333333,0.5333333333333333,0.3333333333333333,0.5,0.0,0.0,0.0,0.0,0.0,0.5,0.951219512195122,0
0.3117014742014742,0.3424657534246575,0.5,0.09998614142674012,0.6,0.8,0.3333333333333333,0.8571428571428571,1.0,0.0,1.0,0.0,0.0,0.39795918367346933,0.8048780487804879,0
0.6156019656019656,0.6575342465753424,0.75,0.11288985898901707,0.7333333333333333,0.5333333333333333,0.3333333333333333,0.2857142857142857,0.0,0.0,0.0,0.0,0.0,0.2346938775510204,0.951219512195122,0
0.5938882063882064,0.7534246575342465,0.0,0.0447458684128469,0.7333333333333333,0.5333333333333333,0.3333333333333333,0.0,0.0,1.0,0.0,0.0,0.0,0.0,0.951219512195122,0
0.19527027027027027,0.3835616438356165,0.25,0.09419464366143505,0.7333333333333333,0.5333333333333333,0.6666666666666666,0.07142857142857142,0.2,1.0,1.0,0.0,0.0,0.39795918367346933,0.951219512195122,0
0.17386363636363636,0.0273972602739726,0.5,0.056348265946020853,0.3333333333333333,0.2,0.6666666666666666,0.21428571428571427,0.6000000000000001,0.0,0.0,0.0,0.3677685950413223,0.31632653061224486,0.951219512195122,0
0.14656019656019656,0.6712328767123288,0.25,0.14587880677684234,1.0,0.6,0.0,0.5714285714285714,0.4,0.0,1.0,0.07896078960789608,0.0,0.39795918367346933,0.0,1
0.6333538083538084,0.2054794520547945,0.5,0.1487011052212175,0.7333333333333333,0.5333333333333333,0.3333333333333333,0.21428571428571427,0.0,0.0,0.0,0.0,0.0,0.39795918367346933,0.2682926829268293,0
0.6222972972972973,0.3698630136986301,0.5,0.12023213110210303,0.5333333333333333,0.6666666666666666,0.8333333333333333,0.21428571428571427,0.4,0.0,0.0,0.0,0.0,0.47959183673469385,0.951219512195122,1
0.15684889434889435,0.1095890410958904,0.5,0.1303558188684475,0.4666666666666667,0.7333333333333334,0.6666666666666666,0.21428571428571427,0.6000000000000001,0.0,0.0,0.0,0.0,0.39795918367346933,0.951219512195122,0
0.44155405405405407,0.0684931506849315,0.5,0.06542285971659217,0.4666666666666667,0.7333333333333334,0.6666666666666666,0.07142857142857142,0.6000000000000001,0.0,1.0,0.0,0.0,0.26530612244897955,0.951219512195122,0
0.7517506142506142,0.35616438356164376,0.5,0.07001281918026539,0.7333333333333333,0.5333333333333333,0.3333333333333333,0.21428571428571427,0.0,0.0,0.0,0.0,0.43663911845730025,0.39795918367346933,0.951219512195122,1
0.7133599508599509,0.41095890410958896,0.5,0.008618646710321172,0.0,0.33333333333333337,0.0,0.2857142857142857,0.2,1.0,1.0,0.0,0.0,0.44897959183673464,0.951219512195122,0
0.30945945945945946,0.0958904109589041,0.5,0.1881904167965908,1.0,0.6,0.6666666666666666,0.07142857142857142,0.2,1.0,0.0,0.0,0.0,0.19387755102040813,0.951219512195122,0
0.7053132678132678,0.3424657534246575,0.5,0.05879984755569413,0.3333333333333333,0.2,0.3333333333333333,1.0,0.0,0.0,0.0,0.0,0.0,0.39795918367346933,0.951219512195122,0
0.17113022113022114,0.3698630136986301,0.5,0.15179503170148634,1.0,0.6,0.0,0.8571428571428571,0.2,0.0,0.0,0.0,0.0,0.39795918367346933,0.951219512195122,0
0.6881449631449631,0.1917808219178082,0.5,0.10859370127845339,0.7333333333333333,0.5333333333333333,0.3333333333333333,0.42857142857142855,0.0,0.0,0.0,0.0,0.0,0.5510204081632653,0.951219512195122,0
0.015018427518427519,0.2876712328767123,0.5,0.05457090392544087,0.6,0.8,0.3333333333333333,0.8571428571428571,0.0,0.0,0.0,0.15024150241502415,0.0,0.6020408163265305,0.951219512195122,1
0.8384828009828009,0.2465753424657534,0.5,0.1698582960884177,0.5333333333333333,0.6666666666666666,0.6666666666666666,0.21428571428571427,0.6000000000000001,1.0,0.0,0.0,0.0,0.39795918367346933,0.951219512195122,0
0.7190724815724816,0.4520547945205479,0.5,0.09245885736063472,0.7333333333333333,0.5333333333333333,1.0,0.07142857142857142,0.8,0.0,1.0,0.0,0.0,0.346938775510204,0.951219512195122,0
0.7862407862407862,0.46575342465753417,0.25,0.12066036101583343,0.6,0.8,0.0,0.07142857142857142,0.2,0.0,1.0,0.0,0.0,0.39795918367346933,0.951219512195122,0
0.9710380835380835,0.1506849315068493,0.75,0.07449537470117451,0.7333333333333333,0.5333333333333333,0.6666666666666666,0.5714285714285714,0.2,0.0,0.0,0.0,0.0,0.39795918367346933,0.951219512195122,0
0.9136670761670761,0.0273972602739726,0.5,0.22289297716800055,0.13333333333333333,0.4666666666666667,0.6666666666666666,0.5714285714285714,0.4,0.0,1.0,0.0,0.0,0.2959183673469387,0.951219512195122,0
0.2780712530712531,0.0136986301369863,0.5,0.2655870838097218,0.7333333333333333,0.5333333333333333,0.6666666666666666,0.42857142857142855,0.6000000000000001,0.0,0.0,0.0,0.0,0.39795918367346933,0.951219512195122,0
0.43178746928746925,0.0410958904109589,0.5,0.12868516786196862,0.7333333333333333,0.5333333333333333,0.6666666666666666,0.21428571428571427,0.2,0.0,0.0,0.0,0.0,0.39795918367346933,0.951219512195122,0
0.5981265356265356,0.35616438356164376,0.875,0.20696670477774315,0.9333333333333333,0.9333333333333333,0.3333333333333333,0.7142857142857142,0.0,1.0,0.0,0.0,0.0,0.39795918367346933,0.951219512195122,0
0.5798218673218674,0.4383561643835617,0.5,0.1936721754495375,0.6,0.8,0.3333333333333333,0.21428571428571427,0.0,0.0,0.0,0.0,0.0,0.39795918367346933,0.951219512195122,1
0.5232186732186732,0.1780821917808219,0.5,0.2289602605411773,0.7333333333333333,0.5333333333333333,0.3333333333333333,0.9285714285714285,0.0,0.0,0.0,0.0,0.0,0.39795918367346933,0.951219512195122,0
0.568519656019656,0.2191780821917808,0.5,0.154912517756297,0.9333333333333333,0.9333333333333333,0.3333333333333333,0.2857142857142857,1.0,0.0,1.0,0.0,0.0,0.39795918367346933,0.951219512195122,1
0.613022113022113,0.27397260273972607,0.5,0.14433704050168036,0.7333333333333333,0.5333333333333333,0.6666666666666666,0.07142857142857142,0.2,0.0,0.0,0.0,0.0,0.39795918367346933,0.951219512195122,0
0.07616707616707616,0.32876712328767127,0.5,0.12723001766968092,1.0,0.6,0.3333333333333333,0.8571428571428571,0.0,0.0,0.0,0.0,0.0,0.5,0.951219512195122,0
0.5513820638820639,0.136986301369863,0.5,0.08362124519280739,0.7333333333333333,0.5333333333333333,0.3333333333333333,0.42857142857142855,0.0,1.0,0.0,0.0,0.0,0.39795918367346933,0.951219512195122,0
0.1860257985257985,0.27397260273972607,0.5,0.2762207670720299,0.7333333333333333,0.5333333333333333,0.5,0.3571428571428571,0.8,1.0,0.0,0.0,0.0,0.39795918367346933,0.6341463414634146,0
0.9400184275184275,0.2465753424657534,0.5,0.08078924574715032,1.0,0.6,0.3333333333333333,0.21428571428571427,0.0,0.0,0.0,0.0,0.0,0.39795918367346933,0.951219512195122,0
0.9412162162162162,0.4794520547945205,0.875,0.1516689186848214,0.5333333333333333,0.6666666666666666,0.3333333333333333,0.2857142857142857,0.0,0.0,0.0,0.0,0.0,0.39795918367346933,0.951219512195122,0
0.4391584766584766,0.2602739726027397,0.5,0.12063264386931365,1.0,0.6,0.3333333333333333,0.5,0.0,1.0,0.0,0.0,0.0,0.5,0.951219512195122,1
0.7897113022113021,0.2054794520547945,0.5,0.11850396701659564,0.5333333333333333,0.6666666666666666,0.3333333333333333,1.0,0.0,0.0,0.0,0.0,0.0,0.9999999999999999,0.951219512195122,1
0.4367014742014742,0.0273972602739726,0.5,0.12370994006167065,1.0,0.6,0.6666666666666666,0.8571428571428571,0.6000000000000001,0.0,1.0,0.0,0.0,0.39795918367346933,0.951219512195122,0
0.643058968058968,0.0547945205479452,0.0,0.13418910023213113,1.0,0.6,0.6666666666666666,0.0,0.6000000000000001,0.0,1.0,0.0,0.0,0.39795918367346933,0.951219512195122,0
0.01756756756756757,0.0,0.5,0.15967363059972978,0.06666666666666667,0.4,0.6666666666666666,0.8571428571428571,0.6000000000000001,0.0,0.0,0.0,0.0,0.11224489795918367,0.951219512195122,0
0.8401105651105651,0.0821917808219178,0.5,0.033292450542216676,1.0,0.6,0.0,0.2857142857142857,0.2,0.0,0.0,0.0,0.0,0.5,0.951219512195122,0
0.19057125307125306,0.3150684931506849,0.5,0.09301527907701902,0.8,0.8666666666666667,0.3333333333333333,0.2857142857142857,0.0,0.0,0.0,0.0,0.0,0.39795918367346933,0.951219512195122,1
0.656541769041769,0.547945205479452,0.5,0.11176592869764057,1.0,0.6,1.0,0.5,0.8,0.0,1.0,0.0,0.0,0.39795918367346933,0.951219512195122,0
0.575583538083538,0.1917808219178082,0.5,0.033969441845961956,0.0,0.33333333333333337,0.6666666666666666,0.5714285714285714,0.2,0.0,0.0,0.0,0.0,0.39795918367346933,0.951219512195122,0
0.15199631449631448,0.3698630136986301,0.5,0.1028999064546305,0.6,0.8,0.3333333333333333,0.8571428571428571,0.0,0.0,0.0,0.0,0.0,0.6020408163265305,0.951219512195122,1
0.13464373464373464,0.136986301369863,0.5,0.11736964279527422,0.7333333333333333,0.5333333333333333,0.3333333333333333,0.5,0.0,0.0,0.0,0.05013050130501305,0.0,0.4591836734693877,0.04878048780487805,0
0.43427518427518425,0.1780821917808219,0.5,0.03208051831063992,0.6,0.8,0.6666666666666666,0.21428571428571427,0.6000000000000001,0.0,0.0,0.0,0.0,0.09183673469387754,0.951219512195122,0
0.8994471744471745,0.2876712328767123,0.5,0.21343588677545647,0.3333333333333333,0.2,0.3333333333333333,0.07142857142857142,0.0,0.0,0.0,0.0,0.0,0.39795918367346933,0.951219512195122,0
0.055343980343980345,0.4794520547945205,0.5,0.051914215431521325,0.7333333333333333,0.5333333333333333,0.0,0.5714285714285714,0.2,0.0,1.0,0.0,0.0,0.37755102040816324,0.951219512195122,0
0.8730036855036855,0.7945205479452053,0.0,0.07864671032117243,1.0,0.6,0.3333333333333333,0.0,0.0,0.0,0.0,0.0,0.0,0.07142857142857142,0.951219512195122,0
0.4441953316953317,0.0684931506849315,0.5,0.10566469181997713,0.4,0.26666666666666666,0.6666666666666666,0.5,0.8,0.0,0.0,0.0,0.0,0.39795918367346933,0.3170731707317073,0
0.6580773955773955,0.5068493150684932,0.5,0.08964972456085646,0.7333333333333333,0.5333333333333333,0.3333333333333333,0.07142857142857142,0.0,0.0,0.0,0.0,0.0,0.39795918367346933,0.951219512195122,1
0.1559889434889435,0.4931506849315069,0.5,0.07995426670824238,0.3333333333333333,0.2,0.3333333333333333,0.5,0.0,0.0,0.0,0.0,0.0,0.39795918367346933,0.951219512195122,0
0.4277027027027027,0.35616438356164376,0.5,0.17893981914561896,0.7333333333333333,0.5333333333333333,0.8333333333333333,0.5714285714285714,0.2,0.0,1.0,0.0,0.0,0.2551020408163265,0.951219512195122,0
0.9988022113022113,0.2191780821917808,0.5,0.18082527803762605,0.7333333333333333,0.5333333333333333,0.3333333333333333,0.21428571428571427,0.0,1.0,0.0,0.0,0.0,0.39795918367346933,0.951219512195122,0
0.3911855036855037,0.4520547945205479,0.5,0.1279769947683886,0.7333333333333333,0.5333333333333333,0.3333333333333333,0.21428571428571427,0.0,0.0,0.0,0.0,0.0,0.39795918367346933,0.951219512195122,1
0.9099201474201474,0.2602739726027397,0.75,0.015171673076256798,0.7333333333333333,0.5333333333333333,0.6666666666666666,0.3571428571428571,0.2,0.0,0.0,0.0,0.0,0.7040816326530611,0.951219512195122,1
0.39075552825552823,0.3972602739726027,0.75,0.06323181928420468,0.9333333333333333,0.9333333333333333,0.3333333333333333,0.7142857142857142,0.0,0.0,0.0,0.0,0.0,0.6530612244897959,0.951219512195122,1
0.9133906633906633,0.4520547945205479,0.75,0.07796001801614523,1.0,0.6,0.3333333333333333,0.21428571428571427,0.0,0.0,0.0,0.0,0.0,0.5510204081632653,0.951219512195122,0
0.1847972972972973,0.30136986301369856,0.75,0.08901846654886879,0.7333333333333333,0.5333333333333333,0.3333333333333333,0.8571428571428571,0.0,0.0,0.0,0.0,0.0,0.5,0.951219512195122,1
0.9031019656019655,0.0821917808219178,0.5,0.03334649897793022,0.7333333333333333,0.5333333333333333,0.6666666666666666,0.2857142857142857,0.2,0.0,1.0,0.0,0.0,0.39795918367346933,0.951219512195122,0
0.9982493857493857,0.41095890410958896,0.5,0.2077420919516336,0.7333333333333333,0.5333333333333333,0.3333333333333333,0.21428571428571427,0.0,0.0,0.0,0.0,0.0,0.39795918367346933,0.951219512195122,0
0.8949324324324324,0.3150684931506849,0.75,0.015051796417558811,0.7333333333333333,0.5333333333333333,0.3333333333333333,0.3571428571428571,0.0,0.0,0.0,0.0,0.0,0.7040816326530611,0.951219512195122,1
0.31074938574938576,0.32876712328767127,0.5,0.23811315525066695,1.0,0.6,0.3333333333333333,1.0,0.0,0.0,0.0,0.0,0.0,0.6530612244897959,0.951219512195122,1
0.5504606879606879,0.4246575342465753,0.5,0.14730623982261026,0.7333333333333333,0.5333333333333333,0.0,0.5,0.4,1.0,1.0,0.0,0.0,0.37755102040816324,0.17073170731707318,0
0.2743243243243243,0.0684931506849315,0.5,0.16453036759865572,1.0,0.6,0.6666666666666666,1.0,0.6000000000000001,0.0,0.0,0.0,0.0,0.19387755102040813,0.951219512195122,0
0.6514434889434889,0.0273972602739726,0.5,0.10617052974396285,1.0,0.6,0.6666666666666666,0.8571428571428571,0.6000000000000001,0.0,1.0,0.0,0.0,0.19387755102040813,0.951219512195122,0
0.678009828009828,0.1780821917808219,0.5,0.11813463603921977,0.6,0.8,0.6666666666666666,0.5714285714285714,0.2,1.0,0.0,0.0,0.0,0.14285714285714282,0.07317073170731708,0
0.8425982800982801,0.547945205479452,0.125,0.27904860894570904,1.0,0.6,0.3333333333333333,0.2857142857142857,0.0,0.0,0.0,0.0,0.0,0.39795918367346933,0.951219512195122,1
0.7678132678132678,0.3698630136986301,0.5,0.10376121678273222,0.06666666666666667,0.4,0.0,0.8571428571428571,0.8,0.0,1.0,0.0,0.0,0.43877551020408156,0.951219512195122,0
0.504514742014742,0.2191780821917808,0.75,0.20665904445137373,0.13333333333333333,0.4666666666666667,0.6666666666666666,0.21428571428571427,0.2,1.0,0.0,0.0,0.0,0.31632653061224486,0.951219512195122,0
0.39253685503685504,0.6986301369863013,0.5,0.23519800436545057,1.0,0.6,0.3333333333333333,0.07142857142857142,0.0,0.0,0.0,0.0,0.0,0.39795918367346933,0.951219512195122,0
0.8303746928746929,0.27397260273972607,0.5,0.1088875030315629,0.7333333333333333,0.5333333333333333,0.3333333333333333,0.21428571428571427,0.0,0.0,0.0,0.0,0.0,0.6020408163265305,0.951219512195122,1
0.5428132678132678,0.2602739726027397,0.875,0.29491390361362296,0.7333333333333333,0.5333333333333333,0.6666666666666666,0.2857142857142857,0.8,1.0,0.0,0.0,0.0,0.9081632653061223,0.951219512195122,0
0.2645884520884521,0.2191780821917808,0.5,0.03791774936770259,0.0,0.33333333333333337,0.6666666666666666,0.5,0.2,0.0,1.0,0.0,0.0,0.44897959183673464,0.951219512195122,0
0.003961916461916462,0.30136986301369856,0.5,0.24491840764993245,1.0,0.6,0.0,0.21428571428571427,0.2,0.0,0.0,0.0,0.0,0.39795918367346933,0.951219512195122,0
0.1425982800982801,0.5753424657534245,0.5,0.2560828742680941,0.4,0.26666666666666666,1.0,0.5714285714285714,0.8,1.0,1.0,0.0,0.0,0.39795918367346933,0.951219512195122,0
0.05761670761670762,0.3698630136986301,0.5,0.09180819734608321,1.0,0.6,0.8333333333333333,0.2857142857142857,0.2,0.0,0.0,0.0,0.0,0.44897959183673464,0.951219512195122,1
0.7746007371007371,0.30136986301369856,0.25,0.10548453036759865,0.7333333333333333,0.5333333333333333,0.0,0.07142857142857142,0.8,0.0,1.0,0.0,0.0,0.39795918367346933,0.951219512195122,0
0.6137592137592137,0.2602739726027397,0.5,0.2513238402106503,0.06666666666666667,0.4,0.3333333333333333,0.5,0.0,0.0,0.0,0.0,0.0,0.39795918367346933,0.951219512195122,0
0.27856265356265353,0.5616438356164384,0.5,0.12821536222845858,0.6,0.8,0.3333333333333333,0.2857142857142857,0.0,0.0,0.0,0.0,0.0,0.44897959183673464,0.951219512195122,1
0.643581081081081,0.3150684931506849,0.5,0.19018466548868795,0.06666666666666667,0.4,0.8333333333333333,0.5,0.2,1.0,0.0,0.0,0.0,0.3571428571428571,0.951219512195122,0
0.9968980343980344,0.9315068493150684,0.5,0.05981775976163253,0.6,0.8,0.3333333333333333,0.2857142857142857,0.0,0.0,0.0,0.0,0.0,0.020408163265306124,0.7560975609756098,0
0.46615479115479114,0.136986301369863,0.5,0.24753975678203932,0.7333333333333333,0.5333333333333333,0.6666666666666666,0.5,0.6000000000000001,0.0,0.0,0.0,0.0,0.44897959183673464,0.951219512195122,0
0.7606265356265356,0.41095890410958896,0.5,0.10370716834701867,0.6,0.8,0.0,0.5714285714285714,0.2,0.0,1.0,0.0,0.0,0.24489795918367346,0.2682926829268293,0
0.06443488943488944,0.4794520547945205,0.5,0.17617295499428334,1.0,0.6,0.3333333333333333,0.7142857142857142,0.0,0.0,0.0,0.0,0.0,0.44897959183673464,0.951219512195122,1
0.43353808353808354,0.1780821917808219,0.5,0.016668398988324153,0.7333333333333333,0.5333333333333333,0.6666666666666666,0.07142857142857142,0.8,0.0,1.0,0.0,0.0,0.2346938775510204,0.951219512195122,0
0.8464066339066338,0.4383561643835617,0.5,0.13539271731975194,0.3333333333333333,0.2,0.0,0.21428571428571427,0.2,0.0,0.0,0.0,0.0,0.7040816326530611,0.951219512195122,0
0.4516277641277641,0.5068493150684932,0.5,0.18893877975262446,0.0,0.33333333333333337,0.8333333333333333,0.8571428571428571,0.8,0.0,1.0,0.0,0.0,0.42857142857142855,0.5365853658536586,0
0.476044226044226,0.2465753424657534,0.125,0.018655025465128365,0.7333333333333333,0.5333333333333333,0.6666666666666666,0.07142857142857142,0.2,0.0,0.0,0.0,0.0,0.39795918367346933,0.951219512195122,0
0.10727886977886977,0.2465753424657534,0.5,0.09466652808093406,0.7333333333333333,0.5333333333333333,0.3333333333333333,0.5714285714285714,1.0,0.0,1.0,0.0,0.0,0.1530612244897959,0.951219512195122,1
0.32496928746928744,0.0958904109589041,0.0,0.13220455254131588,0.7333333333333333,0.5333333333333333,0.3333333333333333,0.0,0.0,0.0,0.0,0.0,0.0,0.39795918367346933,0.951219512195122,0
0.5376842751842752,0.0684931506849315,0.5,0.17715414198108306,1.0,0.6,0.6666666666666666,0.8571428571428571,0.6000000000000001,0.0,1.0,0.0,0.0,0.1530612244897959,0.951219512195122,0
0.004484029484029484,0.0684931506849315,0.5,0.11300904271905207,1.0,0.6,0.3333333333333333,0.5714285714285714,0.0,0.0,0.0,0.0,0.0,0.2346938775510204,0.951219512195122,0
0.9981879606879607,0.7397260273972601,0.5,0.08721200152444306,0.4,0.26666666666666666,0.3333333333333333,0.5714285714285714,0.0,0.0,0.0,0.0,0.0,0.39795918367346933,0.951219512195122,0
0.6762899262899262,0.3424657534246575,0.25,0.18641859820531478,0.6,0.8,0.6666666666666666,0.7142857142857142,0.2,0.0,0.0,0.0,0.0,0.5,0.951219512195122,0
0.7574017199017199,0.0410958904109589,0.5,0.20313965977202647,0.7333333333333333,0.5333333333333333,0.6666666666666666,0.5714285714285714,0.6000000000000001,0.0,0.0,0.0,0.0,0.2959183673469387,0.951219512195122,0
0.4258906633906634,0.1232876712328767,0.5,0.031972421439212834,0.7333333333333333,0.5333333333333333,0.3333333333333333,0.7142857142857142,0.0,0.0,0.0,0.0,0.0,0.5,0.951219512195122,0
0.686455773955774,0.2191780821917808,0.25,0.19455912413816998,0.6,0.8,0.5,0.7142857142857142,0.4,1.0,0.0,0.0,0.0,0.39795918367346933,0.0,0
0.9439803439803439,0.30136986301369856,0.5,0.11367494716418944,0.8,0.8666666666666667,0.3333333333333333,0.2857142857142857,0.0,0.0,0.0,0.07688076880768807,0.0,0.6530612244897959,0.951219512195122,1
0.2856879606879607,0.6438356164383561,0.625,0.12686207254963103,0.6,0.8,0.3333333333333333,0.7142857142857142,0.0,0.0,0.0,0.0,0.0,0.39795918367346933,0.951219512195122,0
0.017843980343980343,0.547945205479452,0.5,0.03991199805979974,0.7333333333333333,0.5333333333333333,0.3333333333333333,0.8571428571428571,0.0,0.0,0.0,0.0,0.0,0.39795918367346933,0.951219512195122,1
0.1183046683046683,0.0273972602739726,0.5,0.2038471399369435,1.0,0.6,0.6666666666666666,0.5714285714285714,0.6000000000000001,0.0,1.0,0.0,0.0,0.19387755102040813,0.951219512195122,0
0.6631142506142506,0.35616438356164376,0.5,0.18629594983196482,0.7333333333333333,0.5333333333333333,0.8333333333333333,0.5,0.2,0.0,1.0,0.0,0.0,0.39795918367346933,0.951219512195122,0
0.9670454545454545,0.2328767123287671,0.5,0.05063229740498215,0.6,0.8,0.6666666666666666,0.07142857142857142,0.6000000000000001,0.0,0.0,0.0,0.0,0.39795918367346933,0.951219512195122,0
0.7058046683046683,0.5342465753424657,0.875,0.04948272875307487,0.6,0.8,0.8333333333333333,0.7142857142857142,0.2,0.0,1.0,0.0,0.0,0.37755102040816324,0.0,0
0.625982800982801,0.5616438356164384,0.5,0.23680074836295603,0.7333333333333333,0.5333333333333333,0.3333333333333333,0.07142857142857142,1.0,0.0,1.0,0.0,0.0,0.39795918367346933,0.951219512195122,1
0.6425982800982801,0.3835616438356165,0.5,0.15872570418875379,0.7333333333333333,0.5333333333333333,0.3333333333333333,0.42857142857142855,0.0,0.0,0.0,0.0,0.0,0.47959183673469385,0.951219512195122,1
0.3625,0.32876712328767127,0.25,0.11393895298479022,0.7333333333333333,0.5333333333333333,0.3333333333333333,1.0,0.0,0.0,0.0,0.0,0.0,0.6020408163265305,0.951219512195122,0
0.558507371007371,0.1780821917808219,0.5,0.1260132349374632,1.0,0.6,0.0,0.5,0.2,0.0,0.0,0.0,0.3712121212121212,0.39795918367346933,0.951219512195122,0
0.029944717444717443,0.1095890410958904,0.5,0.11505456813221078,1.0,0.6,0.6666666666666666,0.8571428571428571,0.2,0.0,1.0,0.0,0.0,0.39795918367346933,0.951219512195122,0
0.20116707616707616,0.1643835616438356,0.5,0.06801579877351627,0.7333333333333333,0.5333333333333333,0.3333333333333333,0.42857142857142855,0.0,0.0,0.0,0.0,0.0,0.44897959183673464,0.951219512195122,0
0.4315110565110565,0.1095890410958904,0.5,0.18126390188130134,0.6,0.8,0.6666666666666666,0.8571428571428571,0.2,0.0,0.0,0.0,0.0,0.6530612244897959,0.951219512195122,0
0.6999078624078624,0.2465753424657534,0.5,0.1122703807643003,1.0,0.6,0.6666666666666666,1.0,0.6000000000000001,0.0,0.0,0.0,0.0,0.39795918367346933,0.951219512195122,0
0.4915847665847666,0.1506849315068493,0.5,0.03988635969926896,0.6,0.8,0.6666666666666666,0.07142857142857142,0.6000000000000001,1.0,1.0,0.0,0.0,0.2959183673469387,0.951219512195122,0
0.08006756756756757,0.3835616438356165,0.5,0.12510827010359285,0.6,0.8,0.3333333333333333,0.2857142857142857,0.0,0.0,0.0,0.0,0.45385674931129477,0.5510204081632653,0.951219512195122,1
0.2218058968058968,0.1643835616438356,0.5,0.07883795863215881,0.7333333333333333,0.5333333333333333,0.3333333333333333,0.8571428571428571,1.0,0.0,1.0,0.0,0.0,0.39795918367346933,0.951219512195122,1
0.7416154791154791,0.6164383561643836,0.5,0.12684613519038215,0.6666666666666666,1.0,0.0,0.7142857142857142,0.8,0.0,0.0,0.15020150201502014,0.0,0.5,0.951219512195122,1
0.8675982800982801,0.0273972602739726,0.5,0.13464574022104425,0.7333333333333333,0.5333333333333333,0.6666666666666666,0.8571428571428571,0.6000000000000001,0.0,1.0,0.0,0.0,0.39795918367346933,0.951219512195122,0
0.528009828009828,0.0136986301369863,0.5,0.05795100994352631,0.7333333333333333,0.5333333333333333,0.6666666666666666,0.5714285714285714,0.6000000000000001,0.0,0.0,0.0,0.0,0.24489795918367346,0.04878048780487805,0
0.45009213759213756,0.2054794520547945,0.5,0.08495374701174514,0.7333333333333333,0.5333333333333333,0.3333333333333333,0.07142857142857142,1.0,0.0,1.0,0.0,0.0,0.39795918367346933,0.951219512195122,1
0.6719594594594595,0.6575342465753424,0.5,0.007826629248518865,0.6,0.8,0.0,0.07142857142857142,0.2,0.0,1.0,0.0,0.0,0.39795918367346933,0.951219512195122,0
0.6984643734643734,0.1232876712328767,0.5,0.054042892284239336,0.7333333333333333,0.5333333333333333,0.6666666666666666,0.07142857142857142,0.6000000000000001,0.0,0.0,0.0,0.0,0.39795918367346933,0.0,0
0.7570638820638821,0.6438356164383561,0.5,0.1717056439039601,0.13333333333333333,0.4666666666666667,0.3333333333333333,0.21428571428571427,0.0,0.0,0.0,0.0,0.0,0.39795918367346933,0.0975609756097561,0
0.4470208845208845,0.0273972602739726,0.75,0.2287350587257042,0.06666666666666667,0.4,0.3333333333333333,0.21428571428571427,0.6000000000000001,0.0,0.0,0.0,0.4887511478420569,0.5510204081632653,0.951219512195122,0
0.18863636363636363,0.5753424657534245,0.25,0.12819526729723177,0.4,0.26666666666666666,0.3333333333333333,0.5714285714285714,0.0,0.0,0.0,0.0,0.0,0.39795918367346933,0.951219512195122,0
0.6921375921375921,0.5890410958904109,0.25,0.10650105671621106,0.8,0.8666666666666667,0.3333333333333333,0.2857142857142857,0.0,0.0,0.0,0.0,0.0,0.5,0.951219512195122,1
0.25313267813267815,0.1643835616438356,0.5,0.17430343346152516,0.6,0.8,0.6666666666666666,0.07142857142857142,0.6000000000000001,0.0,1.0,0.0,0.0,0.39795918367346933,0.951219512195122,0
0.5917997542997543,0.2602739726027397,0.5,0.014152375012992413,1.0,0.6,0.0,0.8571428571428571,0.2,0.0,1.0,0.033250332503325035,0.0,0.44897959183673464,0.951219512195122,0
0.9500921375921376,0.30136986301369856,0.5,0.15981498804698058,0.7333333333333333,0.5333333333333333,0.3333333333333333,0.21428571428571427,0.0,1.0,0.0,0.0,0.0,0.39795918367346933,0.951219512195122,0
0.8501535626535627,0.0273972602739726,0.5,0.1567328413539826,0.06666666666666667,0.4,0.6666666666666666,0.5,0.6000000000000001,0.0,0.0,0.0,0.0,0.39795918367346933,0.951219512195122,0
0.6544840294840295,0.0547945205479452,0.5,0.1809361466237051,0.5333333333333333,0.6666666666666666,0.6666666666666666,0.5714285714285714,0.2,0.0,1.0,0.0,0.0,0.5,0.951219512195122,0
0.6111793611793611,0.5205479452054793,0.625,0.2633406090842948,0.6,0.8,0.3333333333333333,0.8571428571428571,0.0,0.0,0.0,1.0,0.0,0.6020408163265305,0.951219512195122,1
0.8121621621621622,0.35616438356164376,0.5,0.04446869694764924,0.7333333333333333,0.5333333333333333,0.6666666666666666,0.07142857142857142,0.2,0.0,1.0,0.0,0.0,0.39795918367346933,0.951219512195122,0
0.39425675675675675,0.7123287671232876,0.875,0.1322017808266639,0.6666666666666666,1.0,0.3333333333333333,0.7142857142857142,0.0,0.0,0.0,0.0,0.0,0.5,0.951219512195122,1
0.15165847665847665,0.1917808219178082,0.5,0.024260125420088,1.0,0.6,0.3333333333333333,0.07142857142857142,1.0,0.0,1.0,0.0,0.39944903581267216,0.19387755102040813,0.951219512195122,0
0.9024262899262899,0.3972602739726027,0.5,0.03677233828777327,1.0,0.6,0.0,1.0,0.6000000000000001,0.0,0.0,0.033250332503325035,0.0,0.5510204081632653,0.951219512195122,0
0.1589066339066339,0.0821917808219178,0.5,0.13165575304022453,0.6,0.8,0.6666666666666666,0.8571428571428571,0.6000000000000001,0.0,0.0,0.0,0.0,0.19387755102040813,0.951219512195122,0
0.7430282555282555,0.2054794520547945,0.5,0.1296684336347573,0.6,0.8,0.3333333333333333,0.7142857142857142,0.0,0.0,0.0,0.0,0.0,0.39795918367346933,0.951219512195122,0
0.4225737100737101,0.1917808219178082,0.5,0.040385961265287734,0.2,0.06666666666666667,0.6666666666666666,0.5714285714285714,0.4,0.0,1.0,0.0,0.0,0.24489795918367346,0.1951219512195122,0
0.10162776412776413,0.30136986301369856,0.5,0.23557010705747844,0.4666666666666667,0.7333333333333334,0.3333333333333333,0.07142857142857142,0.0,0.0,0.0,0.0,0.0,0.39795918367346933,0.951219512195122,0
0.32023955773955776,0.27397260273972607,0.5,0.07101132938363995,1.0,0.6,0.6666666666666666,0.5,0.2,0.0,1.0,0.0,0.0,0.39795918367346933,0.951219512195122,0
0.25525184275184276,0.7123287671232876,0.5,0.06535010220697779,0.7333333333333333,0.5333333333333333,1.0,0.07142857142857142,0.2,0.0,1.0,0.01848018480184802,0.0,0.39795918367346933,0.951219512195122,0
0.9858722358722358,0.1232876712328767,0.5,0.16186467103211724,0.7333333333333333,0.5333333333333333,0.6666666666666666,0.5714285714285714,0.4,0.0,0.0,0.0,0.0,0.39795918367346933,0.951219512195122,0
0.9640356265356265,0.2465753424657534,0.5,0.12308976890829089,0.7333333333333333,0.5333333333333333,0.3333333333333333,0.21428571428571427,0.0,0.0,0.0,0.0,0.0,0.39795918367346933,0.951219512195122,0
0.10758599508599509,0.3150684931506849,0.5,0.20998233031909366,0.7333333333333333,0.5333333333333333,0.0,0.2857142857142857,0.8,0.0,1.0,0.0,0.14348025711662074,0.520408163265306,0.951219512195122,0
0.5596130221130221,0.4246575342465753,0.5,0.11115268683089076,0.5333333333333333,0.6666666666666666,0.0,0.5714285714285714,0.6000000000000001,0.0,1.0,0.0,0.0,0.39795918367346933,0.951219512195122,0
0.8267199017199017,0.1643835616438356,0.25,0.14004088279111668,0.06666666666666667,0.4,0.0,0.5714285714285714,0.8,1.0,1.0,0.0,0.0,0.19387755102040813,0.951219512195122,0
0.9721744471744471,0.5068493150684932,0.25,0.1473505872570419,0.8,0.8666666666666667,0.3333333333333333,0.7142857142857142,0.0,0.0,0.0,0.0,0.0,0.5,0.951219512195122,1
0.720085995085995,0.1506849315068493,0.5,0.17959394380348545,0.7333333333333333,0.5333333333333333,0.3333333333333333,0.2857142857142857,0.0,0.0,0.0,0.0,0.0,0.44897959183673464,0.951219512195122,1
0.08802211302211302,0.1780821917808219,0.5,0.0175733638221945,1.0,0.6,0.3333333333333333,0.42857142857142855,0.0,0.0,0.0,0.0,0.0,0.39795918367346933,0.951219512195122,0
0.3471130221130221,0.35616438356164376,0.5,0.11905484530367598,0.4666666666666667,0.7333333333333334,0.3333333333333333,1.0,0.0,0.0,0.0,0.0,0.0,0.39795918367346933,0.951219512195122,0
0.6429361179361179,0.1643835616438356,0.5,0.17317881024148565,1.0,0.6,0.6666666666666666,0.5714285714285714,0.2,1.0,1.0,0.0,0.0,0.2959183673469387,0.5609756097560976,0
0.5878685503685503,0.5753424657534245,0.5,0.06545612029241589,0.3333333333333333,0.2,0.3333333333333333,0.5714285714285714,1.0,0.0,1.0,0.0,0.0,0.9999999999999999,0.951219512195122,0
0.45494471744471743,0.0273972602739726,0.5,0.12284862973356893,0.7333333333333333,0.5333333333333333,0.6666666666666666,0.5714285714285714,0.2,0.0,1.0,0.0,0.0,0.2959183673469387,0.951219512195122,0
0.23332309582309582,0.4246575342465753,0.875,0.08195683054429546,1.0,0.6,0.6666666666666666,0.7142857142857142,0.2,1.0,1.0,0.0,0.0,0.2346938775510204,0.951219512195122,0
0.936578624078624,0.35616438356164376,0.125,0.008814052593285522,0.8,0.8666666666666667,0.3333333333333333,0.42857142857142855,0.0,0.0,0.0,0.05013050130501305,0.0,0.11224489795918367,0.951219512195122,0
0.8941339066339066,0.3698630136986301,0.5,0.22769635865987597,0.6,0.8,0.3333333333333333,0.5,0.0,0.0,0.0,0.0,0.45385674931129477,0.39795918367346933,0.951219512195122,1
0.4668304668304668,0.1780821917808219,0.5,0.09840418528912448,0.0,0.33333333333333337,0.6666666666666666,0.5,0.8,1.0,1.0,0.0,0.0,0.39795918367346933,0.951219512195122,0
0.9634213759213759,0.46575342465753417,0.5,0.19507119842012266,0.26666666666666666,0.13333333333333336,0.3333333333333333,0.42857142857142855,0.0,1.0,0.0,0.0,0.0,0.520408163265306,0.951219512195122,0
0.9279176904176903,0.27397260273972607,0.75,0.044742403769531924,1.0,0.6,0.0,0.2857142857142857,0.8,0.0,1.0,0.0,0.0,0.39795918367346933,0.951219512195122,0
0.7974815724815725,0.4520547945205479,0.625,0.10243010082112046,0.8,0.8666666666666667,0.3333333333333333,0.7142857142857142,0.0,0.0,0.0,0.0,0.0,0.5510204081632653,0.951219512195122,1
0.5499999999999999,0.5616438356164384,0.5,0.18263797942001872,0.7333333333333333,0.5333333333333333,1.0,0.21428571428571427,0.8,0.0,0.0,0.08614086140861409,0.0,0.520408163265306,0.6341463414634146,1
0.41455773955773956,0.6301369863013697,0.0,0.1633239787963829,0.9333333333333333,0.9333333333333333,0.3333333333333333,0.0,0.0,0.0,0.0,0.0,0.0,0.2959183673469387,0.951219512195122,1
0.4068181818181818,0.0273972602739726,0.5,0.06025776946263382,0.06666666666666667,0.4,0.6666666666666666,0.5,0.2,0.0,1.0,0.0,0.0,0.24489795918367346,0.951219512195122,0
0.39824938574938573,0.4794520547945205,0.75,0.09305616186813567,0.7333333333333333,0.5333333333333333,0.0,0.8571428571428571,0.8,1.0,0.0,0.0,0.0,0.39795918367346933,0.951219512195122,0
0.35076781326781326,0.1917808219178082,0.0,0.01714651976579011,0.4666666666666667,0.7333333333333334,0.6666666666666666,0.0,0.6000000000000001,0.0,1.0,0.0,0.0,0.24489795918367346,0.951219512195122,0
0.7813574938574939,0.5890410958904109,0.0,0.10246336139694417,0.6,0.8,0.3333333333333333,0.0,0.0,0.0,0.0,0.0,0.0,0.11224489795918367,0.951219512195122,0
0.4017813267813268,0.1780821917808219,0.5,0.10097148598551779,1.0,0.6,0.6666666666666666,0.21428571428571427,0.4,0.0,0.0,0.0,0.0,0.5510204081632653,0.17073170731707318,0
0.580958230958231,0.1917808219178082,0.625,0.13249003915046947,0.6,0.8,0.3333333333333333,0.2857142857142857,0.0,0.0,0.0,0.0,0.0,0.5,0.951219512195122,1
0.6121928746928746,0.0547945205479452,0.5,0.13811176939334097,1.0,0.6,0.6666666666666666,0.07142857142857142,0.6000000000000001,1.0,1.0,0.0,0.0,0.39795918367346933,0.951219512195122,0
0.6923525798525798,0.1506849315068493,0.25,0.10826248137754219,0.8,0.8666666666666667,0.3333333333333333,0.7142857142857142,1.0,0.0,1.0,0.07688076880768807,0.0,0.346938775510204,0.951219512195122,1
0.667536855036855,0.3424657534246575,0.5,0.04606589751585074,1.0,0.6,0.3333333333333333,0.21428571428571427,0.0,0.0,0.0,0.03103031030310303,0.0,0.44897959183673464,0.951219512195122,1
0.6728501228501228,0.2602739726027397,0.5,0.019909226345147767,1.0,0.6,0.3333333333333333,0.2857142857142857,0.0,0.0,0.0,0.0,0.0,0.520408163265306,0.951219512195122,1
0.48356879606879605,0.4931506849315069,0.625,0.021230641305477603,0.6666666666666666,1.0,0.0,0.2857142857142857,0.2,0.0,0.0,0.14084140841408413,0.0,0.5,0.951219512195122,1
0.20816953316953316,0.46575342465753417,0.5,0.11677372414509925,1.0,0.6,0.0,0.2857142857142857,0.8,0.0,1.0,0.0,0.0,0.39795918367346933,0.951219512195122,0
0.49017199017199015,0.6575342465753424,0.0,0.1287004122925545,0.7333333333333333,0.5333333333333333,1.0,0.0,0.2,0.0,1.0,0.0,0.0,0.346938775510204,0.951219512195122,0
0.847051597051597,0.1232876712328767,0.5,0.0533839171257319,0.6,0.8,0.6666666666666666,0.8571428571428571,0.2,0.0,0.0,0.0,0.0,0.39795918367346933,0.951219512195122,0
0.0020884520884520883,0.4383561643835617,0.625,0.12430863042649758,1.0,0.6,0.3333333333333333,0.2857142857142857,0.0,0.0,0.0,0.0,0.0,0.5,0.951219512195122,1
0.8121314496314496,0.2876712328767123,0.5,0.19421751030731388,1.0,0.6,0.6666666666666666,0.8571428571428571,0.6000000000000001,0.0,1.0,0.0,0.0,0.5,0.951219512195122,0
0.4312039312039312,0.3150684931506849,0.125,0.14340505144995325,0.7333333333333333,0.5333333333333333,0.0,0.07142857142857142,0.8,0.0,1.0,0.0,0.0,0.21428571428571425,0.951219512195122,0
0.9791154791154791,0.5753424657534245,0.75,0.04937601773897377,0.4666666666666667,0.7333333333333334,0.0,0.9285714285714285,0.2,0.0,0.0,0.0,0.0,0.39795918367346933,0.951219512195122,0
0.47828624078624077,0.30136986301369856,0.5,0.11426116481308249,0.3333333333333333,0.2,0.3333333333333333,1.0,0.0,0.0,0.0,0.0,0.0,0.39795918367346933,0.951219512195122,0
0.07936117936117935,0.547945205479452,0.5,0.2329245054221668,0.2,0.06666666666666667,0.0,0.21428571428571427,0.8,0.0,0.0,0.0,0.0,0.39795918367346933,0.7804878048780488,0
0.30362407862407864,0.27397260273972607,0.5,0.04720576516647611,0.06666666666666667,0.4,0.3333333333333333,0.5714285714285714,0.0,0.0,0.0,0.0,0.0,0.39795918367346933,0.951219512195122,0
0.15322481572481572,0.4794520547945205,0.5,0.1786765062536812,0.5333333333333333,0.6666666666666666,0.8333333333333333,0.2857142857142857,0.8,1.0,1.0,0.0,0.0,0.6020408163265305,0.951219512195122,0
0.9132985257985258,0.6164383561643836,0.0,0.0913494785711811,0.0,0.33333333333333337,0.3333333333333333,0.0,0.0,0.0,0.0,0.0,0.0,0.39795918367346933,0.951219512195122,0
0.8834152334152334,0.3698630136986301,0.5,0.1721761424661331,0.7333333333333333,0.5333333333333333,0.3333333333333333,0.21428571428571427,0.0,0.0,0.0,0.0,0.0,0.39795918367346933,0.951219512195122,1
0.763544226044226,0.0,0.5,0.15733707514811351,0.0,0.33333333333333337,0.6666666666666666,0.5714285714285714,0.6000000000000001,0.0,0.0,0.0,0.0,0.173469387755102,0.951219512195122,0
0.25875307125307123,0.27397260273972607,0.5,0.024933652080518308,0.7333333333333333,0.5333333333333333,0.3333333333333333,0.2857142857142857,0.0,0.0,0.0,0.0,0.0,0.5510204081632653,0.951219512195122,0
0.7641584766584767,0.4246575342465753,0.5,0.2246855836191664,0.7333333333333333,0.5333333333333333,0.3333333333333333,0.8571428571428571,0.0,0.0,0.0,0.0,0.0,0.39795918367346933,0.951219512195122,0
0.8106265356265356,0.3972602739726027,0.25,0.24038249662197278,1.0,0.6,0.0,0.07142857142857142,0.8,0.0,1.0,0.0,0.0,0.44897959183673464,0.951219512195122,0
0.13961916461916463,0.3150684931506849,0.75,0.1592329279700655,0.6,0.8,0.3333333333333333,0.7142857142857142,0.0,0.0,0.0,0.0,0.0,0.44897959183673464,0.951219512195122,1
0.503470515970516,0.2054794520547945,0.5,0.17924886532931436,0.6,0.8,0.0,0.2857142857142857,0.2,0.0,1.0,0.0,0.0,0.5,0.951219512195122,1
0.6592137592137592,0.1232876712328767,0.5,0.06961784984235872,0.5333333333333333,0.6666666666666666,0.3333333333333333,0.21428571428571427,0.0,0.0,0.0,0.0,0.0,0.6530612244897959,0.951219512195122,1
0.8934889434889435,0.6438356164383561,0.5,0.04385684093822541,0.3333333333333333,0.2,0.3333333333333333,0.07142857142857142,0.0,0.0,0.0,0.025800258002580026,0.0,0.5,0.951219512195122,0
0.34874078624078625,0.7671232876712328,0.0,0.04973010428576378,0.7333333333333333,0.5333333333333333,1.0,0.0,0.2,0.0,1.0,0.0,0.0,0.14285714285714282,0.951219512195122,0
0.514465601965602,0.6438356164383561,0.75,0.11515573571700793,0.4,0.26666666666666666,0.8333333333333333,1.0,0.2,0.0,0.0,0.0,0.0,0.44897959183673464,0.951219512195122,0
0.46698402948402945,0.1232876712328767,0.5,0.015124553927173197,0.5333333333333333,0.6666666666666666,0.6666666666666666,0.5714285714285714,0.2,0.0,0.0,0.0,0.0,0.39795918367346933,0.951219512195122,0
0.20644963144963144,0.2876712328767123,0.75,0.1163669750199217,0.7333333333333333,0.5333333333333333,0.3333333333333333,0.21428571428571427,0.0,0.0,0.0,0.0,0.0,0.6020408163265305,0.951219512195122,0
0.5326167076167077,0.0273972602739726,0.5,0.34975643557495756,0.7333333333333333,0.5333333333333333,0.0,0.21428571428571427,0.2,0.0,1.0,0.0,0.0,0.39795918367346933,0.1951219512195122,0
0.8308660933660933,0.3972602739726027,0.5,0.06254166233586252,0.3333333333333333,0.2,0.6666666666666666,0.5714285714285714,0.6000000000000001,0.0,0.0,0.0,0.0,0.520408163265306,0.951219512195122,0
0.4337530712530712,0.32876712328767127,0.0,0.226862765478294,0.26666666666666666,0.13333333333333336,0.3333333333333333,0.0,0.0,0.0,0.0,0.0,0.0,0.39795918367346933,0.6341463414634146,0
0.13169533169533168,0.6712328767123288,0.0,0.10304542147385927,0.0,0.33333333333333337,0.0,0.0,0.2,0.0,1.0,0.010860108601086011,0.0,0.19387755102040813,0.951219512195122,0
0.84502457002457,0.2328767123287671,0.5,0.23126424834563283,0.6,0.8,0.6666666666666666,0.5714285714285714,0.2,0.0,0.0,0.0,0.0,0.39795918367346933,0.1951219512195122,0
0.236517199017199,0.547945205479452,0.5,0.16138862904064027,0.8,0.8666666666666667,0.3333333333333333,0.2857142857142857,0.0,0.0,0.0,0.0,0.0,0.6020408163265305,0.951219512195122,1
0.6801597051597051,0.1780821917808219,0.5,0.05906246751896892,0.6,0.8,0.3333333333333333,0.8571428571428571,0.0,0.0,0.0,0.0,0.0,0.5,0.951219512195122,1
0.3503992628992629,0.2602739726027397,0.125,0.2710764646779614,0.8,0.8666666666666667,0.3333333333333333,0.7142857142857142,0.0,0.0,0.0,0.0,0.0,0.44897959183673464,0.951219512195122,1
0.26185503685503686,0.1643835616438356,0.5,0.13496795204933654,0.7333333333333333,0.5333333333333333,0.3333333333333333,0.5,0.0,0.0,0.0,0.0,0.0,0.39795918367346933,0.951219512195122,0
0.23098894348894347,0.1506849315068493,0.5,0.09564078578110383,0.7333333333333333,0.5333333333333333,0.3333333333333333,0.5,0.0,1.0,0.0,0.0,0.0,0.44897959183673464,0.951219512195122,0
0.030159705159705157,0.0821917808219178,0.0,0.11947060250147247,0.7333333333333333,0.5333333333333333,0.6666666666666666,0.0,0.8,1.0,1.0,0.0,0.0,0.39795918367346933,0.951219512195122,0
0.18105036855036855,0.1232876712328767,0.5,0.131599625818522,0.6,0.8,0.6666666666666666,0.07142857142857142,0.4,0.0,1.0,0.0,0.0,0.5,0.951219512195122,0
0.6460687960687961,0.1780821917808219,0.5,0.04735474482901985,0.6,0.8,0.6666666666666666,0.2857142857142857,0.2,0.0,0.0,0.0,0.0,0.39795918367346933,0.951219512195122,0
0.8328316953316953,0.3972602739726027,0.5,0.029037175622769633,0.7333333333333333,0.5333333333333333,0.3333333333333333,0.21428571428571427,0.0,0.0,0.0,0.0,0.0,0.6020408163265305,0.951219512195122,0
0.7351044226044225,0.3698630136986301,0.5,0.14956102969199322,0.7333333333333333,0.5333333333333333,0.5,0.07142857142857142,0.8,1.0,1.0,0.0,0.0,0.39795918367346933,0.951219512195122,0
0.3333230958230958,0.1506849315068493,0.5,0.024683504833177425,0.6,0.8,0.6666666666666666,0.07142857142857142,0.2,0.0,1.0,0.0,0.0,0.39795918367346933,0.951219512195122,0
0.26345208845208845,0.32876712328767127,0.5,0.13668849391955099,0.7333333333333333,0.5333333333333333,0.6666666666666666,0.5,0.2,0.0,0.0,0.0,0.0,0.39795918367346933,0.951219512195122,0
0.29035626535626535,0.3835616438356165,0.25,0.09772165055607525,0.8,0.8666666666666667,0.3333333333333333,0.7142857142857142,0.0,1.0,0.0,0.0,0.0,0.09183673469387754,0.951219512195122,1
0.8052825552825552,0.1506849315068493,0.5,0.2631847001351211,0.7333333333333333,0.5333333333333333,0.3333333333333333,0.21428571428571427,0.6000000000000001,0.0,0.0,0.0,0.0,0.39795918367346933,0.951219512195122,0
0.326504914004914,0.0410958904109589,0.5,0.0566621626303572,1.0,0.6,0.6666666666666666,0.5714285714285714,0.6000000000000001,0.0,0.0,0.0,0.0,0.14285714285714282,0.951219512195122,0
0.38504299754299753,0.6164383561643836,0.5,0.01215604753490628,0.7333333333333333,0.5333333333333333,0.3333333333333333,1.0,0.0,0.0,0.0,0.0,0.0,0.39795918367346933,0.951219512195122,0
0.6731879606879607,0.0684931506849315,0.0,0.00812320271628036,1.0,0.6,0.6666666666666666,0.0,0.6000000000000001,0.0,0.0,0.0,0.0,0.7244897959183673,0.951219512195122,0
0.2093058968058968,0.3835616438356165,0.5,0.13398399334788486,0.7333333333333333,0.5333333333333333,0.8333333333333333,0.9285714285714285,0.2,0.0,1.0,0.0,0.0,0.2551020408163265,0.951219512195122,0
0.24527027027027026,0.46575342465753417,0.125,0.12337456258878148,1.0,0.6,0.3333333333333333,0.21428571428571427,0.0,0.0,0.0,0.0,0.0,0.39795918367346933,0.951219512195122,0
0.7265356265356265,0.1095890410958904,0.5,0.11347538370924713,0.7333333333333333,0.5333333333333333,0.6666666666666666,0.5,0.6000000000000001,0.0,1.0,0.021760217602176023,0.0,0.39795918367346933,0.951219512195122,0
0.7370085995085995,0.0821917808219178,0.5,0.1150171499844091,0.6,0.8,0.6666666666666666,0.7142857142857142,0.2,0.0,1.0,0.0,0.0,0.39795918367346933,0.951219512195122,0
0.016216216216216217,0.2876712328767123,0.75,0.12341198073658317,0.7333333333333333,0.5333333333333333,0.3333333333333333,0.21428571428571427,0.0,0.0,0.0,0.0,0.0,0.5,0.951219512195122,0
0.28175675675675677,0.0136986301369863,0.5,0.10498007830093892,1.0,0.6,0.6666666666666666,0.8571428571428571,0.6000000000000001,0.0,1.0,0.0,0.0,0.14285714285714282,0.951219512195122,0
0.1838144963144963,0.5616438356164384,0.5,0.07433253646537089,0.7333333333333333,0.5333333333333333,0.3333333333333333,0.2857142857142857,0.0,0.0,0.0,0.0,0.0,0.5,0.951219512195122,1
0.9917383292383292,0.5753424657534245,0.0,0.07506634791948169,1.0,0.6,0.6666666666666666,0.0,0.2,1.0,1.0,0.0,0.0,0.39795918367346933,0.951219512195122,0
0.5428746928746928,0.6301369863013697,0.5,0.10927346429685064,0.06666666666666667,0.4,1.0,0.8571428571428571,0.2,0.0,1.0,0.021760217602176023,0.0,0.2959183673469387,0.951219512195122,0
0.19226044226044225,0.3424657534246575,0.5,0.22791740290337112,0.7333333333333333,0.5333333333333333,0.0,0.21428571428571427,0.4,0.0,1.0,0.0,0.0,0.39795918367346933,0.951219512195122,0
0.6938267813267813,0.30136986301369856,0.5,0.12399404081349825,0.6,0.8,0.0,0.2857142857142857,0.2,0.0,1.0,0.13550135501355012,0.0,0.5,0.951219512195122,1
0.24057125307125307,0.0821917808219178,0.5,0.1225915531995981,0.7333333333333333,0.5333333333333333,0.6666666666666666,0.8571428571428571,0.2,0.0,0.0,0.0,0.0,0.39795918367346933,0.951219512195122,0
0.07865479115479115,0.3150684931506849,0.5,0.14124034230675953,0.4,0.26666666666666666,0.6666666666666666,0.5,0.8,1.0,1.0,0.0,0.0,0.39795918367346933,0.34146341463414637,0
0.6878378378378378,0.0,0.0,0.10703946228735751,0.13333333333333333,0.4666666666666667,0.6666666666666666,0.0,0.6000000000000001,0.0,1.0,0.0,0.0,0.39795918367346933,0.951219512195122,0
0.975982800982801,0.2602739726027397,0.5,0.08948134289574888,0.6,0.8,0.0,0.42857142857142855,0.2,0.0,0.0,0.0,0.0,0.2959183673469387,0.951219512195122,0
0.8077702702702703,0.3424657534246575,0.5,0.13805356338564945,0.06666666666666667,0.4,0.3333333333333333,0.5,0.0,0.0,0.0,0.0,0.0,0.39795918367346933,0.951219512195122,0
0.42275798525798525,0.7534246575342465,0.5,0.11466860686692305,0.0,0.33333333333333337,0.3333333333333333,0.8571428571428571,0.0,0.0,0.0,0.0,0.0,0.14285714285714282,0.951219512195122,0
0.6072174447174447,0.0821917808219178,0.75,0.1918241347053321,0.7333333333333333,0.5333333333333333,0.0,0.5714285714285714,0.8,0.0,1.0,0.0,0.0,0.5,0.951219512195122,0
0.14735872235872235,0.2602739726027397,0.25,0.11677233828777327,0.7333333333333333,0.5333333333333333,0.6666666666666666,1.0,0.2,1.0,0.0,0.0,0.0,0.39795918367346933,0.951219512195122,0
0.19763513513513514,0.3150684931506849,0.5,0.13365900980494058,0.7333333333333333,0.5333333333333333,1.0,0.5,0.8,1.0,1.0,0.0,0.0,0.36734693877551017,0.951219512195122,0
0.7884520884520885,0.3424657534246575,0.5,0.14446938987631225,0.7333333333333333,0.5333333333333333,0.8333333333333333,0.42857142857142855,0.8,0.0,0.0,0.0,0.0,0.39795918367346933,0.7560975609756098,0
0.9528869778869778,0.1643835616438356,0.5,0.01576204829712781,1.0,0.6,0.3333333333333333,0.42857142857142855,0.0,0.0,0.0,0.0,0.0,0.6020408163265305,0.951219512195122,0
0.6530405405405405,0.5890410958904109,0.5,0.07202646987492638,0.3333333333333333,0.2,0.3333333333333333,0.21428571428571427,0.0,0.0,0.0,0.0,0.0,0.39795918367346933,0.951219512195122,0
0.16501842751842752,0.1643835616438356,0.5,0.09442192426289713,0.7333333333333333,0.5333333333333333,0.3333333333333333,0.21428571428571427,0.0,0.0,0.0,0.0,0.0,0.39795918367346933,0.951219512195122,0
0.011885749385749385,0.3698630136986301,0.5,0.10376121678273222,1.0,0.6,0.3333333333333333,0.07142857142857142,1.0,0.0,1.0,0.0,0.5544077134986226,0.05102040816326531,0.951219512195122,1
0.4879914004914005,0.35616438356164376,0.125,0.09896476457748675,0.6,0.8,0.3333333333333333,0.42857142857142855,0.0,0.0,0.0,0.0,0.0,0.5306122448979591,0.951219512195122,0
0.22976044226044226,0.9041095890410957,0.5,0.1269597754911132,0.7333333333333333,0.5333333333333333,1.0,0.7857142857142857,0.2,0.0,0.0,0.0,0.0,0.5510204081632653,0.951219512195122,0
0.02113022113022113,0.32876712328767127,0.5,0.12669438381318646,0.8,0.8666666666666667,0.6666666666666666,0.2857142857142857,0.2,0.0,0.0,0.0,0.0,0.346938775510204,0.14634146341463417,0
0.8113022113022113,0.0,0.0,0.038473478155423894,0.0,0.33333333333333337,0.6666666666666666,0.0,0.6000000000000001,0.0,0.0,0.0,0.0,0.39795918367346933,0.951219512195122,0
0.20915233415233414,0.5205479452054793,0.5,0.12561618681356757,0.7333333333333333,0.5333333333333333,1.0,0.07142857142857142,0.2,0.0,1.0,0.0,0.0,0.39795918367346933,0.951219512195122,0
0.47936117936117933,0.1506849315068493,0.5,0.12319024356442503,0.6,0.8,0.6666666666666666,0.7142857142857142,0.6000000000000001,0.0,1.0,0.0,0.3590449954086318,0.39795918367346933,0.951219512195122,1
0.4325859950859951,0.30136986301369856,0.5,0.03258704916328864,0.13333333333333333,0.4666666666666667,0.5,1.0,0.2,1.0,0.0,0.0,0.0,0.44897959183673464,0.0,0
0.42979115479115476,0.0273972602739726,0.5,0.16356858261441987,0.7333333333333333,0.5333333333333333,0.6666666666666666,0.21428571428571427,0.6000000000000001,0.0,0.0,0.0,0.0,0.346938775510204,0.951219512195122,0
0.3316031941031941,0.3150684931506849,0.5,0.07804455531303052,0.7333333333333333,0.5333333333333333,0.3333333333333333,0.5,0.0,0.0,0.0,0.0,0.0,0.39795918367346933,0.951219512195122,0
0.011855036855036855,0.1643835616438356,0.5,0.08444513737310744,0.7333333333333333,0.5333333333333333,0.8333333333333333,0.5,0.2,0.0,0.0,0.0,0.0,0.39795918367346933,0.951219512195122,0
0.24766584766584765,0.1917808219178082,0.125,0.22316529813255725,0.6,0.8,0.3333333333333333,0.2857142857142857,0.0,0.0,0.0,0.0,0.0,0.39795918367346933,0.951219512195122,1
0.5437346437346438,0.0958904109589041,0.875,0.26233031909364934,0.8,0.8666666666666667,0.6666666666666666,0.7142857142857142,0.2,1.0,1.0,0.0,0.0,0.39795918367346933,0.951219512195122,0
0.9548218673218672,0.0821917808219178,0.5,0.14162561064338428,0.6,0.8,0.6666666666666666,0.2857142857142857,0.6000000000000001,0.0,0.0,0.0,0.0,0.2959183673469387,0.0,0
0.7682432432432432,0.0684931506849315,0.5,0.3357731351557357,1.0,0.6,0.3333333333333333,0.2857142857142857,1.0,0.0,1.0,0.0,0.0,0.39795918367346933,0.951219512195122,0
0.7610872235872236,0.0410958904109589,0.0,0.12296365589162596,1.0,0.6,0.6666666666666666,0.0,0.6000000000000001,0.0,1.0,0.0,0.0,0.31632653061224486,0.951219512195122,0
0.9710995085995086,0.1232876712328767,0.75,0.1520486435921422,0.7333333333333333,0.5333333333333333,0.3333333333333333,0.21428571428571427,0.0,0.0,0.0,0.0,0.0,0.39795918367346933,0.951219512195122,0
0.08664004914004914,0.0684931506849315,0.5,0.08181478016838166,1.0,0.6,0.6666666666666666,0.5,0.6000000000000001,0.0,0.0,0.0,0.0,0.47959183673469385,0.951219512195122,0
0.8394963144963145,0.5342465753424657,0.125,0.0897980112947372,0.6,0.8,0.3333333333333333,0.07142857142857142,0.0,0.0,0.0,0.0,0.0,0.39795918367346933,0.951219512195122,1
0.5313267813267813,0.32876712328767127,0.875,0.05309773758791532,0.4666666666666667,0.7333333333333334,0.0,0.7142857142857142,0.8,1.0,1.0,0.0,0.0,0.3571428571428571,0.951219512195122,0
0.6021498771498771,0.3972602739726027,0.5,0.016021203617087622,0.3333333333333333,0.2,0.8333333333333333,0.5714285714285714,0.2,0.0,1.0,0.0,0.0,0.31632653061224486,0.951219512195122,0
0.01207002457002457,0.2328767123287671,0.875,0.05946436614350552,0.6,0.8,0.3333333333333333,0.2857142857142857,0.0,0.0,0.0,0.07688076880768807,0.0,0.44897959183673464,0.0,1
0.08961916461916462,0.2191780821917808,0.5,0.0913134462807054,0.6,0.8,0.3333333333333333,0.2857142857142857,0.0,0.0,0.0,0.0,0.0,0.5,0.951219512195122,0
0.7624385749385749,0.0684931506849315,0.5,0.17502615805702804,1.0,0.6,0.6666666666666666,0.9285714285714285,0.4,0.0,1.0,0.0,0.0,0.39795918367346933,0.951219512195122,0
0.6736179361179361,0.6849315068493149,0.5,0.06441949901257665,1.0,0.6,0.0,0.07142857142857142,0.2,0.0,0.0,0.07978079780797807,0.0,0.346938775510204,0.951219512195122,0
0.9154176904176904,0.2876712328767123,0.5,0.061040085923154214,0.9333333333333333,0.9333333333333333,0.3333333333333333,0.7142857142857142,0.0,0.0,0.0,1.0,0.0,0.6020408163265305,0.951219512195122,1
0.5804054054054054,0.2876712328767123,0.5,0.15917472196237398,0.13333333333333333,0.4666666666666667,0.3333333333333333,0.21428571428571427,0.0,0.0,0.0,0.07688076880768807,0.0,0.39795918367346933,0.951219512195122,1
0.20224201474201473,0.32876712328767127,0.5,0.1070768804351592,1.0,0.6,0.3333333333333333,0.8571428571428571,0.0,0.0,0.0,0.0,0.0,0.5510204081632653,0.951219512195122,0
0.16784398034398035,0.4383561643835617,0.625,0.012795620690849876,0.5333333333333333,0.6666666666666666,0.0,0.2857142857142857,0.2,0.0,0.0,0.0,0.0,0.6020408163265305,0.951219512195122,0
0.4066953316953317,0.1095890410958904,0.5,0.09226275854900738,1.0,0.6,0.6666666666666666,0.5,0.2,0.0,1.0,0.0,0.0,0.24489795918367346,0.951219512195122,0
0.672911547911548,0.30136986301369856,0.5,0.17269098846273778,0.13333333333333333,0.4666666666666667,0.0,0.07142857142857142,0.8,0.0,1.0,0.0,0.0,0.39795918367346933,0.951219512195122,0
0.003409090909090909,0.2876712328767123,0.5,0.03675224335654644,0.9333333333333333,0.9333333333333333,0.3333333333333333,0.7142857142857142,0.0,0.0,0.0,0.0,0.0,0.39795918367346933,0.951219512195122,1
0.7928746928746928,0.1917808219178082,0.5,0.07739874579911998,1.0,0.6,0.8333333333333333,0.8571428571428571,0.8,1.0,0.0,0.0,0.0,0.39795918367346933,0.8536585365853658,0
0.4286855036855037,0.0273972602739726,0.5,0.05981360218965458,1.0,0.6,0.6666666666666666,0.5714285714285714,0.6000000000000001,0.0,1.0,0.0,0.0,0.19387755102040813,0.951219512195122,0
0.2585995085995086,0.1232876712328767,0.5,0.15736756400928525,0.6,0.8,0.6666666666666666,0.8571428571428571,0.6000000000000001,0.0,0.0,0.0,0.0,0.173469387755102,0.951219512195122,0
0.17604422604422604,0.0684931506849315,0.5,0.07310674566053424,1.0,0.6,0.6666666666666666,0.7142857142857142,0.6000000000000001,0.0,1.0,0.0,0.0,0.09183673469387754,0.951219512195122,0
0.6972972972972973,0.4794520547945205,0.5,0.06389910958666804,1.0,0.6,0.3333333333333333,0.7142857142857142,0.0,0.0,0.0,0.0,0.0,0.39795918367346933,0.2682926829268293,1
0.20635749385749386,0.136986301369863,0.5,0.13366801787755953,0.0,0.33333333333333337,0.3333333333333333,0.5,0.0,0.0,0.0,0.0,0.0,0.39795918367346933,0.951219512195122,0
0.16842751842751844,0.4383561643835617,0.5,0.14933652080518312,0.3333333333333333,0.2,0.3333333333333333,0.7142857142857142,0.0,0.0,0.0,0.0,0.0,0.31632653061224486,0.951219512195122,0
0.6415233415233416,0.27397260273972607,0.25,0.26718774902123826,0.6,0.8,0.3333333333333333,0.07142857142857142,0.0,0.0,0.0,0.0,0.0,0.39795918367346933,0.951219512195122,1
0.734551597051597,0.27397260273972607,0.5,0.09834390049544399,1.0,0.6,0.3333333333333333,0.21428571428571427,0.0,1.0,0.0,0.0,0.0,0.39795918367346933,0.41463414634146345,0
0.23326167076167076,0.0684931506849315,0.5,0.22286318123549181,1.0,0.6,0.6666666666666666,0.9285714285714285,0.2,0.0,1.0,0.0,0.0,0.42857142857142855,0.951219512195122,0
0.15687960687960686,0.3698630136986301,0.625,0.12156393999237779,1.0,0.6,0.3333333333333333,0.8571428571428571,0.0,0.0,0.0,0.0,0.0,0.5,0.951219512195122,1
0.27628992628992627,0.0821917808219178,0.0,0.09263001074039427,1.0,0.6,0.6666666666666666,0.0,0.2,0.0,0.0,0.0,0.0,0.39795918367346933,0.951219512195122,0
0.9916154791154791,0.5068493150684932,0.25,0.015623462564528982,0.6666666666666666,1.0,0.3333333333333333,0.2857142857142857,0.0,0.0,0.0,0.0,0.0,0.6020408163265305,0.951219512195122,1
0.3478194103194103,0.4520547945205479,0.75,0.2080116412015383,0.7333333333333333,0.5333333333333333,0.3333333333333333,0.2857142857142857,0.0,0.0,0.0,0.0,0.4331955922865014,0.39795918367346933,0.951219512195122,1
0.39173832923832924,0.1506849315068493,0.5,0.27453002113432423,0.13333333333333333,0.4666666666666667,0.6666666666666666,0.8571428571428571,0.2,1.0,0.0,0.0,0.0,0.39795918367346933,0.951219512195122,0
0.2748771498771499,0.136986301369863,0.5,0.1414932612687524,0.6,0.8,0.6666666666666666,0.7142857142857142,0.2,0.0,1.0,0.0,0.0,0.39795918367346933,0.951219512195122,0
0.8743857493857493,0.35616438356164376,0.5,0.10885770709905415,0.6,0.8,0.3333333333333333,0.2857142857142857,0.0,0.0,0.0,0.0,0.0,0.44897959183673464,0.951219512195122,1
0.6957616707616707,0.2054794520547945,0.5,0.024700828049752273,0.7333333333333333,0.5333333333333333,0.3333333333333333,0.42857142857142855,0.0,0.0,0.0,0.0,0.0,0.39795918367346933,0.951219512195122,0
0.5635749385749386,0.3698630136986301,0.25,0.07789003222118282,0.8,0.8666666666666667,0.3333333333333333,0.7142857142857142,0.0,0.0,0.0,0.0,0.0,0.346938775510204,0.951219512195122,1
0.9503378378378378,0.2191780821917808,0.5,0.024754876485465822,1.0,0.6,0.0,0.2857142857142857,0.8,0.0,1.0,0.0,0.0,0.39795918367346933,0.951219512195122,0
0.12764127764127764,0.0410958904109589,0.5,0.029010844333575855,1.0,0.6,0.6666666666666666,0.07142857142857142,0.6000000000000001,0.0,1.0,0.0,0.0,0.2959183673469387,0.0,0
0.1265970515970516,0.3698630136986301,0.5,0.15960503066209336,1.0,0.6,0.3333333333333333,0.5,0.0,0.0,0.0,0.0,0.0,0.39795918367346933,0.951219512195122,0
0.21907248157248158,0.0547945205479452,0.5,0.23172088833454596,0.3333333333333333,0.2,0.6666666666666666,0.3571428571428571,0.8,0.0,0.0,0.0,0.0,0.39795918367346933,0.951219512195122,0
0.2718980343980344,0.6986301369863013,0.0,0.011748605481065722,0.7333333333333333,0.5333333333333333,1.0,0.0,0.2,0.0,1.0,0.0,0.0,0.11224489795918367,0.951219512195122,0
0.9852886977886978,0.4383561643835617,0.25,0.06532169213179503,0.6,0.8,0.0,0.7142857142857142,0.8,0.0,1.0,0.0,0.0,0.39795918367346933,0.951219512195122,1
0.18614864864864863,0.1917808219178082,0.5,0.015443301112150502,0.6,0.8,0.3333333333333333,0.8571428571428571,0.0,0.0,0.0,0.0,0.0,0.5510204081632653,0.951219512195122,0
0.9314496314496314,0.0,0.5,0.08060977722343485,0.0,0.33333333333333337,0.6666666666666666,0.42857142857142855,0.6000000000000001,0.0,0.0,0.0,0.0,0.2551020408163265,0.951219512195122,0
0.31851965601965604,0.27397260273972607,0.5,0.10574992204552541,1.0,0.6,0.3333333333333333,0.21428571428571427,0.0,0.0,0.0,0.0,0.0,0.520408163265306,0.951219512195122,0
0.8888820638820638,0.27397260273972607,0.5,0.1923576897758376,1.0,0.6,0.6666666666666666,0.5714285714285714,0.4,1.0,0.0,0.0,0.0,0.2959183673469387,0.975609756097561,0
0.8978808353808354,0.3835616438356165,0.75,0.17984478397948933,0.6,0.8,0.3333333333333333,0.21428571428571427,0.0,0.0,0.0,0.0,0.0,0.19387755102040813,0.951219512195122,0
0.6036855036855037,0.2191780821917808,0.5,0.11012715240965942,0.8,0.8666666666666667,0.6666666666666666,0.07142857142857142,0.6000000000000001,0.0,0.0,0.0,0.0,0.39795918367346933,0.951219512195122,0
0.4721744471744472,0.1095890410958904,0.75,0.1393479541281225,1.0,0.6,0.6666666666666666,0.21428571428571427,0.6000000000000001,0.0,0.0,0.0,0.0,0.8061224489795917,0.951219512195122,0
0.26084152334152333,0.4383561643835617,0.5,0.0645435332432526,0.7333333333333333,0.5333333333333333,0.0,0.5714285714285714,0.2,1.0,1.0,0.0,0.0,0.39795918367346933,0.951219512195122,0
0.023126535626535626,0.0821917808219178,0.5,0.09203894259086026,0.7333333333333333,0.5333333333333333,0.6666666666666666,1.0,0.8,0.0,0.0,0.0,0.0,0.5,0.951219512195122,0
0.6658476658476659,0.1506849315068493,0.5,0.21306378408342863,0.8,0.8666666666666667,0.3333333333333333,0.8571428571428571,0.0,0.0,0.0,0.0,0.0,0.44897959183673464,0.24390243902439024,1
0.1843980343980344,0.4794520547945205,0.5,0.06030003811107647,0.4666666666666667,0.7333333333333334,0.3333333333333333,0.8571428571428571,0.0,0.0,0.0,0.03103031030310303,0.0,0.47959183673469385,0.951219512195122,1
0.628470515970516,0.9315068493150684,0.75,0.1065322385060458,0.7333333333333333,0.5333333333333333,1.0,0.8571428571428571,0.2,0.0,1.0,0.0,0.0,0.5,0.951219512195122,0
0.2567260442260442,0.2465753424657534,0.5,0.016581089976786888,0.6,0.8,0.3333333333333333,0.2857142857142857,0.0,0.0,0.0,0.04386043860438604,0.0,0.4693877551020408,0.951219512195122,1
0.9410626535626535,0.0547945205479452,0.0,0.15968610331566366,0.4666666666666667,0.7333333333333334,0.6666666666666666,0.0,0.6000000000000001,0.0,1.0,0.0,0.0,0.39795918367346933,0.951219512195122,0
0.66759828009828,0.0547945205479452,0.25,0.06281883380106018,1.0,0.6,0.6666666666666666,0.5714285714285714,0.2,0.0,1.0,0.0,0.459366391184573,0.39795918367346933,0.951219512195122,0
0.827027027027027,0.6849315068493149,0.0,0.0829934518241347,0.7333333333333333,0.5333333333333333,0.3333333333333333,0.0,0.0,1.0,0.0,0.0,0.0,0.19387755102040813,0.951219512195122,0
0.2946867321867322,0.5616438356164384,0.25,0.15737795793923018,0.26666666666666666,0.13333333333333336,0.0,0.5714285714285714,0.4,1.0,1.0,0.0,0.0,0.39795918367346933,0.34146341463414637,0
0.3642506142506142,0.2876712328767123,0.5,0.2389827807227246,0.7333333333333333,0.5333333333333333,0.3333333333333333,0.21428571428571427,0.0,0.0,0.0,0.0,0.0,0.39795918367346933,0.951219512195122,0
0.2498157248157248,0.0136986301369863,0.0,0.11319890517271247,0.06666666666666667,0.4,0.6666666666666666,0.0,0.6000000000000001,0.0,0.0,0.0,0.0,0.39795918367346933,0.951219512195122,0
0.974078624078624,0.3698630136986301,0.5,0.09083116793126148,1.0,0.6,0.6666666666666666,0.5714285714285714,0.2,1.0,0.0,0.0,0.0,0.5510204081632653,0.951219512195122,0
0.1824017199017199,0.2602739726027397,0.5,0.06591483906731802,0.7333333333333333,0.5333333333333333,0.3333333333333333,0.8571428571428571,0.0,0.0,0.0,0.0,0.0,0.39795918367346933,0.951219512195122,0
0.29926289926289923,0.2054794520547945,0.5,0.15539479610574092,0.13333333333333333,0.4666666666666667,0.3333333333333333,0.21428571428571427,0.4,0.0,0.0,0.0,0.0,0.39795918367346933,0.6341463414634146,0
0.8561425061425061,0.35616438356164376,0.75,0.06023975331739598,0.6,0.8,0.3333333333333333,0.8571428571428571,0.0,0.0,0.0,0.0,0.0,0.39795918367346933,0.951219512195122,1
0.7563882063882064,0.5342465753424657,0.75,0.11363683608772476,0.7333333333333333,0.5333333333333333,0.0,0.5714285714285714,0.2,0.0,0.0,0.0,0.0,0.5,0.951219512195122,0
0.2562960687960688,0.1917808219178082,0.5,0.3804517894882722,0.7333333333333333,0.5333333333333333,0.0,1.0,0.2,0.0,0.0,0.0,0.0,0.39795918367346933,0.951219512195122,0
0.6802825552825552,0.35616438356164376,0.25,0.2202743997505457,0.7333333333333333,0.5333333333333333,0.3333333333333333,0.21428571428571427,0.0,0.0,0.0,0.0,0.0,0.39795918367346933,0.951219512195122,0
0.23648648648648649,0.2191780821917808,0.5,0.30533139313307694,0.7333333333333333,0.5333333333333333,0.3333333333333333,0.5,0.0,1.0,0.0,0.0,0.0,0.39795918367346933,0.6341463414634146,0
0.17205159705159706,0.5753424657534245,0.5,0.2329245054221668,0.6,0.8,0.3333333333333333,0.7142857142857142,0.0,0.0,0.0,0.0,0.43663911845730025,0.42857142857142855,0.951219512195122,1
0.43175675675675673,0.1506849315068493,0.5,0.1471392440148287,0.8,0.8666666666666667,0.6666666666666666,0.2857142857142857,0.2,1.0,0.0,0.0,0.0,0.2959183673469387,0.12195121951219512,0
0.3424140049140049,0.3424657534246575,0.5,0.05703842289436302,0.7333333333333333,0.5333333333333333,0.3333333333333333,0.21428571428571427,0.0,0.0,0.0,0.051780517805178054,0.0,0.39795918367346933,0.951219512195122,1
0.5876228501228501,0.7123287671232876,0.0,0.2153144163808336,0.6,0.8,0.3333333333333333,0.0,0.0,0.0,0.0,1.0,0.0,0.39795918367346933,0.951219512195122,1
0.2379914004914005,0.5342465753424657,0.25,0.09934656827079652,0.6,0.8,0.0,0.2857142857142857,0.8,0.0,1.0,0.0,0.0,0.39795918367346933,0.951219512195122,0
0.6940724815724816,0.41095890410958896,0.125,0.10797491598239961,0.7333333333333333,0.5333333333333333,0.3333333333333333,0.07142857142857142,0.0,0.0,0.0,0.0,0.0,0.7040816326530611,0.951219512195122,0
0.18737714987714987,0.1095890410958904,0.25,0.05435678896857568,0.6,0.8,0.3333333333333333,0.7142857142857142,0.0,0.0,0.0,0.0,0.45385674931129477,0.39795918367346933,0.951219512195122,1
0.029207616707616707,0.35616438356164376,0.5,0.14882721823788242,0.8,0.8666666666666667,0.3333333333333333,0.2857142857142857,0.0,0.0,0.0,0.0,0.0,0.42857142857142855,0.951219512195122,1
0.9387592137592138,0.41095890410958896,0.5,0.02339257873401933,0.8,0.8666666666666667,0.3333333333333333,0.2857142857142857,0.0,0.0,0.0,0.0,0.0,0.39795918367346933,0.951219512195122,0
0.05909090909090909,0.136986301369863,0.5,0.18452413124068878,0.6,0.8,0.6666666666666666,0.8571428571428571,0.6000000000000001,0.0,1.0,0.0,0.0,0.39795918367346933,0.951219512195122,0
0.42819410319410317,0.3150684931506849,0.5,0.10473547448290198,1.0,0.6,0.3333333333333333,0.42857142857142855,0.0,0.0,0.0,0.0,0.0,0.39795918367346933,0.951219512195122,0
0.005067567567567568,0.2602739726027397,0.5,0.13503239441499498,1.0,0.6,0.0,0.5714285714285714,0.8,0.0,1.0,0.0,0.0,0.39795918367346933,0.6341463414634146,0
0.8071560196560197,0.4246575342465753,0.625,0.04797006548175865,0.6,0.8,0.3333333333333333,0.2857142857142857,0.0,0.0,0.0,0.0,0.0,0.5,0.951219512195122,1
0.7819410319410319,0.2328767123287671,0.5,0.010538752035477947,0.7333333333333333,0.5333333333333333,0.0,0.21428571428571427,0.2,1.0,0.0,0.0,0.0,0.47959183673469385,0.951219512195122,1
0.24818796068796067,0.1780821917808219,0.5,0.11058517825589856,0.9333333333333333,0.9333333333333333,0.6666666666666666,0.7142857142857142,0.2,0.0,1.0,0.0,0.0,0.44897959183673464,0.951219512195122,0
0.04462530712530712,0.4383561643835617,0.625,0.0787215466167758,0.8,0.8666666666666667,0.3333333333333333,0.2857142857142857,0.0,0.0,0.0,0.0,0.0,0.5,0.951219512195122,1
0.24265970515970514,0.0136986301369863,0.5,0.018665419395073275,0.06666666666666667,0.4,0.6666666666666666,0.5714285714285714,0.6000000000000001,0.0,0.0,0.0,0.0,0.39795918367346933,0.951219512195122,0
0.5863943488943488,0.32876712328767127,0.25,0.10992551016872813,1.0,0.6,0.6666666666666666,0.7142857142857142,0.4,0.0,0.0,0.0,0.0,0.061224489795918366,0.951219512195122,0
0.46695331695331693,0.1506849315068493,0.5,0.411479056231161,0.6666666666666666,1.0,0.6666666666666666,0.7142857142857142,0.2,0.0,1.0,0.0,0.0,0.6020408163265305,0.2682926829268293,1
0.7742321867321867,0.32876712328767127,0.5,0.2860160066521152,0.7333333333333333,0.5333333333333333,0.3333333333333333,1.0,0.0,0.0,0.0,0.0,0.0,0.5,0.951219512195122,1
0.5542997542997543,0.0958904109589041,0.5,0.057698090981533445,0.7333333333333333,0.5333333333333333,0.6666666666666666,0.9285714285714285,0.6000000000000001,0.0,0.0,0.0,0.0,0.39795918367346933,0.951219512195122,0
0.5362100737100737,0.0958904109589041,0.5,0.04954301354675536,0.6,0.8,0.6666666666666666,0.9285714285714285,0.6000000000000001,0.0,1.0,0.0,0.0,0.39795918367346933,0.951219512195122,0
0.6767813267813267,0.3424657534246575,0.5,0.12342306759519107,1.0,0.6,0.8333333333333333,0.2857142857142857,0.2,0.0,0.0,0.0,0.0,0.6020408163265305,0.04878048780487805,0
0.6404484029484029,0.5342465753424657,0.75,0.05673076256799363,0.9333333333333333,0.9333333333333333,0.3333333333333333,0.7142857142857142,0.0,0.0,0.0,0.0,0.45385674931129477,0.5,0.951219512195122,1
0.548034398034398,0.3972602739726027,0.5,0.1204261511277414,1.0,0.6,0.6666666666666666,0.5,0.2,0.0,1.0,0.0,0.0,0.44897959183673464,0.951219512195122,0
0.6472665847665847,0.2191780821917808,0.5,0.11390915705228147,0.7333333333333333,0.5333333333333333,0.6666666666666666,0.5,0.2,1.0,1.0,0.0,0.0,0.39795918367346933,0.951219512195122,0
0.10952088452088451,0.0958904109589041,0.5,0.18421162041367842,0.6,0.8,0.6666666666666666,0.7142857142857142,0.2,0.0,0.0,0.0,0.0,0.39795918367346933,0.951219512195122,0
0.7021805896805897,0.41095890410958896,0.875,0.10740117104944046,0.6,0.8,0.3333333333333333,0.5714285714285714,0.0,0.0,0.0,0.0,0.0,0.39795918367346933,0.951219512195122,0
0.03372235872235872,0.1643835616438356,0.625,0.1721539687489173,0.7333333333333333,0.5333333333333333,0.3333333333333333,0.8571428571428571,1.0,0.0,1.0,0.0,0.45385674931129477,0.24489795918367346,0.951219512195122,1
0.09321253071253072,0.6027397260273972,0.5,0.13625333471919068,0.8,0.8666666666666667,0.3333333333333333,0.8571428571428571,0.0,0.0,0.0,0.0,0.0,0.6020408163265305,0.951219512195122,1
0.10156633906633906,0.5616438356164384,0.5,0.06851955791151301,0.7333333333333333,0.5333333333333333,0.0,0.07142857142857142,0.2,0.0,1.0,0.0,0.0,0.39795918367346933,0.951219512195122,0
0.4896498771498771,0.1232876712328767,0.5,0.1294792641097599,0.7333333333333333,0.5333333333333333,0.3333333333333333,0.42857142857142855,0.0,0.0,0.0,0.0,0.0,0.5,0.951219512195122,0
0.1622235872235872,0.5068493150684932,0.5,0.10601323493746319,1.0,0.6,0.3333333333333333,0.2857142857142857,0.0,0.0,0.0,0.0,0.0,0.39795918367346933,0.951219512195122,1
0.13209459459459458,0.1095890410958904,0.5,0.13307902851401449,0.7333333333333333,0.5333333333333333,0.6666666666666666,0.3571428571428571,0.8,0.0,0.0,0.0,0.0,0.2959183673469387,0.0,0
0.9365479115479115,0.136986301369863,0.5,0.09563177770848491,0.7333333333333333,0.5333333333333333,0.6666666666666666,0.5714285714285714,0.6000000000000001,0.0,1.0,0.0,0.0,0.31632653061224486,0.951219512195122,0
0.4638820638820639,0.3835616438356165,0.625,0.07472958458926653,0.7333333333333333,0.5333333333333333,0.3333333333333333,0.21428571428571427,0.0,0.0,0.0,0.0,0.0,0.5,0.951219512195122,1
0.23544226044226044,0.3835616438356165,0.75,0.054574368568755846,0.8,0.8666666666666667,0.0,0.7142857142857142,0.2,0.0,1.0,0.0,0.0,0.14285714285714282,0.951219512195122,0
0.5705159705159705,0.0821917808219178,0.5,0.10687870283754287,1.0,0.6,0.6666666666666666,0.2857142857142857,0.6000000000000001,1.0,1.0,0.0,0.0,0.39795918367346933,0.951219512195122,0
0.696068796068796,0.0273972602739726,0.5,0.2211467969372553,0.7333333333333333,0.5333333333333333,0.6666666666666666,0.7857142857142857,0.2,0.0,0.0,0.0,0.0,0.31632653061224486,0.951219512195122,0
0.5223280098280099,0.1095890410958904,0.5,0.12724179745695183,1.0,0.6,0.6666666666666666,0.8571428571428571,0.6000000000000001,1.0,1.0,0.034180341803418036,0.0,0.2959183673469387,0.951219512195122,0
0.056357493857493855,0.0821917808219178,0.5,0.036037140976336486,0.7333333333333333,0.5333333333333333,0.6666666666666666,0.07142857142857142,0.2,0.0,1.0,0.0,0.0,0.39795918367346933,0.951219512195122,0
0.7491400491400492,0.2054794520547945,0.5,0.12330180507916709,0.7333333333333333,0.5333333333333333,0.6666666666666666,0.5714285714285714,0.2,0.0,0.0,0.0,0.0,0.6020408163265305,0.951219512195122,0
0.07622850122850122,0.0136986301369863,0.5,0.1514672764438901,0.06666666666666667,0.4,0.6666666666666666,0.07142857142857142,0.2,0.0,0.0,0.0,0.0,0.39795918367346933,0.951219512195122,0
0.40214987714987716,0.2328767123287671,0.5,0.500230745244777,1.0,0.6,0.6666666666666666,0.2857142857142857,0.2,0.0,1.0,0.0,0.0,0.5,0.951219512195122,0
0.5250614250614251,0.1095890410958904,0.0,0.0,1.0,0.6,0.6666666666666666,0.0,0.2,1.0,1.0,0.0,0.0,0.19387755102040813,0.951219512195122,0
0.4939189189189189,0.1506849315068493,0.0,0.1323320514153068,0.6,0.8,0.6666666666666666,0.0,0.2,0.0,0.0,0.0,0.0,0.07142857142857142,0.951219512195122,0
0.8490479115479115,0.5753424657534245,0.5,0.10935730866507293,0.6,0.8,0.3333333333333333,0.2857142857142857,0.0,0.0,0.0,0.0,0.45385674931129477,0.5,0.951219512195122,1
0.0519963144963145,0.4931506849315069,0.875,0.18660915358763816,0.7333333333333333,0.5333333333333333,0.3333333333333333,0.2857142857142857,1.0,0.0,1.0,0.15024150241502415,0.0,0.39795918367346933,0.951219512195122,1
0.7855036855036854,0.1780821917808219,0.5,0.07543013546755362,0.6,0.8,0.6666666666666666,0.8571428571428571,0.2,0.0,0.0,0.0,0.0,0.39795918367346933,0.951219512195122,1
0.03912776412776413,0.0410958904109589,0.5,0.15264664102830613,1.0,0.6,0.6666666666666666,0.5714285714285714,0.8,0.0,1.0,0.0,0.0,0.39795918367346933,0.951219512195122,0
0.5753378378378379,0.3835616438356165,0.25,0.030874129508367112,0.7333333333333333,0.5333333333333333,0.3333333333333333,0.21428571428571427,0.0,0.0,0.0,0.0,0.0,0.39795918367346933,0.951219512195122,1
0.7793304668304668,0.0684931506849315,0.5,0.20393444894848076,0.7333333333333333,0.5333333333333333,0.6666666666666666,0.21428571428571427,0.6000000000000001,0.0,0.0,0.0,0.0,0.39795918367346933,0.951219512195122,0
0.9534090909090909,0.7534246575342465,0.0,0.07257180473270276,0.7333333333333333,0.5333333333333333,0.3333333333333333,0.0,0.0,0.0,0.0,0.0,0.0,0.07142857142857142,0.951219512195122,0
0.9699017199017199,0.5205479452054793,0.75,0.20542632435990715,0.9333333333333333,0.9333333333333333,1.0,0.7142857142857142,0.2,0.0,0.0,0.0,0.0,0.5510204081632653,0.951219512195122,1
0.14474815724815723,0.2054794520547945,0.125,0.07869660118490801,0.7333333333333333,0.5333333333333333,0.0,0.21428571428571427,0.8,0.0,0.0,0.0,0.0,0.39795918367346933,0.951219512195122,0
0.9280405405405405,0.5205479452054793,0.5,0.09988220212729099,0.6,0.8,0.3333333333333333,0.7142857142857142,0.0,0.0,0.0,0.0,0.0,0.39795918367346933,0.951219512195122,1
0.8568796068796068,0.3424657534246575,0.875,0.00830059245400686,1.0,0.6,0.0,1.0,0.8,0.0,0.0,0.0,0.0,0.37755102040816324,0.951219512195122,0
0.15967444717444718,0.3424657534246575,0.5,0.030626061047015207,0.4666666666666667,0.7333333333333334,0.0,0.07142857142857142,0.8,0.0,1.0,0.0,0.0,0.39795918367346933,0.951219512195122,0
0.7941339066339066,0.35616438356164376,0.5,0.2640536326785158,1.0,0.6,0.3333333333333333,0.07142857142857142,1.0,1.0,1.0,0.0,0.0,0.37755102040816324,0.951219512195122,1
0.19173832923832923,0.41095890410958896,0.5,0.29413782351106954,0.5333333333333333,0.6666666666666666,0.6666666666666666,0.7142857142857142,0.2,0.0,1.0,0.0,0.0,0.39795918367346933,0.951219512195122,0
0.30856879606879606,0.2054794520547945,0.5,0.22692582198662647,1.0,0.6,0.3333333333333333,0.2857142857142857,0.0,0.0,0.0,0.0,0.0,0.39795918367346933,0.951219512195122,1
0.7874692874692875,0.3150684931506849,0.125,0.04268301978311333,1.0,0.6,0.3333333333333333,0.9285714285714285,0.0,0.0,0.0,0.0,0.0,0.39795918367346933,0.951219512195122,1
0.9849815724815725,0.27397260273972607,0.5,0.11645151231680698,0.6,0.8,0.6666666666666666,0.8571428571428571,0.2,0.0,0.0,0.0,0.0,0.44897959183673464,0.951219512195122,0
0.9207309582309582,0.32876712328767127,0.5,0.022922773100509303,0.7333333333333333,0.5333333333333333,0.3333333333333333,0.21428571428571427,0.0,0.0,0.0,0.0,0.0,0.7244897959183673,0.951219512195122,1
0.4572174447174447,0.5616438356164384,0.0,0.10132072203166684,0.06666666666666667,0.4,0.3333333333333333,0.0,0.0,0.0,0.0,0.0,0.0,0.1530612244897959,0.951219512195122,0
0.16996314496314496,0.30136986301369856,0.5,0.22714617330145861,1.0,0.6,0.8333333333333333,0.5714285714285714,0.8,0.0,1.0,0.0,0.0,0.7551020408163265,0.951219512195122,0
0.993519656019656,0.2602739726027397,0.5,0.16527873055468942,0.06666666666666667,0.4,0.6666666666666666,0.21428571428571427,0.2,1.0,1.0,0.0,0.0,0.39795918367346933,0.951219512195122,0
0.46756756756756757,0.2328767123287671,0.5,0.1598579496240862,0.7333333333333333,0.5333333333333333,0.6666666666666666,0.07142857142857142,0.2,0.0,0.0,0.0,0.0,0.47959183673469385,0.951219512195122,0
0.6071560196560196,0.4383561643835617,0.5,0.15837300349928976,0.3333333333333333,0.2,0.0,0.5714285714285714,0.8,0.0,1.0,0.0,0.0,0.346938775510204,0.951219512195122,0
0.3119164619164619,0.1506849315068493,0.5,0.24266777535252748,0.7333333333333333,0.5333333333333333,0.6666666666666666,0.42857142857142855,0.6000000000000001,0.0,0.0,0.0,0.0,0.39795918367346933,0.951219512195122,0
0.8944103194103193,0.2602739726027397,0.5,0.01766483040570973,1.0,0.6,0.3333333333333333,0.2857142857142857,0.0,0.0,0.0,0.0,0.0,0.39795918367346933,0.951219512195122,0
0.2290847665847666,0.3150684931506849,0.5,0.025172019540588293,0.7333333333333333,0.5333333333333333,0.6666666666666666,0.07142857142857142,0.8,1.0,1.0,0.0,0.0,0.346938775510204,0.951219512195122,0
0.9426597051597051,0.726027397260274,0.0,0.08401829331670305,0.7333333333333333,0.5333333333333333,0.3333333333333333,0.0,0.0,0.0,0.0,0.0,0.0,0.2755102040816326,0.951219512195122,0
0.6846130221130221,0.2465753424657534,0.5,0.12243148667844646,0.7333333333333333,0.5333333333333333,1.0,0.2857142857142857,0.8,0.0,1.0,0.0,0.0,0.2959183673469387,0.951219512195122,0
0.9993243243243243,0.2876712328767123,0.5,0.087929182690642,0.6,0.8,0.0,0.7142857142857142,0.8,1.0,1.0,0.15020150201502014,0.0,0.44897959183673464,0.951219512195122,1
0.22607493857493857,0.32876712328767127,0.5,0.04852856598413193,0.13333333333333333,0.4666666666666667,0.3333333333333333,0.5714285714285714,1.0,0.0,1.0,0.0,0.0,0.09183673469387754,0.951219512195122,0
0.41977886977886975,0.6438356164383561,0.875,0.14658559401309637,0.4,0.26666666666666666,0.6666666666666666,0.07142857142857142,0.2,0.0,1.0,0.0,0.0,0.37755102040816324,0.951219512195122,0
0.051627764127764125,0.1232876712328767,0.5,0.1569365623809029,0.7333333333333333,0.5333333333333333,0.3333333333333333,0.5,0.0,0.0,0.0,0.0,0.0,0.6020408163265305,0.951219512195122,0
0.43983415233415235,0.2602739726027397,0.5,0.02176904687662405,1.0,0.6,1.0,0.8571428571428571,0.2,0.0,1.0,0.0,0.0,0.19387755102040813,0.951219512195122,0
0.8182739557739558,0.3150684931506849,0.25,0.13206319509406508,0.8,0.8666666666666667,0.3333333333333333,0.7142857142857142,1.0,0.0,1.0,0.0,0.0,0.39795918367346933,0.951219512195122,1
0.9578316953316953,0.0821917808219178,0.5,0.033292450542216676,0.7333333333333333,0.5333333333333333,0.6666666666666666,0.5,0.6000000000000001,0.0,0.0,0.0,0.0,0.39795918367346933,0.951219512195122,0
0.4176904176904177,0.547945205479452,0.75,0.1674316599106122,0.2,0.06666666666666667,0.3333333333333333,0.8571428571428571,0.0,0.0,0.0,0.0,0.0,0.346938775510204,0.6341463414634146,0
0.7545454545454545,0.5342465753424657,0.5,0.015480719259952187,1.0,0.6,0.0,0.2857142857142857,0.2,0.0,1.0,0.0,0.45454545454545453,0.39795918367346933,0.951219512195122,0
0.3596437346437346,0.41095890410958896,0.75,0.050202681633925786,0.8,0.8666666666666667,0.3333333333333333,0.7142857142857142,1.0,0.0,1.0,0.0,0.0,0.19387755102040813,0.951219512195122,1
0.24324324324324323,0.4383561643835617,0.5,0.013153171880954854,0.3333333333333333,0.2,0.3333333333333333,0.21428571428571427,0.0,0.0,0.0,0.0,0.0,0.39795918367346933,0.951219512195122,0
0.42321867321867324,0.0958904109589041,0.5,0.12851886498285003,0.6,0.8,0.6666666666666666,0.7142857142857142,0.6000000000000001,1.0,1.0,0.0,0.0,0.39795918367346933,0.7317073170731707,0
0.4376228501228501,0.27397260273972607,0.5,0.11106676367667949,0.7333333333333333,0.5333333333333333,0.0,0.5,0.2,0.0,0.0,0.0,0.0,0.39795918367346933,0.951219512195122,0
0.4269963144963145,0.30136986301369856,0.5,0.04468142604718844,1.0,0.6,0.0,0.07142857142857142,0.2,0.0,1.0,0.0,0.0,0.6020408163265305,0.951219512195122,0
0.4051289926289926,0.35616438356164376,0.75,0.10944461767661019,0.6,0.8,0.6666666666666666,0.8571428571428571,0.2,0.0,1.0,0.0,0.0,0.6020408163265305,0.951219512195122,0
0.6608108108108108,0.8356164383561642,0.0,0.1938357066140041,0.3333333333333333,0.2,0.3333333333333333,0.0,0.0,0.0,0.0,0.0,0.0,0.19387755102040813,0.951219512195122,0
0.3401719901719902,0.41095890410958896,0.5,0.10886117174236912,0.06666666666666667,0.4,0.0,0.5714285714285714,0.8,0.0,1.0,0.0,0.0,0.14285714285714282,0.951219512195122,0
0.020823095823095824,0.1917808219178082,0.5,0.07842012264837335,0.7333333333333333,0.5333333333333333,0.6666666666666666,0.21428571428571427,0.2,0.0,0.0,0.0,0.0,0.44897959183673464,0.951219512195122,0
0.9014742014742014,0.4520547945205479,0.625,0.16557876866576587,0.8,0.8666666666666667,0.3333333333333333,0.8571428571428571,0.0,0.0,0.0,0.0,0.0,0.39795918367346933,0.951219512195122,1
0.15214987714987716,0.2602739726027397,0.5,0.10923396736305997,0.7333333333333333,0.5333333333333333,0.0,0.8571428571428571,0.2,0.0,1.0,0.0,0.0,0.39795918367346933,0.951219512195122,0
0.9832616707616707,0.3972602739726027,0.5,0.02286872466479576,0.6,0.8,0.6666666666666666,0.5714285714285714,0.2,0.0,0.0,0.0,0.0,0.39795918367346933,0.951219512195122,0
0.45955159705159704,0.2876712328767123,0.5,0.044029380175310946,0.9333333333333333,0.9333333333333333,0.3333333333333333,0.7142857142857142,1.0,0.0,1.0,0.0,0.0,0.39795918367346933,0.951219512195122,0
0.005835380835380835,0.2876712328767123,0.5,0.09904514430239407,1.0,0.6,0.0,0.5,0.2,1.0,1.0,0.0,0.0,0.2755102040816326,0.951219512195122,0
0.30506756756756753,0.1095890410958904,0.5,0.12184041852891243,0.7333333333333333,0.5333333333333333,0.6666666666666666,0.42857142857142855,0.2,0.0,1.0,0.0,0.0,0.39795918367346933,0.951219512195122,0
0.010411547911547912,0.3835616438356165,0.5,0.1724747947198836,0.7333333333333333,0.5333333333333333,0.3333333333333333,0.5714285714285714,0.0,1.0,0.0,0.0,0.0,0.39795918367346933,0.951219512195122,0
0.13129606879606878,0.3698630136986301,0.5,0.0383785469285937,1.0,0.6,0.3333333333333333,0.42857142857142855,0.0,0.0,0.0,0.0,0.0,0.39795918367346933,0.951219512195122,0
0.32463144963144963,0.0547945205479452,0.0,0.12212867685271801,1.0,0.6,0.6666666666666666,0.0,0.6000000000000001,0.0,0.0,0.0,0.0,0.39795918367346933,0.951219512195122,0
0.43476658476658475,0.0547945205479452,0.5,0.022525724976613655,1.0,0.6,0.6666666666666666,0.07142857142857142,0.2,0.0,0.0,0.0,0.0,0.6530612244897959,0.951219512195122,0
0.9602579852579852,0.3835616438356165,0.625,0.11712018847659632,0.9333333333333333,0.9333333333333333,0.3333333333333333,0.7142857142857142,0.0,0.0,0.0,0.15024150241502415,0.0,0.42857142857142855,0.951219512195122,1
0.8930282555282555,0.2191780821917808,0.5,0.4833267505110349,0.6,0.8,0.3333333333333333,0.7142857142857142,0.0,0.0,0.0,0.0,0.0,0.6020408163265305,0.951219512195122,1
0.3799447174447174,0.1780821917808219,0.5,0.07742438415965076,0.7333333333333333,0.5333333333333333,0.5,0.07142857142857142,0.2,0.0,0.0,0.0,0.0,0.39795918367346933,0.951219512195122,0
0.5198710073710073,0.0136986301369863,0.5,0.0552423517998822,0.7333333333333333,0.5333333333333333,0.6666666666666666,0.42857142857142855,0.4,0.0,1.0,0.0,0.0,0.2755102040816326,0.951219512195122,0
0.6982493857493858,0.35616438356164376,0.25,0.1412084675882618,0.8,0.8666666666666667,0.3333333333333333,0.2857142857142857,1.0,1.0,1.0,0.0,0.0,0.5,0.951219512195122,1
0.36514127764127763,0.0684931506849315,0.5,0.1555513979835776,0.6,0.8,0.6666666666666666,0.7142857142857142,0.2,0.0,0.0,0.0,0.0,0.19387755102040813,0.21951219512195122,0
0.6823402948402948,0.4931506849315069,0.75,0.10227003429996881,0.7333333333333333,0.5333333333333333,0.3333333333333333,0.21428571428571427,0.0,1.0,0.0,0.03103031030310303,0.0,0.7244897959183673,0.951219512195122,0
0.6671068796068796,0.2876712328767123,0.5,0.1395773135155736,0.5333333333333333,0.6666666666666666,0.0,0.5714285714285714,0.2,0.0,1.0,0.0,0.0,0.2959183673469387,0.951219512195122,0
0.9343980343980344,0.2328767123287671,0.5,0.11641132245435332,1.0,0.6,0.3333333333333333,0.3571428571428571,0.0,0.0,0.0,0.0,0.0,0.39795918367346933,0.951219512195122,1
0.9282248157248157,0.3698630136986301,0.5,0.09579600180161452,1.0,0.6,0.8333333333333333,0.21428571428571427,0.2,0.0,0.0,0.0,0.43067033976124885,0.5510204081632653,0.951219512195122,0
0.9328931203931203,0.32876712328767127,0.25,0.11930915012299483,0.8,0.8666666666666667,0.3333333333333333,0.7142857142857142,0.0,0.0,0.0,0.0,0.0,0.37755102040816324,0.951219512195122,1
0.34207616707616706,0.1506849315068493,0.625,0.1437272632782455,0.6,0.8,0.3333333333333333,0.2857142857142857,0.0,0.0,0.0,0.05013050130501305,0.0,0.5510204081632653,0.951219512195122,0
0.19136977886977888,0.6712328767123288,0.0,0.013219000103939298,1.0,0.6,0.3333333333333333,0.0,0.0,0.0,0.0,0.0,0.0,0.19387755102040813,0.951219512195122,0
0.24235257985257985,0.0958904109589041,0.5,0.01908464123618473,1.0,0.6,0.3333333333333333,0.5,1.0,1.0,1.0,0.0,0.0,0.39795918367346933,0.8048780487804879,0
0.25356265356265356,0.4520547945205479,0.5,0.18911062606104703,1.0,0.6,0.3333333333333333,0.21428571428571427,0.0,0.0,0.0,0.0,0.4331955922865014,0.346938775510204,0.951219512195122,1
0.29038697788697787,0.0821917808219178,0.5,0.18190208917991893,0.7333333333333333,0.5333333333333333,0.6666666666666666,0.42857142857142855,0.6000000000000001,0.0,0.0,0.0,0.0,0.24489795918367346,0.951219512195122,0
0.2718366093366093,0.6712328767123288,0.5,0.1985580154523092,1.0,0.6,0.3333333333333333,0.7857142857142857,0.0,0.0,0.0,0.0,0.0,0.39795918367346933,0.04878048780487805,0
0.49192260442260444,0.32876712328767127,0.5,0.13532411738211553,0.4666666666666667,0.7333333333333334,0.3333333333333333,0.2857142857142857,0.0,1.0,0.0,0.0,0.0,0.5,0.4634146341463415,1
0.9241400491400491,0.3835616438356165,0.5,0.3254699788656758,0.8,0.8666666666666667,0.3333333333333333,0.9285714285714285,0.0,0.0,0.0,0.0,0.0,0.173469387755102,0.951219512195122,1
0.7762899262899263,0.2328767123287671,0.75,0.07510445899594637,0.3333333333333333,0.2,0.6666666666666666,0.42857142857142855,0.8,1.0,0.0,0.0,0.0,0.09183673469387754,0.951219512195122,0
0.7497542997542997,0.5890410958904109,0.5,0.0754197415376087,0.0,0.33333333333333337,1.0,0.8571428571428571,0.2,0.0,1.0,0.0,0.0,0.39795918367346933,0.951219512195122,0
0.5232800982800982,0.1780821917808219,0.5,0.08927207843952464,0.5333333333333333,0.6666666666666666,0.6666666666666666,0.07142857142857142,0.2,0.0,1.0,0.0,0.0,0.39795918367346933,0.951219512195122,0
0.8147113022113022,0.3698630136986301,0.5,0.2712794927762187,0.5333333333333333,0.6666666666666666,0.0,0.8571428571428571,0.2,0.0,0.0,0.0,0.0,0.44897959183673464,0.951219512195122,0
0.23074324324324325,0.3972602739726027,0.25,0.09539133146242594,0.6,0.8,0.3333333333333333,0.7142857142857142,0.0,0.0,0.0,0.0,0.0,0.44897959183673464,0.951219512195122,1
0.07079238329238328,0.1780821917808219,0.5,0.12341059487925717,0.6,0.8,0.3333333333333333,0.5714285714285714,1.0,0.0,1.0,0.0,0.0,0.39795918367346933,0.951219512195122,1
0.8371928746928746,0.6712328767123288,0.5,0.08442989294252157,0.6,0.8,1.0,0.5714285714285714,0.2,0.0,0.0,0.0,0.0,0.11224489795918367,0.951219512195122,0
0.4084459459459459,0.3698630136986301,0.5,0.14035477947545302,0.7333333333333333,0.5333333333333333,0.3333333333333333,0.5,0.0,0.0,0.0,0.0,0.0,0.44897959183673464,0.951219512195122,1
0.014895577395577396,0.1095890410958904,0.5,0.12298790839483074,1.0,0.6,0.5,0.07142857142857142,0.6000000000000001,1.0,1.0,0.0,0.0,0.19387755102040813,0.951219512195122,0
0.06203931203931204,0.0958904109589041,0.25,0.01465336243633718,0.4666666666666667,0.7333333333333334,0.3333333333333333,0.5714285714285714,1.0,0.0,1.0,0.0,0.0,0.39795918367346933,0.951219512195122,0
0.2847358722358722,0.0547945205479452,0.5,0.04178914180785088,0.7333333333333333,0.5333333333333333,0.6666666666666666,0.5714285714285714,0.6000000000000001,0.0,0.0,0.0,0.0,0.39795918367346933,0.951219512195122,0
0.7323710073710074,0.3424657534246575,0.5,0.06034577140283408,0.7333333333333333,0.5333333333333333,0.0,0.5,0.2,0.0,1.0,0.0,0.0,0.39795918367346933,0.951219512195122,0
0.9594594594594594,0.136986301369863,0.75,0.07472611994595156,1.0,0.6,0.3333333333333333,0.2857142857142857,0.0,0.0,0.0,0.0,0.0,0.39795918367346933,0.951219512195122,0
0.7542997542997543,0.8767123287671232,0.5,0.05947476007345044,0.6,0.8,1.0,0.8571428571428571,0.2,0.0,0.0,0.0,0.0,0.5,0.951219512195122,1
0.5992936117936117,0.4520547945205479,0.5,0.11212763745972351,0.7333333333333333,0.5333333333333333,0.0,0.21428571428571427,0.6000000000000001,0.0,0.0,0.0,0.0,0.39795918367346933,0.8048780487804879,0
0.7083230958230958,0.2602739726027397,0.5,0.1858122856251949,0.4666666666666667,0.7333333333333334,0.6666666666666666,0.9285714285714285,0.8,0.0,1.0,0.0,0.0,0.44897959183673464,0.951219512195122,0
0.7874385749385749,0.2876712328767123,0.5,0.11424245573918165,0.7333333333333333,0.5333333333333333,0.3333333333333333,0.5714285714285714,0.0,0.0,0.0,0.0,0.0,0.39795918367346933,0.951219512195122,0
0.4506142506142506,0.32876712328767127,0.0,0.14249107854346396,0.4,0.26666666666666666,0.3333333333333333,0.0,1.0,1.0,1.0,0.0,0.0,0.39795918367346933,0.41463414634146345,0
0.6281633906633907,0.27397260273972607,0.5,0.08012542008800194,1.0,0.6,0.6666666666666666,1.0,0.8,0.0,1.0,0.0,0.0,0.19387755102040813,0.8048780487804879,0
0.4237407862407862,0.1780821917808219,0.5,0.029549249904722304,0.7333333333333333,0.5333333333333333,0.3333333333333333,0.8571428571428571,0.0,0.0,0.0,0.0,0.0,0.5510204081632653,0.951219512195122,0
0.027518427518427518,0.41095890410958896,0.5,0.22846550947579947,1.0,0.6,0.0,0.8571428571428571,0.6000000000000001,0.0,0.0,0.0,0.0,0.5510204081632653,0.951219512195122,0
0.6714066339066339,0.3835616438356165,0.0,0.172309184769428,0.8,0.8666666666666667,0.3333333333333333,0.0,0.0,0.0,0.0,0.0,0.0,0.39795918367346933,0.951219512195122,0
0.9642813267813267,0.2191780821917808,0.75,0.2419790042615113,0.7333333333333333,0.5333333333333333,0.3333333333333333,0.21428571428571427,0.0,0.0,0.0,0.0,0.0,0.39795918367346933,0.951219512195122,0
0.3206081081081081,0.0136986301369863,0.5,0.09941239649378096,0.7333333333333333,0.5333333333333333,0.6666666666666666,0.5,0.2,0.0,1.0,0.0,0.0,0.2959183673469387,0.951219512195122,0
0.20565110565110564,0.0684931506849315,0.5,0.15424245573918166,1.0,0.6,0.6666666666666666,0.07142857142857142,0.6000000000000001,0.0,1.0,0.0,0.0,0.24489795918367346,0.951219512195122,0
0.026904176904176902,0.0821917808219178,0.5,0.09753594567439282,0.7333333333333333,0.5333333333333333,0.6666666666666666,0.42857142857142855,0.8,1.0,1.0,0.0,0.0,0.061224489795918366,0.951219512195122,0
0.25927518427518426,0.41095890410958896,0.5,0.10808093406783771,0.8,0.8666666666666667,0.8333333333333333,0.2857142857142857,0.2,0.0,0.0,1.0,0.0,0.5,0.951219512195122,1
0.7533169533169533,0.2876712328767123,0.75,0.23018743720333992,0.7333333333333333,0.5333333333333333,0.3333333333333333,0.21428571428571427,0.0,0.0,0.0,0.04064040640406404,0.0,0.39795918367346933,0.951219512195122,0
0.5201474201474201,0.35616438356164376,0.5,0.1946374250770883,0.6,0.8,0.3333333333333333,0.8571428571428571,0.0,0.0,0.0,0.0,0.0,0.39795918367346933,0.951219512195122,1
0.2152027027027027,0.0684931506849315,0.5,0.14947094896580398,1.0,0.6,0.5,0.07142857142857142,0.6000000000000001,1.0,1.0,0.0,0.0,0.38775510204081626,0.951219512195122,0
0.22208230958230957,0.1780821917808219,0.5,0.07554516162561065,1.0,0.6,0.0,0.8571428571428571,0.6000000000000001,0.0,0.0,0.0,0.0,0.39795918367346933,0.951219512195122,0
0.1078009828009828,0.5205479452054793,0.5,0.18289436302532655,0.7333333333333333,0.5333333333333333,1.0,0.8571428571428571,0.2,0.0,1.0,0.0,0.0,0.37755102040816324,0.951219512195122,0
0.1908169533169533,0.2602739726027397,0.75,0.1876707202993452,0.7333333333333333,0.5333333333333333,0.3333333333333333,0.3571428571428571,0.0,0.0,0.0,0.0,0.43663911845730025,0.6020408163265305,0.951219512195122,1
0.5071253071253071,0.0821917808219178,0.5,0.04884592731178325,0.7333333333333333,0.5333333333333333,0.3333333333333333,0.2857142857142857,0.0,0.0,0.0,0.0,0.0,0.2959183673469387,0.951219512195122,0
0.5207309582309582,0.0547945205479452,0.5,0.12330111215050411,0.7333333333333333,0.5333333333333333,0.6666666666666666,0.07142857142857142,0.8,0.0,0.0,0.0,0.0,0.39795918367346933,0.951219512195122,0
0.10651105651105651,0.2876712328767123,0.25,0.07226899490697432,0.6,0.8,0.3333333333333333,0.7142857142857142,1.0,0.0,1.0,0.0,0.0,0.19387755102040813,0.951219512195122,1
0.005651105651105651,0.27397260273972607,0.125,0.011619720749748813,1.0,0.6,0.3333333333333333,0.07142857142857142,0.0,0.0,0.0,0.0,0.0,0.4183673469387755,0.951219512195122,1
0.0811117936117936,0.3424657534246575,0.25,0.09040709558950906,0.6,0.8,0.0,0.7142857142857142,0.2,0.0,1.0,0.0,0.0,0.5,0.951219512195122,0
0.654054054054054,0.136986301369863,0.5,0.12277102172331357,0.8,0.8666666666666667,0.6666666666666666,0.7142857142857142,0.2,0.0,1.0,0.0,0.34527089072543615,0.44897959183673464,0.951219512195122,0
0.8487100737100737,0.0958904109589041,0.875,0.17000034646433151,0.6,0.8,0.6666666666666666,0.7142857142857142,0.2,0.0,1.0,0.0,0.0,0.19387755102040813,0.951219512195122,0
0.3985872235872236,0.1643835616438356,0.5,0.018846966704777743,0.6,0.8,0.3333333333333333,0.5714285714285714,0.0,0.0,0.0,0.07298072980729807,0.0,0.4183673469387755,0.951219512195122,1
0.03771498771498771,0.4520547945205479,0.5,0.24006859993763643,0.7333333333333333,0.5333333333333333,0.0,0.07142857142857142,0.8,0.0,1.0,0.0,0.0,0.39795918367346933,0.21951219512195122,0
0.31719901719901716,0.726027397260274,0.0,0.11112289089838201,0.8,0.8666666666666667,0.3333333333333333,0.0,0.0,0.0,0.0,0.0,0.0,0.07142857142857142,0.951219512195122,0
0.7754606879606879,0.2602739726027397,0.5,0.12019471295430136,1.0,0.6,0.3333333333333333,0.2857142857142857,1.0,0.0,1.0,0.0,0.0,0.346938775510204,0.951219512195122,1
0.29447174447174446,0.4931506849315069,0.25,0.15344835949139038,0.8,0.8666666666666667,0.0,0.7142857142857142,0.2,1.0,1.0,0.0,0.0,0.39795918367346933,0.951219512195122,1
0.8372850122850123,0.6712328767123288,0.75,0.17341717770155562,1.0,0.6,0.3333333333333333,0.3571428571428571,0.0,0.0,0.0,0.0,0.0,0.061224489795918366,0.951219512195122,0
0.1762899262899263,0.1917808219178082,0.5,0.18122371201884768,1.0,0.6,0.3333333333333333,0.5714285714285714,0.0,0.0,0.0,0.0,0.0,0.5510204081632653,0.6341463414634146,0
0.5410626535626536,0.3698630136986301,0.5,0.23165228839690954,0.7333333333333333,0.5333333333333333,0.0,0.5714285714285714,0.8,0.0,1.0,0.0,0.0,0.39795918367346933,0.951219512195122,0
0.52997542997543,0.1232876712328767,0.5,0.19923431382739148,0.7333333333333333,0.5333333333333333,0.6666666666666666,0.8571428571428571,0.2,0.0,1.0,0.0,0.0,0.5,0.951219512195122,0
0.1512899262899263,0.1643835616438356,0.5,0.07406368014412916,1.0,0.6,0.8333333333333333,0.9285714285714285,0.8,0.0,1.0,0.0,0.0,0.39795918367346933,0.951219512195122,0
0.6550061425061425,0.136986301369863,0.5,0.06190139625125593,0.7333333333333333,0.5333333333333333,0.3333333333333333,0.2857142857142857,0.0,0.0,0.0,0.0,0.0,0.5,0.951219512195122,0
0.22303439803439803,0.1917808219178082,0.5,0.12383743893566158,0.7333333333333333,0.5333333333333333,0.6666666666666666,0.8571428571428571,0.2,0.0,1.0,0.0,0.0,0.39795918367346933,0.951219512195122,0
0.3430589680589681,0.3698630136986301,0.5,0.19973183660742128,0.06666666666666667,0.4,0.3333333333333333,0.07142857142857142,0.0,0.0,0.0,0.0,0.0,0.39795918367346933,0.951219512195122,1
0.0037469287469287468,0.1780821917808219,0.5,0.04494196722447424,0.6,0.8,0.6666666666666666,0.2857142857142857,0.6000000000000001,1.0,0.0,0.0,0.0,0.39795918367346933,0.2682926829268293,0
0.4957923832923833,0.3150684931506849,0.125,0.06936423795170286,0.8,0.8666666666666667,0.6666666666666666,0.7142857142857142,0.2,0.0,0.0,0.0,0.0,0.39795918367346933,0.951219512195122,0
0.6496007371007371,0.6301369863013697,0.625,0.06813221078889928,0.0,0.33333333333333337,0.3333333333333333,0.3571428571428571,0.0,0.0,0.0,0.0,0.0,0.5,0.951219512195122,0
0.9105343980343981,0.3424657534246575,0.5,0.16557807573710287,1.0,0.6,0.3333333333333333,0.2857142857142857,0.0,0.0,0.0,0.0,0.0,0.39795918367346933,0.8048780487804879,0
0.32432432432432434,0.0547945205479452,0.5,0.06767626372864913,0.7333333333333333,0.5333333333333333,0.3333333333333333,0.21428571428571427,0.0,0.0,0.0,0.0,0.0,0.39795918367346933,0.951219512195122,0
0.0539004914004914,0.1095890410958904,0.5,0.1088161313792745,0.6,0.8,0.3333333333333333,0.2857142857142857,0.6000000000000001,0.0,1.0,0.0,0.0,0.39795918367346933,0.951219512195122,0
0.5600737100737101,0.2054794520547945,0.0,0.09068842462668468,0.0,0.33333333333333337,0.3333333333333333,0.0,1.0,0.0,1.0,0.0,0.0,0.39795918367346933,0.951219512195122,0
0.4169226044226044,0.1232876712328767,0.5,0.16401967917402904,1.0,0.6,0.6666666666666666,0.21428571428571427,0.6000000000000001,0.0,0.0,0.0,0.0,0.39795918367346933,0.951219512195122,0
0.3170761670761671,0.2465753424657534,0.875,0.3265391677926758,1.0,0.6,0.0,0.9285714285714285,0.8,0.0,1.0,0.0,0.0,0.39795918367346933,0.951219512195122,0
0.3941339066339066,0.2602739726027397,0.5,0.15801406645185878,1.0,0.6,1.0,0.07142857142857142,0.8,1.0,1.0,0.0,0.0,0.39795918367346933,0.951219512195122,0
0.6238329238329238,0.0547945205479452,0.5,0.14777119495547936,1.0,0.6,0.6666666666666666,0.07142857142857142,0.2,0.0,1.0,0.0,0.0,0.39795918367346933,0.951219512195122,0
0.8227579852579853,0.30136986301369856,0.5,0.10286040952083983,0.7333333333333333,0.5333333333333333,0.0,0.5,0.8,0.0,0.0,0.02977029770297703,0.0,0.39795918367346933,0.951219512195122,0
0.787561425061425,0.2054794520547945,0.875,0.06390465301597201,0.7333333333333333,0.5333333333333333,0.0,0.5714285714285714,0.2,0.0,1.0,0.0,0.0,0.24489795918367346,0.951219512195122,0
0.8731572481572482,0.2876712328767123,0.875,0.2091030038457541,0.7333333333333333,0.5333333333333333,0.0,0.07142857142857142,0.2,0.0,1.0,0.0,0.0,0.37755102040816324,0.951219512195122,0
0.8577702702702702,0.1506849315068493,0.5,0.09433807989467484,0.7333333333333333,0.5333333333333333,0.3333333333333333,0.5,0.0,0.0,0.0,0.0,0.0,0.39795918367346933,0.951219512195122,0
0.03393734643734644,0.2328767123287671,0.25,0.10789869382947025,0.7333333333333333,0.5333333333333333,0.0,0.07142857142857142,0.8,0.0,1.0,0.0,0.0,0.32653061224489793,0.951219512195122,0
0.8496314496314497,0.0821917808219178,0.5,0.11468107958285695,0.6,0.8,0.6666666666666666,0.8571428571428571,0.6000000000000001,0.0,1.0,0.0,0.0,0.2959183673469387,0.21951219512195122,0
0.5162776412776413,0.1917808219178082,0.0,0.050439663236669784,0.6,0.8,0.3333333333333333,0.0,1.0,0.0,1.0,0.0,0.43663911845730025,0.19387755102040813,0.951219512195122,1
0.8460995085995086,0.0410958904109589,0.0,0.1522620656203444,1.0,0.6,0.6666666666666666,0.0,0.6000000000000001,0.0,1.0,0.0,0.0,0.39795918367346933,0.951219512195122,0
0.5291154791154791,0.32876712328767127,0.25,0.014401136403007312,0.8,0.8666666666666667,0.0,0.7142857142857142,0.2,0.0,0.0,0.0,0.45316804407713496,0.39795918367346933,0.951219512195122,0
0.6967444717444717,0.2191780821917808,0.5,0.1482742611648131,0.3333333333333333,0.2,0.6666666666666666,0.8571428571428571,0.2,0.0,0.0,0.0,0.0,0.42857142857142855,0.6341463414634146,0
0.031203931203931203,0.2191780821917808,0.5,0.010177736202057997,0.5333333333333333,0.6666666666666666,0.3333333333333333,0.9285714285714285,1.0,0.0,1.0,0.0,0.0,0.39795918367346933,0.951219512195122,1
0.9297297297297297,0.0821917808219178,0.5,0.16906974326993038,0.3333333333333333,0.2,0.3333333333333333,0.42857142857142855,0.4,1.0,1.0,0.0,0.0,0.2959183673469387,0.1951219512195122,0
0.19284398034398034,0.726027397260274,0.75,0.11092748501541766,0.9333333333333333,0.9333333333333333,0.3333333333333333,0.7142857142857142,0.0,0.0,0.0,0.0,0.0,0.24489795918367346,0.951219512195122,0
0.17435503685503684,0.2054794520547945,0.5,0.16440771922530575,1.0,0.6,0.6666666666666666,0.7142857142857142,0.2,0.0,0.0,0.0,0.0,0.43877551020408156,0.951219512195122,0
0.13882063882063883,0.2465753424657534,0.5,0.20048435713543292,0.7333333333333333,0.5333333333333333,0.3333333333333333,0.5714285714285714,0.0,0.0,0.0,0.0,0.0,0.6020408163265305,0.951219512195122,0
0.22825552825552825,0.3972602739726027,0.5,0.07050341267366525,1.0,0.6,0.3333333333333333,0.9285714285714285,0.0,0.0,0.0,0.0,0.4331955922865014,0.44897959183673464,0.951219512195122,1
0.466492628992629,0.0273972602739726,0.5,0.09312545473443509,1.0,0.6,0.6666666666666666,0.2857142857142857,0.6000000000000001,1.0,0.0,0.0,0.0,0.2959183673469387,0.951219512195122,0
0.5802211302211302,0.2054794520547945,0.5,0.15184007206458097,0.7333333333333333,0.5333333333333333,0.3333333333333333,0.5,0.0,0.0,0.0,0.0,0.0,0.39795918367346933,0.951219512195122,1
0.1485872235872236,0.1917808219178082,0.0,0.23089214565360497,0.0,0.33333333333333337,0.3333333333333333,0.0,0.0,0.0,0.0,0.0,0.0,0.39795918367346933,0.951219512195122,0
0.5535933660933661,0.136986301369863,0.5,0.021098984859508715,1.0,0.6,0.6666666666666666,0.5714285714285714,0.2,0.0,0.0,0.0,0.0,0.24489795918367346,0.951219512195122,0
0.3426597051597052,0.27397260273972607,0.5,0.07282403076603264,0.7333333333333333,0.5333333333333333,0.3333333333333333,0.9285714285714285,0.0,0.0,0.0,0.0,0.0,0.8061224489795917,0.951219512195122,1
0.39545454545454545,0.2876712328767123,0.625,0.07832796313619513,1.0,0.6,0.3333333333333333,0.2857142857142857,0.0,0.0,0.0,0.0,0.0,0.8061224489795917,0.951219512195122,1
0.8474201474201474,0.1780821917808219,0.5,0.06649482035824411,0.6,0.8,0.3333333333333333,0.7142857142857142,0.0,0.0,0.0,0.0,0.0,0.39795918367346933,0.951219512195122,1
0.7438882063882064,0.32876712328767127,0.5,0.1131947476007345,1.0,0.6,0.6666666666666666,0.21428571428571427,0.2,0.0,1.0,0.0,0.0,0.39795918367346933,0.951219512195122,0
0.33184889434889436,0.1095890410958904,0.0,0.015259675016457057,1.0,0.6,0.6666666666666666,0.0,0.2,0.0,0.0,0.0,0.0,0.39795918367346933,0.951219512195122,0
0.4187346437346437,0.3835616438356165,0.5,0.24016976752243357,0.13333333333333333,0.4666666666666667,0.3333333333333333,0.07142857142857142,0.0,0.0,0.0,0.024070240702407025,0.0,0.5,0.951219512195122,0
0.12331081081081081,0.1506849315068493,0.5,0.23855455080899424,1.0,0.6,0.3333333333333333,0.2857142857142857,0.0,0.0,0.0,0.0,0.0,0.47959183673469385,0.951219512195122,0
0.9805896805896805,0.3835616438356165,0.5,0.022315074663063435,0.7333333333333333,0.5333333333333333,0.3333333333333333,1.0,0.0,0.0,0.0,0.0,0.0,0.44897959183673464,0.951219512195122,0
0.8501842751842752,0.0958904109589041,0.5,0.7436718289852059,0.7333333333333333,0.5333333333333333,0.6666666666666666,0.5714285714285714,0.2,0.0,1.0,0.0,0.0,0.2959183673469387,0.951219512195122,0
0.39044840294840294,0.6301369863013697,0.5,0.1561410802757856,0.7333333333333333,0.5333333333333333,0.3333333333333333,0.21428571428571427,0.0,0.0,0.0,0.0,0.0,0.2959183673469387,0.951219512195122,0
0.35866093366093366,0.2465753424657534,0.75,0.18450750095277693,0.7333333333333333,0.5333333333333333,0.3333333333333333,0.3571428571428571,0.0,0.0,0.0,0.0,0.0,0.2959183673469387,0.951219512195122,0
0.2578624078624079,0.3835616438356165,0.5,0.22557599695111388,0.7333333333333333,0.5333333333333333,0.3333333333333333,0.21428571428571427,0.0,0.0,0.0,0.0,0.0,0.44897959183673464,0.951219512195122,0
0.8431203931203931,0.136986301369863,0.0,0.12272736721754494,1.0,0.6,0.0,0.0,0.2,0.0,1.0,0.0,0.0,0.39795918367346933,0.951219512195122,0
0.08255528255528255,0.3424657534246575,0.5,0.09845754079617502,0.6,0.8,0.3333333333333333,1.0,0.0,0.0,0.0,0.0,0.0,0.5816326530612245,0.951219512195122,0
0.6133599508599509,0.136986301369863,0.5,0.09136125835845199,0.6,0.8,0.3333333333333333,0.2857142857142857,0.4,0.0,0.0,0.0,0.0,0.5,0.951219512195122,0
0.317997542997543,0.136986301369863,0.5,0.02173509337213734,0.6,0.8,0.6666666666666666,0.07142857142857142,0.2,0.0,1.0,0.0,0.0,0.39795918367346933,0.951219512195122,0
0.47619778869778867,0.30136986301369856,0.5,0.14781554238991096,0.7333333333333333,0.5333333333333333,0.3333333333333333,0.3571428571428571,0.0,0.0,0.0,0.0,0.0,0.2346938775510204,0.951219512195122,0
0.5849201474201474,0.8767123287671232,0.875,0.08309531233759485,0.2,0.06666666666666667,1.0,0.5714285714285714,0.2,0.0,1.0,0.0,0.0,0.19387755102040813,0.951219512195122,0
0.7058968058968059,0.5342465753424657,0.5,0.12553650001732322,0.6,0.8,0.3333333333333333,0.7142857142857142,0.0,0.0,0.0,0.0,0.43663911845730025,0.6530612244897959,0.951219512195122,1
0.2855958230958231,0.4246575342465753,0.75,0.12137962096802134,0.6,0.8,0.3333333333333333,0.7142857142857142,0.0,0.0,0.0,0.0,0.0,0.39795918367346933,0.951219512195122,0
0.5740786240786241,0.0410958904109589,0.5,0.07272909953920244,0.7333333333333333,0.5333333333333333,0.6666666666666666,0.5,0.8,0.0,1.0,0.0,0.0,0.44897959183673464,0.951219512195122,0
0.3434889434889435,0.32876712328767127,0.875,0.04374042892284239,0.6,0.8,0.3333333333333333,0.7142857142857142,1.0,0.0,1.0,0.0,0.0,0.39795918367346933,0.951219512195122,1
0.2446253071253071,0.2465753424657534,0.5,0.09444340505144995,0.7333333333333333,0.5333333333333333,0.3333333333333333,0.21428571428571427,0.0,0.0,0.0,0.0,0.39944903581267216,0.39795918367346933,0.951219512195122,0
0.10829238329238329,0.1643835616438356,0.5,0.24628139833004192,1.0,0.6,0.6666666666666666,0.07142857142857142,0.6000000000000001,1.0,0.0,0.0,0.0,0.39795918367346933,0.951219512195122,0
0.736517199017199,0.5890410958904109,0.875,0.2090295534074767,0.7333333333333333,0.5333333333333333,0.3333333333333333,0.5714285714285714,0.0,0.0,0.0,0.0,0.0,0.39795918367346933,0.951219512195122,0
0.7410012285012285,0.0410958904109589,0.5,0.09061913176038526,1.0,0.6,0.6666666666666666,0.3571428571428571,0.6000000000000001,0.0,0.0,0.0,0.0,0.39795918367346933,0.951219512195122,0
0.8368857493857493,0.1506849315068493,0.5,0.027492637632955688,1.0,0.6,0.6666666666666666,0.9285714285714285,0.6000000000000001,1.0,0.0,0.0,0.0,0.2346938775510204,0.951219512195122,0
0.8304054054054054,0.0684931506849315,0.0,0.22054949242975436,0.7333333333333333,0.5333333333333333,0.6666666666666666,0.0,0.2,0.0,1.0,0.0,0.0,0.44897959183673464,0.951219512195122,0
0.9436425061425061,0.1232876712328767,0.5,0.10256383605307834,0.7333333333333333,0.5333333333333333,0.5,0.7857142857142857,0.2,0.0,0.0,0.0,0.0,0.39795918367346933,0.951219512195122,0
0.07426289926289927,0.2465753424657534,0.5,0.0859633440737276,0.7333333333333333,0.5333333333333333,0.6666666666666666,0.8571428571428571,0.2,0.0,0.0,0.0,0.0,0.39795918367346933,0.951219512195122,0
0.6517813267813267,0.5890410958904109,0.5,0.14800817655822335,1.0,0.6,1.0,0.8571428571428571,0.8,0.0,1.0,0.0,0.0,0.26530612244897955,0.951219512195122,0
0.24545454545454545,0.3150684931506849,0.5,0.09131552506669438,0.5333333333333333,0.6666666666666666,0.3333333333333333,0.21428571428571427,0.0,0.0,0.0,0.0,0.0,0.39795918367346933,0.951219512195122,0
0.8225429975429975,0.5068493150684932,0.5,0.15139244014828673,0.4666666666666667,0.7333333333333334,0.3333333333333333,0.21428571428571427,0.0,0.0,0.0,0.0,0.0,0.39795918367346933,0.12195121951219512,0
0.1351044226044226,0.1095890410958904,0.5,0.12880019402002565,0.7333333333333333,0.5333333333333333,0.6666666666666666,0.2857142857142857,0.6000000000000001,0.0,1.0,0.0,0.0,0.39795918367346933,0.951219512195122,0
0.4084152334152334,0.27397260273972607,0.5,0.1590409867304161,1.0,0.6,0.3333333333333333,0.5714285714285714,0.0,1.0,0.0,0.0,0.0,0.2959183673469387,0.951219512195122,0
0.4826474201474201,0.2876712328767123,0.5,0.47540311124969686,0.7333333333333333,0.5333333333333333,0.3333333333333333,0.21428571428571427,0.0,0.0,0.0,0.0,0.0,0.39795918367346933,0.951219512195122,0
0.6053439803439803,0.5890410958904109,0.75,0.022610262273498945,0.8,0.8666666666666667,0.0,0.7142857142857142,0.8,0.0,1.0,0.0,0.0,0.09183673469387754,0.951219512195122,0
0.8914004914004914,0.1643835616438356,0.5,0.14549007379690262,0.7333333333333333,0.5333333333333333,0.6666666666666666,0.07142857142857142,0.4,0.0,1.0,0.0,0.0,0.39795918367346933,0.951219512195122,0
0.7626842751842752,0.1095890410958904,0.5,0.18794304126390188,1.0,0.6,0.6666666666666666,0.7857142857142857,0.2,0.0,0.0,0.0,0.0,0.6020408163265305,0.951219512195122,0
0.6168304668304668,0.0547945205479452,0.5,0.10014343623323979,0.7333333333333333,0.5333333333333333,0.6666666666666666,0.5714285714285714,0.6000000000000001,1.0,0.0,0.0,0.0,0.09183673469387754,0.951219512195122,0
0.8261363636363637,0.2876712328767123,0.625,0.20784187367910475,1.0,0.6,0.3333333333333333,0.8571428571428571,0.0,0.0,0.0,0.0,0.0,0.5,0.951219512195122,1
0.5984950859950859,0.1643835616438356,0.5,0.257395281155805,0.7333333333333333,0.5333333333333333,0.3333333333333333,0.5,0.0,0.0,0.0,0.0,0.4331955922865014,0.2959183673469387,0.951219512195122,1
0.6246314496314496,0.4931506849315069,0.25,0.12229290094584762,0.7333333333333333,0.5333333333333333,1.0,0.5714285714285714,0.2,0.0,1.0,0.0,0.0,0.2959183673469387,0.951219512195122,0
0.4736179361179361,0.2191780821917808,0.5,0.12094307591033503,0.5333333333333333,0.6666666666666666,0.3333333333333333,0.8571428571428571,0.0,0.0,0.0,0.0,0.0,0.39795918367346933,0.951219512195122,0
0.047358722358722356,0.30136986301369856,0.25,0.13220039496933791,0.7333333333333333,0.5333333333333333,0.8333333333333333,0.7857142857142857,0.2,0.0,0.0,0.0,0.0,0.39795918367346933,0.951219512195122,0
0.18587223587223586,0.2191780821917808,0.125,0.22665904445137375,0.4666666666666667,0.7333333333333334,0.0,0.5714285714285714,0.8,0.0,0.0,0.0,0.0,0.39795918367346933,0.951219512195122,0
0.32235872235872237,0.4383561643835617,0.5,0.10614489138343207,0.7333333333333333,0.5333333333333333,0.3333333333333333,0.2857142857142857,0.0,0.0,0.0,0.07688076880768807,0.0,0.5510204081632653,0.951219512195122,1
0.5540233415233415,0.3150684931506849,0.5,0.2529446003533936,0.7333333333333333,0.5333333333333333,0.3333333333333333,0.21428571428571427,0.0,1.0,0.0,0.0,0.0,0.39795918367346933,0.951219512195122,1
0.22070024570024568,0.0273972602739726,0.5,0.12232269687835638,0.7333333333333333,0.5333333333333333,0.6666666666666666,0.5714285714285714,0.6000000000000001,0.0,1.0,0.3409534095340953,0.0,0.19387755102040813,0.951219512195122,0
0.7486486486486487,0.0684931506849315,0.5,0.15360149672591208,0.6,0.8,0.6666666666666666,0.7142857142857142,0.2,1.0,1.0,0.14344143441434415,0.0,0.39795918367346933,0.951219512195122,1
0.666554054054054,0.2328767123287671,0.5,0.19649378096524964,0.06666666666666667,0.4,0.0,0.5714285714285714,0.2,0.0,1.0,0.0,0.0,0.7040816326530611,0.951219512195122,0
0.5431818181818182,0.0958904109589041,0.5,0.15014031805425632,0.4666666666666667,0.7333333333333334,0.6666666666666666,0.07142857142857142,0.6000000000000001,0.0,1.0,0.0,0.0,0.39795918367346933,0.951219512195122,0
0.16234643734643733,0.1095890410958904,0.5,0.20835048331774245,0.4,0.26666666666666666,0.8333333333333333,0.42857142857142855,0.4,0.0,0.0,0.0,0.0,0.39795918367346933,0.1951219512195122,0
0.06136363636363636,0.27397260273972607,0.5,0.25446904341198073,0.6,0.8,0.3333333333333333,0.8571428571428571,0.0,0.0,0.0,0.0,0.0,0.5510204081632653,0.951219512195122,1
0.11888820638820638,0.1780821917808219,0.25,0.2430426497592073,0.7333333333333333,0.5333333333333333,0.3333333333333333,0.7857142857142857,0.0,1.0,0.0,0.0,0.0,0.39795918367346933,0.951219512195122,0
0.9507678132678132,0.3835616438356165,0.5,0.11597824203998199,0.6,0.8,0.3333333333333333,0.21428571428571427,0.0,0.0,0.0,0.03103031030310303,0.0,0.39795918367346933,0.951219512195122,1
0.6724815724815725,0.2328767123287671,0.5,0.06375498042476527,0.6,0.8,0.6666666666666666,0.07142857142857142,0.6000000000000001,0.0,1.0,0.0,0.0,0.39795918367346933,0.951219512195122,0
0.001074938574938575,0.4246575342465753,0.5,0.1594574368568756,0.06666666666666667,0.4,0.6666666666666666,0.5,0.8,0.0,0.0,0.0,0.0,0.39795918367346933,0.8048780487804879,0
0.4842751842751843,0.4246575342465753,0.5,0.07086997193638915,0.6,0.8,0.5,0.7142857142857142,0.4,1.0,1.0,0.0,0.0,0.3571428571428571,0.7317073170731707,1
0.19186117936117936,0.0136986301369863,0.5,0.2693871045975817,0.0,0.33333333333333337,0.6666666666666666,0.8571428571428571,0.6000000000000001,0.0,1.0,0.0,0.0,0.346938775510204,0.951219512195122,0
0.09047911547911548,0.1917808219178082,0.5,0.304971763156983,0.8666666666666667,0.0,0.6666666666666666,0.5714285714285714,0.4,0.0,1.0,0.0,0.0,0.346938775510204,0.6341463414634146,0
0.9008906633906634,0.1095890410958904,0.5,0.020261927034611785,0.6,0.8,0.6666666666666666,0.21428571428571427,0.6000000000000001,0.0,0.0,0.0,0.0,0.2959183673469387,0.04878048780487805,0
0.8660626535626536,0.1095890410958904,0.5,0.1520486435921422,1.0,0.6,0.3333333333333333,0.5,0.0,0.0,0.0,0.0,0.0,0.39795918367346933,0.951219512195122,0
0.07589066339066339,0.0958904109589041,0.5,0.20724872674358175,0.6,0.8,0.6666666666666666,0.7142857142857142,0.2,0.0,1.0,0.0,0.0,0.39795918367346933,0.951219512195122,0
0.5932432432432432,0.0547945205479452,0.5,0.2690988462737761,1.0,0.6,0.6666666666666666,0.5714285714285714,0.2,0.0,1.0,0.0,0.0,0.19387755102040813,0.0,0
0.8578624078624079,0.30136986301369856,0.5,0.01376225617572671,1.0,0.6,0.6666666666666666,0.21428571428571427,0.2,0.0,0.0,0.0,0.0,0.39795918367346933,0.951219512195122,0
0.2527027027027027,0.4246575342465753,0.875,0.07608426012542009,0.7333333333333333,0.5333333333333333,0.3333333333333333,0.7857142857142857,0.0,0.0,0.0,0.0,0.0,0.39795918367346933,0.951219512195122,0
0.5352886977886978,0.3972602739726027,0.5,0.1772074974881336,0.6,0.8,0.3333333333333333,0.8571428571428571,0.0,0.0,0.0,0.0,0.0,0.39795918367346933,0.951219512195122,1
0.3612407862407862,0.4520547945205479,0.5,0.08901084433357585,0.06666666666666667,0.4,0.6666666666666666,0.5,0.4,0.0,1.0,0.0,0.0,0.39795918367346933,0.951219512195122,0
0.9597358722358722,0.2328767123287671,0.5,0.2320486435921422,1.0,0.6,0.3333333333333333,0.07142857142857142,0.0,0.0,0.0,0.0,0.0,0.39795918367346933,0.951219512195122,0
0.7980036855036855,0.0,0.5,0.19033018050791672,0.06666666666666667,0.4,0.6666666666666666,0.7142857142857142,0.6000000000000001,0.0,0.0,0.0,0.0,0.39795918367346933,0.951219512195122,0
0.06532555282555283,0.2465753424657534,0.5,0.007855039323701624,0.7333333333333333,0.5333333333333333,0.6666666666666666,0.21428571428571427,0.2,0.0,0.0,0.0,0.0,0.7040816326530611,0.951219512195122,0
0.7639127764127764,0.0273972602739726,0.5,0.1570758410421647,0.7333333333333333,0.5333333333333333,0.6666666666666666,0.42857142857142855,0.6000000000000001,0.0,0.0,0.0,0.0,0.09183673469387754,0.951219512195122,0
0.3572481572481572,0.547945205479452,0.5,0.10311610019748467,0.7333333333333333,0.5333333333333333,0.0,0.8571428571428571,0.2,0.0,1.0,0.0,0.0,0.2551020408163265,0.951219512195122,0
0.31468058968058965,0.5205479452054793,0.5,0.054137823511069535,0.6,0.8,0.5,0.21428571428571427,0.8,0.0,1.0,0.0,0.0,0.5510204081632653,0.5121951219512195,0
0.2821867321867322,0.1506849315068493,0.5,0.11736409936597027,0.7333333333333333,0.5333333333333333,0.3333333333333333,0.5,0.0,0.0,0.0,0.0,0.0,0.39795918367346933,0.951219512195122,0
0.8111179361179361,0.2876712328767123,0.0,0.06596265114506461,0.4,0.26666666666666666,0.6666666666666666,0.0,0.6000000000000001,0.0,1.0,0.0,0.0,0.11224489795918367,0.951219512195122,0
0.3112714987714988,0.1232876712328767,0.5,0.11246717250459065,0.8,0.8666666666666667,0.6666666666666666,0.2857142857142857,0.6000000000000001,0.0,1.0,0.0,0.0,0.39795918367346933,0.951219512195122,0
0.5296068796068796,0.5068493150684932,0.25,0.09718670962824377,1.0,0.6,0.0,0.21428571428571427,0.8,0.0,0.0,0.0,0.0,0.4183673469387755,0.951219512195122,0
0.15297911547911547,0.32876712328767127,0.5,0.16614558431209508,0.6,0.8,0.6666666666666666,0.07142857142857142,0.2,0.0,0.0,0.0,0.0,0.39795918367346933,0.951219512195122,0
0.853992628992629,0.2054794520547945,0.75,0.024757648200117797,1.0,0.6,0.0,0.5714285714285714,0.2,0.0,1.0,0.0,0.0,0.346938775510204,0.951219512195122,0
0.6168918918918919,0.2876712328767123,0.5,0.1811003707168347,0.7333333333333333,0.5333333333333333,0.6666666666666666,0.5714285714285714,0.8,0.0,1.0,0.0,0.0,0.39795918367346933,0.951219512195122,0
0.03277027027027027,0.2602739726027397,0.5,0.012264144406333369,0.13333333333333333,0.4666666666666667,0.3333333333333333,1.0,0.0,0.0,0.0,0.0,0.0,0.39795918367346933,0.951219512195122,0
0.022665847665847665,0.5342465753424657,0.5,0.0996202750926792,0.7333333333333333,0.5333333333333333,1.0,0.5714285714285714,0.8,1.0,1.0,0.005940059400594006,0.0,0.19387755102040813,0.951219512195122,0
0.01597051597051597,0.2876712328767123,0.625,0.0601884765963344,0.6,0.8,0.3333333333333333,0.2857142857142857,0.0,0.0,0.0,0.15024150241502415,0.0,0.8061224489795917,0.951219512195122,1
0.0332002457002457,0.0273972602739726,0.25,0.10777188788414233,0.7333333333333333,0.5333333333333333,0.0,0.2857142857142857,0.2,0.0,1.0,0.0,0.0,0.346938775510204,0.951219512195122,0
0.7227579852579853,0.5753424657534245,0.5,0.2455274919447043,0.4,0.26666666666666666,0.3333333333333333,0.5714285714285714,0.0,0.0,0.0,0.0,0.0,0.2959183673469387,0.951219512195122,0
0.14846437346437347,0.8767123287671232,0.5,0.24378200464262206,1.0,0.6,0.0,0.07142857142857142,0.2,0.0,1.0,0.0,0.0,0.19387755102040813,0.951219512195122,0
0.4737100737100737,0.6301369863013697,0.0,0.21419672244742405,0.4,0.26666666666666666,0.8333333333333333,0.0,0.2,1.0,0.0,0.0,0.0,0.39795918367346933,0.951219512195122,0
0.11578624078624078,0.3150684931506849,0.875,0.07434639503863077,0.6,0.8,0.6666666666666666,0.7142857142857142,0.8,0.0,1.0,0.0,0.0,0.19387755102040813,0.951219512195122,0
0.864066339066339,0.2054794520547945,0.5,0.1722502858330735,0.6,0.8,0.3333333333333333,0.8571428571428571,0.0,1.0,0.0,0.0,0.0,0.39795918367346933,0.951219512195122,1
0.8638820638820639,0.1780821917808219,0.5,0.13020614627724078,1.0,0.6,0.3333333333333333,0.5714285714285714,1.0,0.0,1.0,0.0,0.0,0.44897959183673464,0.951219512195122,0
0.37604422604422605,0.8082191780821917,0.5,0.05987596576932405,1.0,0.6,0.0,0.07142857142857142,0.2,0.0,1.0,0.0,0.0,0.19387755102040813,0.951219512195122,0
0.7066339066339066,0.5753424657534245,0.75,0.08359491390361362,0.8,0.8666666666666667,0.3333333333333333,0.21428571428571427,0.0,0.0,0.0,0.0,0.0,0.39795918367346933,0.951219512195122,1
0.34453316953316954,0.1643835616438356,0.875,0.27503447320098395,1.0,0.6,0.3333333333333333,0.07142857142857142,0.0,0.0,0.0,0.0,0.0,0.39795918367346933,0.951219512195122,0
0.9820638820638821,0.3150684931506849,0.5,0.17116862419013965,1.0,0.6,0.6666666666666666,0.2857142857142857,0.2,0.0,0.0,0.0,0.0,0.5,0.951219512195122,0
0.13756142506142505,0.30136986301369856,0.125,0.03675224335654644,0.9333333333333333,0.9333333333333333,0.6666666666666666,0.7142857142857142,0.2,0.0,0.0,0.0,0.0,0.5510204081632653,0.951219512195122,1
0.2468980343980344,0.3972602739726027,0.625,0.11805425631431245,0.5333333333333333,0.6666666666666666,0.3333333333333333,0.2857142857142857,0.0,0.0,0.0,0.0,0.0,0.6020408163265305,0.951219512195122,1
0.5226658476658477,0.3424657534246575,0.625,0.010326022935938746,0.8,0.8666666666666667,0.3333333333333333,0.3571428571428571,0.0,0.0,0.0,0.0,0.0,0.6020408163265305,0.951219512195122,1
0.49358108108108106,0.547945205479452,0.875,0.1653958354987354,0.7333333333333333,0.5333333333333333,0.3333333333333333,0.21428571428571427,0.0,0.0,0.0,0.0,0.0,0.39795918367346933,0.951219512195122,0
0.3519041769041769,0.1917808219178082,0.5,0.06913834320756677,0.6,0.8,0.6666666666666666,0.7142857142857142,0.2,0.0,1.0,0.0,0.0,0.39795918367346933,0.951219512195122,0
0.7260135135135135,0.5342465753424657,0.25,0.3871614177320445,1.0,0.6,0.3333333333333333,0.07142857142857142,1.0,0.0,1.0,0.0,0.0,0.14285714285714282,0.951219512195122,0
0.058538083538083534,0.3835616438356165,0.25,0.22686207254963103,0.8,0.8666666666666667,0.0,0.7142857142857142,0.8,0.0,1.0,0.015060150601506015,0.0,0.44897959183673464,0.951219512195122,0
0.5309275184275184,0.5616438356164384,0.5,0.09403319128295741,0.7333333333333333,0.5333333333333333,0.3333333333333333,1.0,0.0,0.0,0.0,0.0,0.0,0.39795918367346933,0.951219512195122,1
0.13731572481572482,0.3972602739726027,0.5,0.11282541662335863,0.7333333333333333,0.5333333333333333,0.3333333333333333,0.07142857142857142,0.0,0.0,0.0,0.0,0.3409090909090909,0.39795918367346933,0.951219512195122,1
0.36845823095823094,0.0958904109589041,0.5,0.02989224959290441,0.6,0.8,0.6666666666666666,0.2857142857142857,0.6000000000000001,0.0,0.0,0.0,0.0,0.39795918367346933,0.951219512195122,0
0.39542383292383293,0.27397260273972607,0.5,0.15917472196237398,0.6,0.8,0.3333333333333333,0.9285714285714285,0.0,0.0,0.0,0.0,0.45385674931129477,0.39795918367346933,0.951219512195122,1
0.13381449631449632,0.0684931506849315,0.5,0.08967397706406126,0.7333333333333333,0.5333333333333333,0.6666666666666666,0.21428571428571427,0.6000000000000001,0.0,0.0,0.0,0.0,0.39795918367346933,0.951219512195122,0
0.29164619164619165,0.0,0.25,0.09417524165887121,0.06666666666666667,0.4,0.6666666666666666,0.07142857142857142,0.6000000000000001,0.0,1.0,0.0,0.0,0.11224489795918367,0.951219512195122,0
0.6995700245700246,0.136986301369863,0.5,0.059040986730416106,1.0,0.6,0.0,0.21428571428571427,0.8,0.0,1.0,0.0,0.0,0.39795918367346933,0.951219512195122,0
0.040694103194103194,0.0,0.0,0.08746284170044694,0.0,0.33333333333333337,0.6666666666666666,0.0,0.6000000000000001,0.0,0.0,0.0,0.0,0.19387755102040813,0.951219512195122,0
0.23412162162162162,0.32876712328767127,0.5,0.09896476457748675,0.7333333333333333,0.5333333333333333,0.3333333333333333,0.42857142857142855,0.0,0.0,0.0,0.0,0.0,0.39795918367346933,0.951219512195122,0
0.510995085995086,0.2465753424657534,0.5,0.1877975262446731,0.6,0.8,0.6666666666666666,0.2857142857142857,0.2,0.0,1.0,0.0,0.0,0.39795918367346933,0.951219512195122,0
0.2705773955773956,0.27397260273972607,0.125,0.27436094654055365,0.7333333333333333,0.5333333333333333,0.0,0.9285714285714285,0.8,0.0,1.0,0.0,0.0,0.39795918367346933,0.951219512195122,0
0.1546068796068796,0.4520547945205479,0.75,0.1130658628694176,0.7333333333333333,0.5333333333333333,0.3333333333333333,0.3571428571428571,0.0,0.0,0.0,0.0,0.0,0.5,0.951219512195122,0
0.9676289926289926,0.4246575342465753,0.5,0.1566538474864013,0.6,0.8,0.8333333333333333,0.07142857142857142,0.8,1.0,1.0,0.0,0.0,0.39795918367346933,0.7317073170731707,0
0.013083538083538083,0.2602739726027397,0.125,0.16831652981325573,0.8,0.8666666666666667,0.6666666666666666,0.7142857142857142,0.2,0.0,0.0,0.0,0.3232323232323232,0.39795918367346933,0.951219512195122,0
0.7034705159705159,0.2602739726027397,0.5,0.11974777396667012,0.9333333333333333,0.9333333333333333,0.3333333333333333,0.7142857142857142,0.0,0.0,0.0,0.0,0.0,0.5510204081632653,0.951219512195122,1
0.6201167076167076,0.2191780821917808,0.0,0.11205557287877213,0.7333333333333333,0.5333333333333333,0.3333333333333333,0.0,1.0,0.0,1.0,0.0,0.3409090909090909,0.37755102040816324,0.951219512195122,0
0.47585995085995086,0.5616438356164384,0.5,0.11109933132384021,0.9333333333333333,0.9333333333333333,0.3333333333333333,0.7142857142857142,0.0,0.0,0.0,0.0,0.0,0.44897959183673464,0.951219512195122,1
0.044840294840294836,0.4246575342465753,0.625,0.1251844922565222,0.7333333333333333,0.5333333333333333,0.3333333333333333,0.2857142857142857,0.0,0.0,0.0,0.07688076880768807,0.0,0.39795918367346933,0.951219512195122,1
0.2573710073710074,0.2328767123287671,0.125,0.12310501333887676,1.0,0.6,0.6666666666666666,0.07142857142857142,0.2,1.0,1.0,0.0,0.0,0.7244897959183673,0.951219512195122,0
0.1270884520884521,0.0410958904109589,0.75,0.12038180369330977,1.0,0.6,0.6666666666666666,0.07142857142857142,0.6000000000000001,0.0,1.0,0.0,0.0,0.11224489795918367,0.2682926829268293,0
0.23138820638820637,0.1917808219178082,0.125,0.06664518587811384,0.4666666666666667,0.7333333333333334,0.3333333333333333,0.9285714285714285,0.0,0.0,0.0,0.0,0.0,0.39795918367346933,0.951219512195122,0
0.965571253071253,0.0,0.5,0.2517908741295084,0.06666666666666667,0.4,0.6666666666666666,0.42857142857142855,0.6000000000000001,0.0,0.0,0.0,0.0,0.2959183673469387,0.951219512195122,0
0.13774570024570024,0.136986301369863,0.5,0.14349582510480546,0.7333333333333333,0.5333333333333333,0.5,0.07142857142857142,0.8,0.0,1.0,0.0,0.0,0.39795918367346933,0.5609756097560976,0
0.6976965601965602,0.1232876712328767,0.25,0.13939368741988015,1.0,0.6,0.6666666666666666,0.5714285714285714,0.6000000000000001,1.0,1.0,0.0,0.0,0.09183673469387754,0.5609756097560976,0
0.09637592137592137,0.27397260273972607,0.125,0.22314312441534145,0.7333333333333333,0.5333333333333333,0.0,0.07142857142857142,0.8,0.0,1.0,0.0,0.0,0.39795918367346933,0.951219512195122,0
0.3156019656019656,0.5205479452054793,0.5,0.1318463084225479,0.6,0.8,0.3333333333333333,0.5714285714285714,0.4,1.0,0.0,0.0,0.0,0.346938775510204,0.7317073170731707,0
0.17039312039312038,0.547945205479452,0.0,0.1294591691785331,0.0,0.33333333333333337,0.8333333333333333,0.0,0.2,0.0,0.0,0.0,0.0,0.2959183673469387,0.951219512195122,0
0.9800675675675675,0.2054794520547945,0.5,0.07980182240238368,1.0,0.6,0.3333333333333333,0.7142857142857142,0.0,0.0,0.0,0.0,0.0,0.37755102040816324,0.951219512195122,1
0.10503685503685503,0.0684931506849315,0.5,0.22803104320410214,1.0,0.6,0.6666666666666666,0.5714285714285714,0.2,0.0,0.0,0.0,0.0,0.5,0.951219512195122,0
0.3567260442260442,0.5753424657534245,0.5,0.054809964314173856,0.6666666666666666,1.0,0.3333333333333333,0.7142857142857142,0.0,0.0,0.0,0.0,0.0,0.6020408163265305,0.951219512195122,1
0.8088452088452088,0.5205479452054793,0.5,0.1254817586529467,1.0,0.6,0.3333333333333333,0.9285714285714285,0.0,0.0,0.0,0.0,0.0,0.39795918367346933,0.951219512195122,1
0.48240171990171987,0.2191780821917808,0.75,0.14542978900322212,0.7333333333333333,0.5333333333333333,0.3333333333333333,0.21428571428571427,0.0,0.0,0.0,0.0,0.0,0.39795918367346933,0.951219512195122,0
0.9952702702702703,0.0410958904109589,0.5,0.15407615286006307,1.0,0.6,0.6666666666666666,0.07142857142857142,0.6000000000000001,0.0,1.0,0.0,0.0,0.39795918367346933,0.951219512195122,0
0.5249385749385749,0.4931506849315069,0.5,0.06416103662127984,0.7333333333333333,0.5333333333333333,0.3333333333333333,0.9285714285714285,0.0,0.0,0.0,0.0,0.0,0.39795918367346933,0.951219512195122,1
0.22045454545454546,0.0684931506849315,0.5,0.2239323701624918,0.7333333333333333,0.5333333333333333,0.6666666666666666,0.07142857142857142,0.2,0.0,1.0,0.0,0.0,0.6020408163265305,0.951219512195122,0
0.9446867321867322,0.3835616438356165,0.5,0.06033329868690018,0.7333333333333333,0.5333333333333333,0.3333333333333333,0.7857142857142857,0.0,1.0,0.0,0.0,0.0,0.39795918367346933,0.951219512195122,1
0.16643120393120392,0.1506849315068493,0.5,0.11883380106018086,0.7333333333333333,0.5333333333333333,0.3333333333333333,1.0,0.0,0.0,0.0,0.0,0.39944903581267216,0.39795918367346933,0.951219512195122,0
0.7579545454545454,0.1917808219178082,0.5,0.1363794477358556,0.9333333333333333,0.9333333333333333,0.3333333333333333,0.7142857142857142,0.0,0.0,0.0,0.0,0.0,0.24489795918367346,0.951219512195122,1
0.9893734643734643,0.0684931506849315,0.25,0.10566469181997713,0.26666666666666666,0.13333333333333336,0.6666666666666666,0.42857142857142855,0.4,0.0,0.0,0.0,0.0,0.39795918367346933,0.3170731707317073,1
0.2701781326781327,0.1506849315068493,0.5,0.16180230745244778,0.7333333333333333,0.5333333333333333,0.6666666666666666,0.21428571428571427,0.6000000000000001,0.0,0.0,0.0,0.0,0.39795918367346933,0.951219512195122,0
0.5816953316953317,0.6575342465753424,0.5,0.11129889477878252,0.7333333333333333,0.5333333333333333,1.0,0.07142857142857142,0.8,0.0,1.0,0.0,0.0,0.39795918367346933,0.951219512195122,0
0.5375307125307125,0.3972602739726027,0.625,0.1545473443508991,0.8,0.8666666666666667,0.0,0.8571428571428571,0.2,0.0,0.0,0.0,0.0,0.6020408163265305,0.951219512195122,1
0.9851351351351351,0.5753424657534245,0.125,0.19518830336416867,1.0,0.6,0.3333333333333333,0.9285714285714285,0.0,0.0,0.0,0.0,0.0,0.39795918367346933,0.951219512195122,1
0.2822481572481572,0.3698630136986301,0.75,0.15179503170148634,1.0,0.6,0.3333333333333333,0.5714285714285714,0.0,0.0,0.0,0.0,0.0,0.39795918367346933,0.951219512195122,1
0.8762899262899263,0.4794520547945205,0.5,0.2013387381769047,0.06666666666666667,0.4,0.3333333333333333,0.5,0.0,0.0,0.0,0.0,0.0,0.39795918367346933,0.951219512195122,0
0.20187346437346437,0.3424657534246575,0.625,0.07414059522572151,0.6,0.8,0.3333333333333333,0.2857142857142857,0.0,0.0,0.0,0.0,0.0,0.6020408163265305,0.951219512195122,1
0.2963759213759214,0.7123287671232876,0.0,0.10777881717077227,0.6,0.8,0.3333333333333333,0.0,0.0,0.0,0.0,0.0,0.0,0.39795918367346933,0.951219512195122,0
0.060073710073710075,0.6986301369863013,0.5,0.13958008523022555,0.7333333333333333,0.5333333333333333,0.3333333333333333,0.8571428571428571,0.0,0.0,0.0,0.0,0.0,0.39795918367346933,0.951219512195122,0
0.8657862407862408,0.0136986301369863,0.5,0.2925163704396632,0.7333333333333333,0.5333333333333333,0.6666666666666666,0.7142857142857142,0.2,0.0,0.0,0.0,0.0,0.2959183673469387,0.951219512195122,0
0.6658783783783784,0.2328767123287671,0.5,0.1363794477358556,0.6,0.8,0.3333333333333333,0.2857142857142857,0.0,0.0,0.0,0.051780517805178054,0.0,0.5510204081632653,0.951219512195122,1
0.2962837837837838,0.1643835616438356,0.5,0.10315629005993833,0.4666666666666667,0.7333333333333334,0.3333333333333333,0.7142857142857142,0.0,0.0,0.0,0.0,0.0,0.5,0.951219512195122,0
0.1882985257985258,0.0684931506849315,0.0,0.19350864428507086,0.26666666666666666,0.13333333333333336,0.3333333333333333,0.0,1.0,1.0,1.0,0.0,0.0,0.39795918367346933,0.6341463414634146,0
0.4478501228501228,0.2465753424657534,0.5,0.12135259675016456,0.26666666666666666,0.13333333333333336,0.3333333333333333,0.5,0.0,1.0,0.0,0.0,0.0,0.5,0.0,0
0.7373771498771499,0.0,0.5,0.1518580882098188,0.06666666666666667,0.4,0.6666666666666666,0.42857142857142855,0.6000000000000001,0.0,0.0,0.0,0.0,0.2959183673469387,0.951219512195122,0
0.22979115479115478,0.5753424657534245,0.5,0.12521082354571597,0.7333333333333333,0.5333333333333333,0.8333333333333333,0.5714285714285714,0.2,0.0,1.0,0.0,0.0,0.39795918367346933,0.951219512195122,0
0.5210995085995086,0.2465753424657534,0.5,0.061040085923154214,1.0,0.6,0.5,0.3571428571428571,0.6000000000000001,0.0,0.0,0.0,0.0,0.39795918367346933,0.951219512195122,0
0.9389127764127764,0.41095890410958896,0.5,0.06391296815992793,0.5333333333333333,0.6666666666666666,0.3333333333333333,0.7142857142857142,0.0,0.0,0.0,0.0,0.0,0.39795918367346933,0.951219512195122,1
0.12374078624078624,0.3698630136986301,0.625,0.06330457679381907,0.7333333333333333,0.5333333333333333,0.3333333333333333,0.2857142857142857,0.0,0.0,0.0,0.05013050130501305,0.0,0.6020408163265305,0.29268292682926833,0
0.1562960687960688,0.4931506849315069,0.5,0.07563732113778886,1.0,0.6,0.3333333333333333,0.8571428571428571,0.0,0.0,0.0,0.0,0.0,0.5510204081632653,0.951219512195122,0
0.19149262899262898,0.41095890410958896,0.5,0.010192287703980873,1.0,0.6,0.0,0.07142857142857142,0.2,0.0,1.0,0.0,0.0,0.346938775510204,0.951219512195122,0
0.18805282555282554,0.5342465753424657,0.5,0.0521768353947961,0.7333333333333333,0.5333333333333333,1.0,0.5714285714285714,0.8,0.0,1.0,0.0,0.0,0.39795918367346933,0.951219512195122,0
0.7152334152334152,0.5205479452054793,0.25,0.10168243079374978,0.7333333333333333,0.5333333333333333,0.3333333333333333,1.0,0.0,0.0,0.0,0.0,0.0,0.39795918367346933,0.951219512195122,0
0.6016277641277641,0.4383561643835617,0.5,0.026526695076741845,1.0,0.6,0.0,0.07142857142857142,0.2,0.0,1.0,0.0,0.0,0.31632653061224486,0.951219512195122,0
0.49189189189189186,0.2054794520547945,0.5,0.1054789869382947,0.7333333333333333,0.5333333333333333,0.6666666666666666,0.42857142857142855,0.2,0.0,0.0,0.0,0.0,0.39795918367346933,0.0975609756097561,0
0.1039004914004914,0.3150684931506849,0.5,0.21847209229809791,0.5333333333333333,0.6666666666666666,0.3333333333333333,0.21428571428571427,0.0,0.0,0.0,0.0,0.0,0.39795918367346933,0.951219512195122,0
0.668581081081081,0.1917808219178082,0.5,0.016480615320652738,0.7333333333333333,0.5333333333333333,0.6666666666666666,0.21428571428571427,0.2,0.0,0.0,0.0,0.0,0.346938775510204,0.951219512195122,0
0.4813574938574938,0.136986301369863,0.5,0.15931954405293977,0.6,0.8,0.6666666666666666,0.9285714285714285,0.6000000000000001,0.0,1.0,0.0,0.0,0.39795918367346933,0.951219512195122,0
0.7969594594594595,0.3972602739726027,0.5,0.07277691161694903,0.4,0.26666666666666666,0.8333333333333333,0.5,0.2,0.0,1.0,0.0,0.0,0.39795918367346933,0.5121951219512195,0
0.5821867321867322,0.0547945205479452,0.5,0.26798115234036657,0.7333333333333333,0.5333333333333333,0.6666666666666666,0.3571428571428571,0.6000000000000001,0.0,0.0,0.0,0.0,0.2346938775510204,0.951219512195122,0
0.6378685503685504,0.1780821917808219,0.5,0.06487406021550081,0.7333333333333333,0.5333333333333333,0.3333333333333333,0.21428571428571427,0.0,0.0,0.0,0.0,0.0,0.39795918367346933,0.951219512195122,0
0.41194717444717444,0.1095890410958904,0.5,0.10866160828742681,0.8,0.8666666666666667,0.3333333333333333,0.2857142857142857,0.0,0.0,0.0,0.0,0.0,0.39795918367346933,0.951219512195122,0
0.6058353808353808,0.4383561643835617,0.75,0.06224231715344905,0.7333333333333333,0.5333333333333333,0.3333333333333333,0.9285714285714285,0.0,0.0,0.0,0.0,0.0,0.2959183673469387,0.951219512195122,1
0.5162469287469287,0.2328767123287671,0.5,0.25921421889616464,1.0,0.6,0.3333333333333333,0.21428571428571427,0.0,0.0,0.0,0.0,0.0,0.5,0.951219512195122,0
0.6031019656019656,0.2876712328767123,0.5,0.2032442920001386,0.7333333333333333,0.5333333333333333,0.6666666666666666,1.0,0.8,0.0,0.0,0.0,0.0,0.39795918367346933,0.951219512195122,0
0.4681511056511056,0.30136986301369856,0.5,0.12165194193257804,0.7333333333333333,0.5333333333333333,0.0,0.5,0.6000000000000001,0.0,0.0,0.0,0.0,0.5,0.951219512195122,0
0.15752457002457002,0.5890410958904109,0.75,0.09122197969719018,0.8,0.8666666666666667,0.3333333333333333,0.2857142857142857,0.0,0.0,0.0,0.0,0.0,0.39795918367346933,0.951219512195122,0
0.1374078624078624,0.4520547945205479,0.75,0.09307279215604754,0.9333333333333333,0.9333333333333333,0.3333333333333333,0.7142857142857142,0.0,0.0,0.0,0.0,0.0,0.39795918367346933,0.951219512195122,1
0.1718058968058968,0.6712328767123288,0.5,0.09023039878044554,0.7333333333333333,0.5333333333333333,0.6666666666666666,0.5714285714285714,0.4,1.0,1.0,0.0,0.0,0.020408163265306124,0.951219512195122,0
0.1460995085995086,0.27397260273972607,0.125,0.1275425284966913,1.0,0.6,0.3333333333333333,0.5,0.0,0.0,0.0,0.0,0.0,0.39795918367346933,0.951219512195122,0
0.24901719901719901,0.1780821917808219,0.5,0.0692776218688286,0.06666666666666667,0.4,0.0,0.42857142857142855,0.6000000000000001,0.0,0.0,0.0,0.0,0.39795918367346933,0.951219512195122,0
0.17383292383292384,0.5342465753424657,0.5,0.12513182967813466,0.7333333333333333,0.5333333333333333,0.3333333333333333,0.5,0.0,0.0,0.0,0.0,0.0,0.39795918367346933,0.951219512195122,1
0.667076167076167,0.3424657534246575,0.5,0.06706302186189932,0.6,0.8,0.8333333333333333,0.9285714285714285,0.2,0.0,0.0,0.0,0.0,0.39795918367346933,0.951219512195122,0
0.673556511056511,0.3150684931506849,0.5,0.06754460728268025,1.0,0.6,0.0,0.21428571428571427,0.8,0.0,0.0,0.0,0.0,0.39795918367346933,0.951219512195122,0
0.996007371007371,0.6027397260273972,0.75,0.02646848906905034,0.3333333333333333,0.2,0.3333333333333333,0.3571428571428571,0.0,0.0,0.0,0.0,0.0,0.5612244897959183,0.951219512195122,0
0.20546683046683045,0.5890410958904109,0.5,0.12943907424730625,0.0,0.33333333333333337,0.3333333333333333,0.5,0.0,0.0,0.0,0.0,0.0,0.39795918367346933,0.951219512195122,0
0.3626228501228501,0.3150684931506849,0.25,0.021077504070955898,1.0,0.6,0.3333333333333333,0.07142857142857142,1.0,0.0,1.0,0.0,0.0,0.39795918367346933,0.951219512195122,1
0.49815724815724816,0.2602739726027397,0.5,0.11327582025430481,0.6,0.8,0.3333333333333333,0.2857142857142857,0.0,0.0,0.0,0.07298072980729807,0.0,0.5,0.951219512195122,1
0.6656019656019656,0.5205479452054793,0.5,0.0447458684128469,0.7333333333333333,0.5333333333333333,0.3333333333333333,0.5714285714285714,0.4,1.0,0.0,0.0,0.0,0.39795918367346933,0.7317073170731707,0
0.5971130221130221,0.3698630136986301,0.25,0.061112150504105595,0.4666666666666667,0.7333333333333334,0.3333333333333333,0.7142857142857142,0.0,0.0,0.0,0.0,0.0,0.47959183673469385,0.951219512195122,0
0.21867321867321868,0.41095890410958896,0.75,0.06579080483664207,0.6666666666666666,1.0,0.3333333333333333,0.7142857142857142,0.0,0.0,0.0,0.0,0.0,0.346938775510204,0.951219512195122,1
0.8051289926289926,0.1506849315068493,0.5,0.12350760489207636,0.8,0.8666666666666667,0.6666666666666666,0.7142857142857142,0.6000000000000001,0.0,0.0,0.0,0.0,0.39795918367346933,0.951219512195122,0
0.5220823095823096,0.0136986301369863,0.5,0.1667934726119946,0.13333333333333333,0.4666666666666667,0.6666666666666666,0.42857142857142855,0.6000000000000001,0.0,0.0,0.0,0.0,0.39795918367346933,0.0975609756097561,0
0.7480651105651105,0.1232876712328767,0.5,0.056894293732460244,0.06666666666666667,0.4,0.8333333333333333,0.5714285714285714,0.8,0.0,1.0,0.0,0.0,0.19387755102040813,0.951219512195122,0
0.34735872235872234,0.2328767123287671,0.5,0.04192772754044971,0.6,0.8,0.6666666666666666,0.5714285714285714,0.2,0.0,1.0,0.0,0.0,0.14285714285714282,0.951219512195122,0
0.3235257985257985,0.41095890410958896,0.5,0.2277635727401864,1.0,0.6,0.3333333333333333,0.5,0.0,1.0,0.0,0.03103031030310303,0.0,0.39795918367346933,0.7317073170731707,1
0.7695945945945946,0.136986301369863,0.5,0.1918456154938849,0.6,0.8,0.6666666666666666,0.7142857142857142,0.6000000000000001,0.0,1.0,0.0,0.0,0.39795918367346933,0.951219512195122,0
0.6042690417690417,0.3150684931506849,0.5,0.14769566573121298,1.0,0.6,0.3333333333333333,0.5,0.0,0.0,0.0,0.0,0.0,0.44897959183673464,0.951219512195122,0
0.5426289926289927,0.3698630136986301,0.25,0.260235595745418,0.13333333333333333,0.4666666666666667,0.3333333333333333,0.42857142857142855,0.0,0.0,0.0,0.0,0.0,0.39795918367346933,0.951219512195122,0
0.8442260442260442,0.136986301369863,0.5,0.28192564875446074,0.26666666666666666,0.13333333333333336,0.6666666666666666,0.5714285714285714,0.2,0.0,0.0,0.0,0.0,0.7551020408163265,0.6341463414634146,0
0.6028562653562654,0.0410958904109589,0.5,0.14266916120985346,0.7333333333333333,0.5333333333333333,0.6666666666666666,0.42857142857142855,0.2,0.0,0.0,0.0,0.0,0.39795918367346933,0.951219512195122,0
0.9613636363636363,0.5890410958904109,0.5,0.05107577174929841,0.8,0.8666666666666667,0.3333333333333333,0.07142857142857142,0.0,1.0,0.0,0.0,0.0,0.5,0.8536585365853658,1
0.9139434889434889,0.30136986301369856,0.75,0.125918303710633,0.7333333333333333,0.5333333333333333,0.3333333333333333,0.8571428571428571,0.0,0.0,0.0,0.0,0.0,0.7040816326530611,0.951219512195122,0
0.30466830466830463,0.41095890410958896,0.75,0.06923396736305996,0.6,0.8,0.6666666666666666,0.2857142857142857,0.2,1.0,0.0,0.1052010520105201,0.0,0.44897959183673464,0.951219512195122,1
0.3955773955773956,0.5342465753424657,0.5,0.07750545681322107,0.7333333333333333,0.5333333333333333,0.0,0.07142857142857142,0.2,0.0,0.0,0.0,0.0,0.4081632653061224,0.951219512195122,0
0.9111179361179361,0.0684931506849315,0.5,0.18537019713820463,1.0,0.6,0.6666666666666666,0.07142857142857142,0.6000000000000001,0.0,1.0,0.0,0.0,0.39795918367346933,0.951219512195122,0
0.5176904176904177,0.7397260273972601,0.5,0.12772407580639575,0.3333333333333333,0.2,1.0,0.2857142857142857,0.2,0.0,0.0,0.06097060970609706,0.0,0.39795918367346933,0.951219512195122,1
0.2706081081081081,0.1095890410958904,0.5,0.29035235422513256,0.0,0.33333333333333337,0.3333333333333333,0.7857142857142857,1.0,1.0,1.0,0.0,0.0,0.5,0.951219512195122,0
0.45380835380835377,0.2328767123287671,0.5,0.11963898416658005,0.06666666666666667,0.4,0.3333333333333333,1.0,0.0,0.0,0.0,0.0,0.0,0.5,0.951219512195122,0
0.3126228501228501,0.35616438356164376,0.625,0.01619859335481412,0.6666666666666666,1.0,0.3333333333333333,0.7142857142857142,1.0,0.0,1.0,0.0,0.0,0.7040816326530611,0.951219512195122,1
0.055804668304668306,0.4246575342465753,0.5,0.1298922495929044,0.7333333333333333,0.5333333333333333,0.0,0.21428571428571427,0.8,0.0,1.0,0.0,0.0,0.39795918367346933,0.951219512195122,0
0.7192567567567567,0.3150684931506849,0.5,0.23137165228839693,0.6666666666666666,1.0,0.3333333333333333,0.7142857142857142,0.0,0.0,0.0,0.0,0.0,0.39795918367346933,0.951219512195122,1
0.04923218673218673,0.547945205479452,0.5,0.15567266049960157,0.7333333333333333,0.5333333333333333,0.3333333333333333,0.5,0.0,1.0,0.0,0.0,0.0,0.39795918367346933,0.951219512195122,1
0.6108415233415233,0.2876712328767123,0.0,0.18085438104147178,0.06666666666666667,0.4,0.6666666666666666,0.0,0.2,0.0,1.0,0.0,0.0,0.31632653061224486,0.951219512195122,0
0.37337223587223584,0.2191780821917808,0.5,0.06540207185670235,0.6,0.8,0.3333333333333333,0.7142857142857142,1.0,0.0,1.0,0.0,0.0,0.39795918367346933,0.951219512195122,1
0.8403255528255528,0.0410958904109589,0.5,0.19472126944531062,1.0,0.6,0.6666666666666666,0.5714285714285714,0.6000000000000001,0.0,0.0,0.0,0.0,0.346938775510204,0.951219512195122,0
0.3609029484029484,0.3835616438356165,0.5,0.109348993521117,1.0,0.6,0.0,0.5714285714285714,0.2,0.0,1.0,0.0,0.0,0.5,0.951219512195122,0
0.859613022113022,0.2602739726027397,0.25,0.18731039739458824,0.5333333333333333,0.6666666666666666,0.8333333333333333,0.07142857142857142,0.6000000000000001,1.0,1.0,0.0,0.0,0.39795918367346933,0.951219512195122,0
0.9278255528255528,0.0547945205479452,0.75,0.2125226067976302,0.5333333333333333,0.6666666666666666,0.3333333333333333,0.3571428571428571,0.0,0.0,0.0,0.0,0.0,0.39795918367346933,0.951219512195122,0
0.024754299754299755,0.4520547945205479,0.0,0.007965214981117694,0.8,0.8666666666666667,0.5,0.0,0.4,0.0,0.0,0.0,0.0,0.39795918367346933,0.951219512195122,0
0.12389434889434889,0.0547945205479452,0.5,0.03429442538890621,1.0,0.6,0.6666666666666666,0.21428571428571427,0.2,0.0,0.0,0.0,0.0,0.7040816326530611,0.951219512195122,0
0.4647420147420147,0.1917808219178082,0.5,0.10108235457159685,0.6,0.8,0.6666666666666666,0.2857142857142857,0.2,0.0,1.0,0.13550135501355012,0.0,0.5,0.951219512195122,1
0.7429361179361179,0.5753424657534245,0.625,0.13038700065828224,0.8,0.8666666666666667,0.3333333333333333,0.8571428571428571,0.0,0.0,0.0,0.0,0.0,0.39795918367346933,0.951219512195122,0
0.9689803439803439,0.41095890410958896,0.5,0.05285590548453036,0.26666666666666666,0.13333333333333336,0.6666666666666666,0.5,0.6000000000000001,0.0,0.0,0.0,0.0,0.19387755102040813,0.951219512195122,0
0.9585073710073709,0.2465753424657534,0.5,0.011682777258081279,0.5333333333333333,0.6666666666666666,0.6666666666666666,1.0,0.2,0.0,0.0,0.0,0.0,0.39795918367346933,0.951219512195122,0
0.014127764127764127,0.3698630136986301,0.5,0.07230502719745002,0.4666666666666667,0.7333333333333334,0.6666666666666666,0.3571428571428571,0.6000000000000001,0.0,0.0,0.0,0.0,0.39795918367346933,0.951219512195122,0
0.2723280098280098,0.2328767123287671,0.5,0.030375220871011327,0.06666666666666667,0.4,0.0,0.21428571428571427,0.8,0.0,0.0,0.0,0.0,0.39795918367346933,0.951219512195122,0
0.9868857493857494,0.4794520547945205,0.125,0.09855940130963517,0.7333333333333333,0.5333333333333333,0.3333333333333333,0.07142857142857142,0.0,0.0,0.0,0.0,0.0,0.43877551020408156,0.951219512195122,1
0.6296990171990172,0.2465753424657534,0.5,0.017988428091327995,1.0,0.6,0.3333333333333333,0.21428571428571427,0.0,0.0,0.0,0.0,0.0,0.6020408163265305,0.951219512195122,0
0.7542076167076167,0.4931506849315069,0.5,0.11819284204691126,0.0,0.33333333333333337,0.0,0.07142857142857142,0.8,0.0,1.0,0.0,0.0,0.47959183673469385,0.951219512195122,0
0.8164004914004914,0.0410958904109589,0.5,0.13328898589890173,0.7333333333333333,0.5333333333333333,0.6666666666666666,0.07142857142857142,0.6000000000000001,0.0,0.0,0.0,0.0,0.19387755102040813,0.951219512195122,0
0.9656019656019655,0.3698630136986301,0.5,0.13118109690607352,0.06666666666666667,0.4,0.6666666666666666,0.5,0.8,1.0,1.0,0.0,0.0,0.39795918367346933,0.951219512195122,0
0.5668918918918919,0.547945205479452,0.625,0.0660582753005578,0.7333333333333333,0.5333333333333333,0.8333333333333333,0.3571428571428571,0.2,0.0,0.0,0.0,0.0,0.6020408163265305,0.951219512195122,1
0.7535012285012285,0.5205479452054793,0.25,0.16684128468974121,1.0,0.6,0.3333333333333333,0.7142857142857142,0.0,0.0,0.0,0.0,0.0,0.39795918367346933,0.951219512195122,1
0.6542076167076167,0.1643835616438356,0.5,0.08674843224889997,0.6,0.8,0.3333333333333333,0.7142857142857142,1.0,0.0,1.0,0.0,0.0,0.346938775510204,0.951219512195122,1
0.3675061425061425,0.5205479452054793,0.5,0.0492783147974916,0.26666666666666666,0.13333333333333336,1.0,0.5,0.8,0.0,1.0,0.0,0.0,0.39795918367346933,0.951219512195122,0
0.08473587223587223,0.4246575342465753,0.5,0.07541766275161972,0.7333333333333333,0.5333333333333333,0.3333333333333333,0.2857142857142857,0.0,0.0,0.0,0.0,0.0,0.5,0.951219512195122,1
0.09646805896805896,0.136986301369863,0.5,0.1326896026054118,0.7333333333333333,0.5333333333333333,0.3333333333333333,0.21428571428571427,0.0,0.0,0.0,0.0,0.0,0.5,0.951219512195122,0
0.22438574938574937,0.2465753424657534,0.25,0.13303675986557184,0.6,0.8,0.3333333333333333,0.7142857142857142,0.0,0.0,0.0,0.0,0.0,0.39795918367346933,0.951219512195122,0
0.9274570024570025,0.0821917808219178,0.5,0.14278349443924748,0.4666666666666667,0.7333333333333334,0.6666666666666666,0.8571428571428571,0.6000000000000001,0.0,1.0,0.0,0.0,0.39795918367346933,0.951219512195122,0
0.7788697788697788,0.2328767123287671,0.875,0.24523646190624676,0.6666666666666666,1.0,0.3333333333333333,0.7142857142857142,0.0,0.0,0.0,0.0,0.0,0.44897959183673464,0.2682926829268293,1
0.5911855036855037,0.3150684931506849,0.5,0.07928212590513806,0.6,0.8,0.5,0.2857142857142857,0.2,0.0,0.0,0.0,0.0,0.39795918367346933,0.951219512195122,1
0.9573402948402948,0.1506849315068493,0.5,0.05193777500606312,1.0,0.6,0.3333333333333333,0.2857142857142857,0.0,0.0,0.0,0.0,0.0,0.5,0.951219512195122,1
0.9624078624078624,0.30136986301369856,0.5,0.11322177181859128,0.6,0.8,0.3333333333333333,0.7142857142857142,0.0,1.0,0.0,0.0,0.0,0.6020408163265305,0.0,0
0.750982800982801,0.2191780821917808,0.75,0.08495374701174514,0.6,0.8,0.3333333333333333,0.7142857142857142,1.0,0.0,1.0,0.0,0.0,0.5,0.951219512195122,1
0.5051597051597051,0.3698630136986301,0.75,0.0674905588469667,0.8,0.8666666666666667,0.0,0.2857142857142857,0.8,0.0,1.0,0.0,0.0,0.39795918367346933,0.951219512195122,0
0.9828624078624079,0.2054794520547945,0.5,0.05607733083879014,0.4666666666666667,0.7333333333333334,0.3333333333333333,0.5,0.0,0.0,0.0,0.0,0.0,0.6224489795918366,0.951219512195122,0
0.7848280098280098,0.46575342465753417,0.5,0.19214011017565744,0.6,0.8,0.3333333333333333,0.8571428571428571,0.0,0.0,0.0,0.07688076880768807,0.0,0.5,0.951219512195122,1
0.07573710073710073,0.4246575342465753,0.5,0.047372760974257695,0.7333333333333333,0.5333333333333333,0.0,0.5,0.2,0.0,1.0,0.0,0.0,0.5510204081632653,0.951219512195122,0
0.34404176904176903,0.1232876712328767,0.5,0.12168243079374978,0.7333333333333333,0.5333333333333333,0.6666666666666666,0.07142857142857142,0.2,1.0,0.0,0.0,0.0,0.39795918367346933,0.951219512195122,0
0.9943181818181818,0.5753424657534245,0.5,0.26570418875376783,0.7333333333333333,0.5333333333333333,0.3333333333333333,0.42857142857142855,0.0,0.0,0.0,0.0,0.0,0.39795918367346933,0.951219512195122,1
0.14914004914004914,0.2054794520547945,0.5,0.12303156290059937,0.7333333333333333,0.5333333333333333,0.6666666666666666,0.8571428571428571,0.2,0.0,1.0,0.0,0.0,0.5,0.951219512195122,0
0.12079238329238329,0.1506849315068493,0.5,0.16519003568582616,0.7333333333333333,0.5333333333333333,0.3333333333333333,0.21428571428571427,0.0,0.0,0.0,0.0,0.0,0.39795918367346933,0.951219512195122,0
0.7383599508599509,0.5753424657534245,0.5,0.11208467588261788,1.0,0.6,0.0,0.7142857142857142,0.8,0.0,0.0,0.0,0.0,0.39795918367346933,0.951219512195122,0
0.5476351351351352,0.5890410958904109,0.125,0.030028756539514256,0.4666666666666667,0.7333333333333334,0.3333333333333333,0.5714285714285714,0.0,1.0,0.0,0.0,0.0,0.39795918367346933,0.951219512195122,0
0.8141277641277641,0.1095890410958904,0.5,0.10906281398330042,0.7333333333333333,0.5333333333333333,0.3333333333333333,1.0,0.0,0.0,0.0,0.0,0.0,0.39795918367346933,0.951219512195122,0
0.15313267813267814,0.0273972602739726,0.125,0.010496483387035306,0.13333333333333333,0.4666666666666667,0.6666666666666666,0.5714285714285714,0.6000000000000001,0.0,1.0,0.0,0.0,0.2959183673469387,0.951219512195122,0
0.355036855036855,0.0273972602739726,0.75,0.024176973980528704,1.0,0.6,0.6666666666666666,0.21428571428571427,0.2,0.0,1.0,0.0,0.0,0.14285714285714282,0.951219512195122,0
0.7811117936117936,0.0958904109589041,0.5,0.167694279873887,0.6,0.8,0.6666666666666666,0.2857142857142857,0.2,0.0,0.0,0.021740217402174022,0.0,0.44897959183673464,0.951219512195122,0
0.40168918918918917,0.2191780821917808,0.5,0.1023067595191075,0.7333333333333333,0.5333333333333333,0.3333333333333333,0.21428571428571427,0.0,0.0,0.0,0.0,0.0,0.39795918367346933,0.951219512195122,0
0.9237100737100737,0.2054794520547945,0.5,0.1078924574715033,0.8,0.8666666666666667,0.6666666666666666,0.2857142857142857,0.2,0.0,0.0,0.14084140841408413,0.0,0.39795918367346933,0.951219512195122,1
0.4103194103194103,0.2465753424657534,0.75,0.1237639884973842,0.6,0.8,0.0,0.2857142857142857,0.2,0.0,0.0,0.0,0.0,0.24489795918367346,0.951219512195122,0
0.5417076167076167,0.4520547945205479,0.125,0.06007345043827737,0.6,0.8,0.3333333333333333,0.2857142857142857,0.0,0.0,0.0,0.07298072980729807,0.0,0.39795918367346933,0.951219512195122,1
0.657585995085995,0.6301369863013697,0.5,0.13426670824238646,0.7333333333333333,0.5333333333333333,0.3333333333333333,0.21428571428571427,0.0,0.0,0.0,0.0,0.0,0.39795918367346933,0.951219512195122,0
0.9867628992628993,0.4246575342465753,0.5,0.23431729203478502,1.0,0.6,0.3333333333333333,0.21428571428571427,0.4,1.0,0.0,0.0,0.0,0.39795918367346933,0.024390243902439025,1
0.09867936117936117,0.7808219178082192,0.125,0.11725946713785816,0.7333333333333333,0.5333333333333333,1.0,0.5714285714285714,0.2,0.0,0.0,0.0,0.0,0.16326530612244897,0.951219512195122,0
0.4752149877149877,0.0410958904109589,0.5,0.0701423968402453,0.06666666666666667,0.4,0.6666666666666666,1.0,0.6000000000000001,0.0,0.0,0.0,0.0,0.39795918367346933,0.951219512195122,0
0.6639742014742015,0.32876712328767127,0.5,0.11785677164535911,0.4666666666666667,0.7333333333333334,0.0,0.21428571428571427,0.6000000000000001,0.0,0.0,0.0,0.0,0.39795918367346933,0.951219512195122,0
0.9447788697788697,0.2876712328767123,0.5,0.09848248622804281,0.7333333333333333,0.5333333333333333,0.3333333333333333,0.21428571428571427,0.0,0.0,0.0,0.0,0.47084481175390264,0.39795918367346933,0.7560975609756098,0
0.020055282555282553,0.2876712328767123,0.875,0.0911124969684371,1.0,0.6,0.8333333333333333,0.2857142857142857,0.2,0.0,1.0,0.0,0.0,0.44897959183673464,0.951219512195122,0
0.7473587223587224,0.2054794520547945,0.5,0.14545958493573088,1.0,0.6,0.3333333333333333,0.7142857142857142,1.0,0.0,1.0,0.0,0.0,0.39795918367346933,0.951219512195122,1
0.25838452088452085,0.1917808219178082,0.5,0.14839621660950006,1.0,0.6,0.3333333333333333,0.21428571428571427,0.0,0.0,0.0,0.0,0.0,0.5510204081632653,0.951219512195122,1
0.23273955773955773,0.3150684931506849,0.5,0.11603090461836954,0.5333333333333333,0.6666666666666666,0.0,0.07142857142857142,0.8,0.0,1.0,0.0,0.0,0.5,0.951219512195122,0
0.3343673218673219,0.3698630136986301,0.5,0.10293039531580224,0.6,0.8,0.3333333333333333,0.9285714285714285,1.0,0.0,1.0,0.0,0.0,0.19387755102040813,0.951219512195122,1
0.1926904176904177,0.2465753424657534,0.5,0.16131725738835187,0.7333333333333333,0.5333333333333333,0.3333333333333333,0.21428571428571427,0.0,0.0,0.0,0.0,0.0,0.39795918367346933,0.6341463414634146,0
0.0071867321867321865,0.1506849315068493,0.5,0.04464470082804975,0.9333333333333333,0.9333333333333333,0.6666666666666666,0.7142857142857142,0.2,0.0,0.0,0.0,0.0,0.5510204081632653,0.951219512195122,1
0.007585995085995086,0.2054794520547945,0.5,0.11892803935834804,0.7333333333333333,0.5333333333333333,0.6666666666666666,0.5714285714285714,0.2,0.0,1.0,0.0,0.0,0.336734693877551,0.951219512195122,0
0.9285626535626536,0.5616438356164384,0.125,0.04206977791636351,0.06666666666666667,0.4,0.0,0.21428571428571427,0.2,1.0,1.0,0.14084140841408413,0.0,0.39795918367346933,0.951219512195122,1
0.7510135135135135,0.3150684931506849,0.625,0.14293247410179122,0.6,0.8,0.3333333333333333,0.2857142857142857,0.0,0.0,0.0,0.0,0.0,0.44897959183673464,0.951219512195122,1
0.025092137592137593,0.5342465753424657,0.5,0.1207573710286526,1.0,0.6,0.3333333333333333,0.21428571428571427,0.0,0.0,0.0,0.0,0.0,0.5,0.951219512195122,1
0.778009828009828,0.2465753424657534,0.5,0.10680178775595052,0.6,0.8,0.3333333333333333,0.2857142857142857,0.0,0.0,0.0,0.0,0.0,0.5,0.951219512195122,1
0.9042383292383293,0.0547945205479452,0.5,0.13013477462495238,0.2,0.06666666666666667,0.3333333333333333,0.5714285714285714,0.4,0.0,0.0,0.0,0.0,0.39795918367346933,0.21951219512195122,0
0.5215294840294841,0.7397260273972601,0.5,0.14252572497661367,0.4,0.26666666666666666,1.0,0.8571428571428571,0.8,0.0,1.0,0.0,0.0,0.12244897959183672,0.951219512195122,0
0.8022113022113022,0.1643835616438356,0.5,0.13760454561202926,1.0,0.6,0.6666666666666666,0.8571428571428571,0.6000000000000001,1.0,0.0,0.0,0.0,0.8061224489795917,0.951219512195122,0
0.5109643734643734,0.5890410958904109,0.25,0.1328877802030281,0.8,0.8666666666666667,0.3333333333333333,0.7142857142857142,0.0,0.0,0.0,0.0,0.0,0.47959183673469385,0.951219512195122,1
0.4305282555282555,0.0,0.5,0.2212292554481516,0.13333333333333333,0.4666666666666667,0.6666666666666666,0.07142857142857142,0.6000000000000001,0.0,1.0,0.0,0.0,0.2959183673469387,0.951219512195122,0
0.031265356265356266,0.0684931506849315,0.5,0.07626442157779856,0.7333333333333333,0.5333333333333333,0.0,0.21428571428571427,0.2,0.0,0.0,0.0,0.0,0.39795918367346933,0.951219512195122,0
0.08052825552825553,0.3424657534246575,0.5,0.16168866715171673,0.7333333333333333,0.5333333333333333,0.3333333333333333,0.21428571428571427,0.0,1.0,0.0,0.0,0.0,0.6020408163265305,0.951219512195122,0
0.38854422604422606,0.1095890410958904,0.0,0.23035304715379554,0.7333333333333333,0.5333333333333333,0.3333333333333333,0.0,1.0,0.0,1.0,0.0,0.0,0.030612244897959183,0.951219512195122,0
0.6563267813267813,0.6027397260273972,0.5,0.05963690538059106,0.8666666666666667,0.0,0.5,0.5714285714285714,0.2,1.0,0.0,0.0,0.0,0.39795918367346933,0.07317073170731708,0
0.13341523341523343,0.46575342465753417,0.5,0.10417974569518068,0.7333333333333333,0.5333333333333333,0.3333333333333333,1.0,0.0,0.0,0.0,0.07298072980729807,0.0,0.6020408163265305,0.951219512195122,1
0.8083845208845208,0.2465753424657534,0.5,0.11352804628763469,0.0,0.33333333333333337,0.3333333333333333,0.5714285714285714,0.0,1.0,0.0,0.0,0.0,0.6020408163265305,0.4634146341463415,0
0.6148955773955774,0.0136986301369863,0.5,0.18310986383951774,0.13333333333333333,0.4666666666666667,0.6666666666666666,0.8571428571428571,0.6000000000000001,1.0,1.0,0.0,0.0,0.14285714285714282,0.951219512195122,0
0.11062653562653563,0.7534246575342465,0.75,0.027615286006305646,0.6666666666666666,1.0,0.3333333333333333,0.7142857142857142,0.0,0.0,0.0,0.0,0.549127640036731,0.24489795918367346,0.951219512195122,1
0.15300982800982801,0.0684931506849315,0.0,0.06046356927554308,1.0,0.6,0.6666666666666666,0.0,0.6000000000000001,0.0,0.0,0.0,0.0,0.19387755102040813,0.951219512195122,0
0.9995700245700245,0.27397260273972607,0.5,0.12883691923916435,0.4666666666666667,0.7333333333333334,0.0,0.9285714285714285,0.2,0.0,1.0,0.0,0.0,0.39795918367346933,0.951219512195122,0
0.2850737100737101,0.4794520547945205,0.5,0.16951183175692064,0.7333333333333333,0.5333333333333333,0.3333333333333333,0.2857142857142857,0.0,0.0,0.0,0.0,0.0,0.39795918367346933,0.951219512195122,0
0.05175061425061425,0.27397260273972607,0.5,0.12213214149603298,0.7333333333333333,0.5333333333333333,0.3333333333333333,0.2857142857142857,0.0,0.0,0.0,0.0,0.43663911845730025,0.44897959183673464,0.951219512195122,1
0.5884213759213759,0.3150684931506849,0.5,0.0895624155493192,0.0,0.33333333333333337,0.0,0.5,0.2,1.0,1.0,0.0,0.0,0.39795918367346933,0.951219512195122,0
0.7540233415233415,0.35616438356164376,0.5,0.12568825139451895,0.7333333333333333,0.5333333333333333,0.3333333333333333,0.5,0.0,0.0,0.0,0.0,0.0,0.39795918367346933,0.951219512195122,0
0.34659090909090906,0.3835616438356165,0.5,0.15052558639088107,0.7333333333333333,0.5333333333333333,0.5,0.21428571428571427,0.2,0.0,0.0,0.0,0.0,0.7244897959183673,0.6341463414634146,0
0.7781633906633907,0.5068493150684932,0.5,0.09225236461906247,0.7333333333333333,0.5333333333333333,0.3333333333333333,0.8571428571428571,0.0,0.0,0.0,0.0,0.3838383838383838,0.5,0.951219512195122,0
0.9946867321867322,0.0410958904109589,0.5,0.11366524616290753,1.0,0.6,0.6666666666666666,0.07142857142857142,0.4,0.0,1.0,0.0,0.0,0.19387755102040813,0.951219512195122,0
0.5184889434889435,0.2328767123287671,0.5,0.13997366871080624,0.7333333333333333,0.5333333333333333,0.6666666666666666,0.21428571428571427,0.6000000000000001,0.0,0.0,0.0,0.0,0.39795918367346933,0.951219512195122,0
0.9783169533169533,0.1917808219178082,0.5,0.12402799431798496,0.5333333333333333,0.6666666666666666,0.0,0.42857142857142855,0.8,0.0,1.0,0.0,0.0,0.39795918367346933,0.951219512195122,0
0.7592137592137592,0.0410958904109589,0.5,0.12774694245227455,0.7333333333333333,0.5333333333333333,0.6666666666666666,0.42857142857142855,0.6000000000000001,0.0,0.0,0.0,0.0,0.39795918367346933,0.951219512195122,0
0.7981879606879607,0.6027397260273972,0.5,0.14385268336624746,1.0,0.6,0.3333333333333333,0.9285714285714285,1.0,0.0,1.0,0.0,0.0,0.39795918367346933,0.951219512195122,1
0.02281941031941032,0.1232876712328767,0.5,0.06968229220801718,0.5333333333333333,0.6666666666666666,0.6666666666666666,0.9285714285714285,0.6000000000000001,0.0,0.0,0.0,0.0,0.39795918367346933,0.951219512195122,0
0.5743243243243243,0.0410958904109589,0.5,0.15045490766725567,0.7333333333333333,0.5333333333333333,0.6666666666666666,0.5,0.6000000000000001,0.0,1.0,0.0,0.0,0.2959183673469387,0.951219512195122,0
0.1855036855036855,0.1095890410958904,0.5,0.20376745314069916,0.5333333333333333,0.6666666666666666,0.3333333333333333,0.9285714285714285,0.0,0.0,0.0,0.0,0.0,0.39795918367346933,0.6341463414634146,0
0.00015356265356265356,0.27397260273972607,0.5,0.18868239614731663,0.8,0.8666666666666667,0.3333333333333333,0.2857142857142857,1.0,0.0,1.0,0.0,0.0,0.39795918367346933,0.951219512195122,0
0.13694717444717444,0.27397260273972607,0.875,0.023926133804524824,0.6,0.8,0.6666666666666666,0.7142857142857142,0.2,0.0,0.0,0.0,0.0,0.37755102040816324,0.951219512195122,0
0.96504914004914,0.0410958904109589,0.5,0.10489554100405363,1.0,0.6,0.6666666666666666,1.0,0.6000000000000001,0.0,1.0,0.0,0.0,0.16326530612244897,0.951219512195122,0
0.870485257985258,0.4520547945205479,0.5,0.1274351245539272,0.6,0.8,0.3333333333333333,0.21428571428571427,0.0,0.0,0.0,0.0,0.0,0.39795918367346933,0.0,0
0.12936117936117936,0.5068493150684932,0.0,0.12121816858954369,0.3333333333333333,0.2,0.6666666666666666,0.0,0.2,0.0,1.0,0.0,0.0,0.24489795918367346,0.951219512195122,0
0.8075552825552825,0.136986301369863,0.5,0.08473200983958701,0.7333333333333333,0.5333333333333333,0.6666666666666666,0.07142857142857142,0.2,0.0,0.0,0.0,0.0,0.39795918367346933,0.951219512195122,0
0.7949017199017199,0.3150684931506849,0.5,0.03651387589647646,1.0,0.6,0.3333333333333333,0.07142857142857142,0.0,1.0,0.0,0.0,0.0,0.5510204081632653,0.951219512195122,1
0.27816339066339063,0.136986301369863,0.5,0.10286248830682881,0.6,0.8,0.3333333333333333,0.7142857142857142,0.0,0.0,0.0,0.0,0.0,0.39795918367346933,0.951219512195122,0
0.7578316953316954,0.41095890410958896,0.625,0.1348868793957662,0.4666666666666667,0.7333333333333334,1.0,0.2857142857142857,0.2,0.0,1.0,0.0,0.0,0.673469387755102,0.951219512195122,0
0.7078931203931204,0.6575342465753424,0.5,0.11038284308630426,0.6,0.8,0.6666666666666666,0.2857142857142857,0.2,0.0,0.0,0.0,0.0,0.39795918367346933,0.951219512195122,0
0.7438574938574939,0.3150684931506849,0.75,0.15591449260298654,0.9333333333333333,0.9333333333333333,0.3333333333333333,0.7142857142857142,1.0,0.0,1.0,0.15024150241502415,0.0,0.39795918367346933,0.951219512195122,1
0.9811117936117936,0.2054794520547945,0.5,0.07754010324637078,0.4,0.26666666666666666,0.3333333333333333,0.3571428571428571,0.0,1.0,0.0,0.0,0.0,0.39795918367346933,0.951219512195122,0
0.9453316953316953,0.1643835616438356,0.75,0.27218099296677406,0.7333333333333333,0.5333333333333333,0.6666666666666666,0.8571428571428571,0.2,0.0,0.0,0.0,0.0,0.39795918367346933,0.951219512195122,0
0.23065110565110564,0.6164383561643836,0.0,0.14785157468038668,0.7333333333333333,0.5333333333333333,0.3333333333333333,0.0,0.0,0.0,0.0,0.0,0.0,0.2346938775510204,0.951219512195122,0
0.5721130221130221,0.32876712328767127,0.5,0.18766656272736723,0.7333333333333333,0.5333333333333333,0.0,0.21428571428571427,0.8,0.0,1.0,0.015060150601506015,0.0,0.5,0.951219512195122,0
0.1483108108108108,0.3424657534246575,0.5,0.1302026816339258,0.5333333333333333,0.6666666666666666,0.0,0.5714285714285714,0.8,0.0,1.0,0.0,0.0,0.31632653061224486,0.951219512195122,0
0.5455159705159704,0.0136986301369863,0.0,0.07383986418598205,0.7333333333333333,0.5333333333333333,0.6666666666666666,0.0,0.6000000000000001,0.0,1.0,0.0,0.0,0.2346938775510204,0.951219512195122,0
0.9482493857493858,0.1917808219178082,0.5,0.112544780514846,0.7333333333333333,0.5333333333333333,0.0,0.8571428571428571,0.8,1.0,0.0,0.0,0.0,0.5,0.951219512195122,0
0.3173218673218673,0.0958904109589041,0.5,0.21982815369157746,0.4,0.26666666666666666,0.3333333333333333,0.8571428571428571,0.0,0.0,0.0,0.0,0.0,0.44897959183673464,0.6341463414634146,0
0.7183660933660934,0.2328767123287671,0.5,0.128758618300246,0.7333333333333333,0.5333333333333333,0.6666666666666666,1.0,0.6000000000000001,0.0,0.0,0.0,0.45454545454545453,0.39795918367346933,0.951219512195122,0
0.12472358722358722,0.1506849315068493,0.5,0.13760315975470327,0.06666666666666667,0.4,0.0,0.8571428571428571,0.6000000000000001,0.0,0.0,0.0,0.0,0.39795918367346933,0.951219512195122,0
0.8653562653562653,0.8493150684931505,0.125,0.03457090392544088,0.6666666666666666,1.0,1.0,0.2857142857142857,0.2,0.0,0.0,0.0,0.0,0.05102040816326531,0.951219512195122,1
0.19914004914004912,0.5068493150684932,0.125,0.02685999376364203,0.7333333333333333,0.5333333333333333,0.3333333333333333,0.7142857142857142,0.0,0.0,0.0,0.0,0.0,0.39795918367346933,0.951219512195122,1
0.15469901719901719,0.1506849315068493,0.5,0.08473200983958701,0.6,0.8,0.3333333333333333,0.2857142857142857,0.0,0.0,0.0,0.0,0.0,0.44897959183673464,0.951219512195122,0
0.44348894348894347,0.1917808219178082,0.5,0.06879534351938468,0.4,0.26666666666666666,0.6666666666666666,0.8571428571428571,0.2,0.0,0.0,0.0,0.0,0.42857142857142855,0.951219512195122,1
0.34247542997542996,0.3150684931506849,0.5,0.16339881509198628,0.7333333333333333,0.5333333333333333,0.3333333333333333,1.0,0.0,0.0,0.0,0.0,0.0,0.39795918367346933,0.951219512195122,0
0.12816339066339066,0.0958904109589041,0.5,0.076213144856737,0.6,0.8,0.6666666666666666,0.3571428571428571,0.6000000000000001,0.0,1.0,0.0,0.0,0.39795918367346933,0.951219512195122,0
0.8212837837837837,0.3972602739726027,0.5,0.042371894813428956,0.8,0.8666666666666667,0.0,0.2857142857142857,0.2,0.0,1.0,0.0,0.0,0.44897959183673464,0.951219512195122,0
0.27954545454545454,0.6986301369863013,0.5,0.13127325641825174,1.0,0.6,0.0,0.07142857142857142,0.8,0.0,1.0,0.0,0.0,0.39795918367346933,0.951219512195122,0
0.4213144963144963,0.0547945205479452,0.5,0.03560267470463915,1.0,0.6,0.6666666666666666,0.5714285714285714,0.6000000000000001,0.0,0.0,0.0,0.0,0.14285714285714282,0.951219512195122,0
0.8867628992628992,0.2602739726027397,0.5,0.08105740913972906,0.7333333333333333,0.5333333333333333,1.0,0.5714285714285714,0.2,0.0,1.0,0.0,0.0,0.39795918367346933,0.951219512195122,0
0.7852272727272727,0.1095890410958904,0.5,0.08342722516716904,0.7333333333333333,0.5333333333333333,0.6666666666666666,0.6428571428571428,0.2,0.0,1.0,0.0,0.0,0.5,0.951219512195122,0
0.5368550368550369,0.6027397260273972,0.25,0.11626927207843953,0.6666666666666666,1.0,0.3333333333333333,0.2857142857142857,0.0,0.0,0.0,0.04064040640406404,0.0,0.39795918367346933,0.951219512195122,0
0.8526412776412776,0.2602739726027397,0.5,0.09982815369157745,0.4,0.26666666666666666,0.6666666666666666,0.42857142857142855,0.6000000000000001,0.0,0.0,0.0,0.0,0.39795918367346933,0.951219512195122,0
0.8613636363636363,0.2054794520547945,0.5,0.05920243910889374,0.7333333333333333,0.5333333333333333,0.3333333333333333,0.21428571428571427,0.0,0.0,0.0,0.0,0.3838383838383838,0.39795918367346933,0.951219512195122,0
0.03968058968058968,0.30136986301369856,0.5,0.1844007899386758,0.7333333333333333,0.5333333333333333,0.3333333333333333,1.0,0.0,0.0,0.0,0.0,0.0,0.6530612244897959,0.951219512195122,0
0.6361486486486486,0.5205479452054793,0.875,0.12987423344766658,0.6,0.8,0.3333333333333333,0.7142857142857142,0.0,0.0,0.0,0.0,0.0,0.14285714285714282,0.951219512195122,0
0.3023955773955774,0.35616438356164376,0.75,0.2071108339396459,1.0,0.6,0.6666666666666666,1.0,0.2,1.0,0.0,0.0,0.0,0.2959183673469387,0.951219512195122,0
0.3115786240786241,0.1506849315068493,0.5,0.08759103350310085,0.6,0.8,0.3333333333333333,0.2857142857142857,0.0,0.0,0.0,0.0,0.0,0.39795918367346933,0.951219512195122,1
0.4296375921375921,0.8082191780821917,0.5,0.132782455046253,0.7333333333333333,0.5333333333333333,1.0,0.5714285714285714,0.2,0.0,0.0,0.0,0.0,0.16326530612244897,0.951219512195122,0
0.11025798525798526,0.0821917808219178,0.5,0.15543498596819458,1.0,0.6,0.6666666666666666,0.9285714285714285,0.2,0.0,0.0,0.0,0.0,0.47959183673469385,0.951219512195122,0
0.5965909090909091,0.0958904109589041,0.5,0.07626580743512455,0.6,0.8,0.3333333333333333,0.2857142857142857,1.0,0.0,1.0,0.0,0.0,0.39795918367346933,0.951219512195122,0
0.7912776412776412,0.4794520547945205,0.5,0.07672521913868967,1.0,0.6,0.3333333333333333,0.2857142857142857,0.0,0.0,0.0,0.0,0.0,0.44897959183673464,0.951219512195122,1
0.4535012285012285,0.2465753424657534,0.5,0.11944011364030073,0.6,0.8,0.6666666666666666,0.7142857142857142,0.2,0.0,0.0,0.0,0.0,0.39795918367346933,0.951219512195122,0
0.15362407862407862,0.1232876712328767,0.5,0.08341198073658317,0.7333333333333333,0.5333333333333333,0.3333333333333333,0.2857142857142857,1.0,0.0,1.0,0.05013050130501305,0.0,0.39795918367346933,0.951219512195122,0
0.2574938574938575,0.0684931506849315,0.5,0.14005058379239857,1.0,0.6,0.6666666666666666,0.8571428571428571,0.6000000000000001,0.0,1.0,0.0,0.0,0.2959183673469387,0.951219512195122,0
0.036547911547911545,0.46575342465753417,0.5,0.15720472577348163,0.5333333333333333,0.6666666666666666,0.0,0.5714285714285714,0.2,0.0,0.0,0.0,0.0,0.39795918367346933,0.951219512195122,0
0.38673218673218673,0.46575342465753417,0.5,0.1503565117971105,0.7333333333333333,0.5333333333333333,0.0,0.5714285714285714,0.4,1.0,0.0,0.0,0.0,0.31632653061224486,0.34146341463414637,0
0.8394656019656019,0.27397260273972607,0.5,0.0877628798115234,0.06666666666666667,0.4,0.3333333333333333,0.21428571428571427,0.0,0.0,0.0,0.0,0.0,0.39795918367346933,0.951219512195122,0
0.6726658476658477,0.2876712328767123,0.5,0.12166787929182692,0.6,0.8,0.3333333333333333,0.7142857142857142,0.0,0.0,0.0,0.07298072980729807,0.0,0.5,0.951219512195122,1
0.5712223587223587,0.1506849315068493,0.0,0.2616304611440252,0.7333333333333333,0.5333333333333333,0.3333333333333333,0.0,0.4,0.0,0.0,0.0,0.0,0.1530612244897959,0.951219512195122,0
0.28627149877149877,0.2465753424657534,0.625,0.2271593389460555,1.0,0.6,0.3333333333333333,0.8571428571428571,0.0,0.0,0.0,0.0,0.0,0.5,0.951219512195122,1
0.7019041769041768,0.27397260273972607,0.5,0.04961923569968472,0.5333333333333333,0.6666666666666666,0.3333333333333333,0.07142857142857142,0.0,0.0,0.0,0.0,0.0,0.39795918367346933,0.951219512195122,0
0.964004914004914,0.726027397260274,0.5,0.1212673665246163,0.6,0.8,0.3333333333333333,0.42857142857142855,0.0,0.0,0.0,0.06418064180641807,0.0,0.39795918367346933,0.951219512195122,1
0.6470823095823096,0.0821917808219178,0.5,0.18813775421820325,0.13333333333333333,0.4666666666666667,0.6666666666666666,0.5,0.4,0.0,0.0,0.0,0.0,0.2959183673469387,0.6341463414634146,0
0.7297911547911548,0.1917808219178082,0.5,0.167694279873887,1.0,0.6,0.6666666666666666,0.7142857142857142,0.2,0.0,0.0,0.0,0.0,0.39795918367346933,0.951219512195122,0
0.4133906633906634,0.32876712328767127,0.5,0.11476284516509025,0.8,0.8666666666666667,0.3333333333333333,0.7142857142857142,0.0,0.0,0.0,0.0,0.0,0.44897959183673464,0.951219512195122,1
0.7102272727272727,0.1917808219178082,0.5,0.2267241797456952,0.2,0.06666666666666667,0.3333333333333333,0.5,0.0,0.0,0.0,0.0,0.0,0.39795918367346933,0.6341463414634146,0
0.23584152334152333,0.27397260273972607,0.5,0.09744240030488861,0.5333333333333333,0.6666666666666666,0.3333333333333333,0.07142857142857142,0.0,0.0,0.0,0.07688076880768807,0.0,0.39795918367346933,0.951219512195122,1
0.28995700245700246,0.41095890410958896,0.5,0.14220559193431037,0.7333333333333333,0.5333333333333333,1.0,0.6428571428571428,0.2,1.0,1.0,0.0,0.0,0.44897959183673464,0.9024390243902439,0
0.3290233415233415,0.1232876712328767,0.5,0.12151682084329417,0.4666666666666667,0.7333333333333334,0.6666666666666666,0.9285714285714285,0.6000000000000001,0.0,0.0,0.0,0.0,0.39795918367346933,0.951219512195122,0
0.36400491400491397,0.4520547945205479,0.75,0.07959394380348543,0.8,0.8666666666666667,0.3333333333333333,0.7142857142857142,1.0,0.0,1.0,0.0,0.0,0.39795918367346933,0.04878048780487805,1
0.635472972972973,0.2602739726027397,0.5,0.17572393722066315,0.7333333333333333,0.5333333333333333,0.0,0.5,0.8,0.0,1.0,0.0,0.0,0.39795918367346933,0.951219512195122,0
0.7062960687960688,0.0273972602739726,0.0,0.11266049960156602,1.0,0.6,0.6666666666666666,0.0,0.6000000000000001,0.0,0.0,0.0,0.0,0.22448979591836732,0.951219512195122,0
0.7331081081081081,0.1232876712328767,0.5,0.06968229220801718,0.7333333333333333,0.5333333333333333,0.6666666666666666,0.42857142857142855,0.2,0.0,0.0,0.0,0.0,0.39795918367346933,0.951219512195122,0
0.7001842751842752,0.1780821917808219,0.0,0.03223019090184665,0.3333333333333333,0.2,1.0,0.0,0.2,0.0,1.0,0.0,0.0,0.43877551020408156,0.951219512195122,0
0.5012899262899263,0.30136986301369856,0.5,0.09629144579565534,1.0,0.6,0.0,0.8571428571428571,0.4,0.0,1.0,0.0,0.0,0.346938775510204,0.951219512195122,0
0.5137899262899263,0.3835616438356165,0.5,0.04490177736202058,0.6,0.8,0.3333333333333333,0.21428571428571427,0.0,1.0,0.0,0.0,0.0,0.39795918367346933,0.5853658536585367,1
0.5888206388206388,0.9041095890410957,0.625,0.18013581401794687,0.7333333333333333,0.5333333333333333,0.0,0.8571428571428571,0.2,0.0,0.0,0.0,0.0,0.19387755102040813,0.951219512195122,0
0.3236486486486486,0.6712328767123288,0.5,0.11991199805979973,0.7333333333333333,0.5333333333333333,1.0,0.8571428571428571,0.4,0.0,1.0,0.0,0.0,0.346938775510204,0.951219512195122,0
0.5085995085995085,0.0958904109589041,0.5,0.12753144163808336,0.7333333333333333,0.5333333333333333,0.6666666666666666,0.5714285714285714,0.6000000000000001,1.0,1.0,0.0,0.0,0.39795918367346933,0.951219512195122,0
0.9328009828009828,0.4246575342465753,0.5,0.14185219831618337,0.7333333333333333,0.5333333333333333,0.3333333333333333,0.21428571428571427,0.0,0.0,0.0,0.0,0.0,0.39795918367346933,0.951219512195122,1
0.1984029484029484,0.5753424657534245,0.5,0.2866756747392856,0.7333333333333333,0.5333333333333333,0.5,0.07142857142857142,0.8,0.0,1.0,0.0,0.0,0.19387755102040813,0.8048780487804879,0
0.8492014742014742,0.0821917808219178,0.5,0.07309150122994837,0.6,0.8,0.3333333333333333,0.8571428571428571,0.0,0.0,0.0,0.0,0.0,0.39795918367346933,0.951219512195122,0
0.36704545454545456,0.4246575342465753,0.5,0.026412361847347812,1.0,0.6,0.0,0.5,0.8,0.0,0.0,0.0,0.0,0.39795918367346933,0.951219512195122,0
0.555497542997543,0.4520547945205479,0.25,0.10512628624883068,0.6,0.8,0.3333333333333333,0.7857142857142857,0.0,0.0,0.0,0.0,0.0,0.43877551020408156,0.951219512195122,1
0.1256142506142506,0.0273972602739726,0.0,0.11309565880192633,0.06666666666666667,0.4,0.6666666666666666,0.0,0.6000000000000001,0.0,1.0,0.0,0.0,0.2959183673469387,0.951219512195122,0
0.034367321867321866,0.4931506849315069,0.5,0.1910646848906905,0.6,0.8,0.3333333333333333,0.7142857142857142,0.0,1.0,0.0,0.0,0.0,0.39795918367346933,0.5853658536585367,0
0.6399262899262899,0.30136986301369856,0.5,0.07574056750857498,1.0,0.6,0.6666666666666666,0.7142857142857142,0.2,1.0,0.0,0.04787047870478705,0.0,0.39795918367346933,0.951219512195122,1
0.9178132678132678,0.1780821917808219,0.5,0.11434639503863077,1.0,0.6,0.3333333333333333,0.8571428571428571,0.0,0.0,0.0,0.0,0.0,0.43877551020408156,0.951219512195122,0
0.014772727272727272,0.35616438356164376,0.75,0.10978484565014031,1.0,0.6,0.3333333333333333,0.21428571428571427,0.0,0.0,0.0,0.0,0.0,0.19387755102040813,0.951219512195122,0
0.1929054054054054,0.5753424657534245,0.5,0.11022416242247861,0.6666666666666666,1.0,0.3333333333333333,0.2857142857142857,0.0,0.0,0.0,0.0,0.0,0.39795918367346933,0.951219512195122,1
0.8934275184275184,0.4931506849315069,0.5,0.1630918476942799,0.3333333333333333,0.2,0.0,0.5,0.8,1.0,1.0,0.0,0.0,0.5612244897959183,0.951219512195122,0
0.8354115479115479,0.0273972602739726,0.0,0.02179537816581783,0.7333333333333333,0.5333333333333333,0.6666666666666666,0.0,0.6000000000000001,0.0,0.0,0.0,0.0,0.39795918367346933,0.951219512195122,0
0.7505835380835381,0.5616438356164384,0.5,0.15964037002390605,0.7333333333333333,0.5333333333333333,0.6666666666666666,0.07142857142857142,0.8,0.0,1.0,0.0,0.0,0.39795918367346933,0.951219512195122,0
0.3368857493857494,0.1643835616438356,0.5,0.1155271454803728,0.7333333333333333,0.5333333333333333,0.3333333333333333,0.3571428571428571,0.0,0.0,0.0,0.0,0.0,0.5510204081632653,0.951219512195122,0
0.845546683046683,0.0273972602739726,0.5,0.31910889373938955,0.2,0.06666666666666667,0.6666666666666666,0.42857142857142855,0.4,0.0,0.0,0.0,0.0,0.520408163265306,0.6341463414634146,0
0.7713452088452089,0.1095890410958904,0.25,0.19610158334199496,0.7333333333333333,0.5333333333333333,0.6666666666666666,0.7142857142857142,0.6000000000000001,1.0,1.0,0.0,0.0,0.39795918367346933,0.951219512195122,0
0.504115479115479,0.2876712328767123,0.5,0.02481238956449433,0.7333333333333333,0.5333333333333333,0.3333333333333333,0.42857142857142855,0.0,0.0,0.0,0.0,0.0,0.39795918367346933,0.951219512195122,0
0.24987714987714987,0.0273972602739726,0.5,0.10534940927831479,0.7333333333333333,0.5333333333333333,0.6666666666666666,1.0,0.6000000000000001,0.0,0.0,0.0,0.0,0.39795918367346933,0.951219512195122,0
0.5372542997542997,0.2328767123287671,0.625,0.23673353428264562,1.0,0.6,0.3333333333333333,0.2857142857142857,0.0,0.0,0.0,0.0,0.0,0.39795918367346933,0.951219512195122,1
0.893918918918919,0.136986301369863,0.5,0.058815784914943006,1.0,0.6,0.6666666666666666,0.5,0.4,0.0,1.0,0.0,0.0,0.39795918367346933,0.951219512195122,0
0.7993857493857494,0.2876712328767123,0.5,0.11981983854762153,0.7333333333333333,0.5333333333333333,1.0,0.5714285714285714,0.8,0.0,1.0,0.0,0.0,0.19387755102040813,0.951219512195122,0
0.5495393120393121,0.2465753424657534,0.5,0.08786404739632055,0.7333333333333333,0.5333333333333333,0.3333333333333333,0.42857142857142855,0.0,0.0,0.0,0.0,0.0,0.39795918367346933,0.951219512195122,0
0.5566953316953317,0.46575342465753417,0.75,0.06859855177909434,0.7333333333333333,0.5333333333333333,0.0,0.2857142857142857,0.2,0.0,1.0,1.0,0.0,0.346938775510204,0.951219512195122,1
0.09643734643734643,0.3698630136986301,0.5,0.10275369850673872,0.7333333333333333,0.5333333333333333,0.3333333333333333,0.21428571428571427,0.0,0.0,0.0,0.0,0.0,0.6530612244897959,0.951219512195122,1
0.2085995085995086,0.41095890410958896,0.125,0.12443127879984754,0.4666666666666667,0.7333333333333334,0.3333333333333333,0.07142857142857142,0.0,0.0,0.0,0.0,0.0,0.39795918367346933,0.951219512195122,1
0.24702088452088453,0.0958904109589041,0.5,0.14995045560059592,1.0,0.6,0.6666666666666666,0.5714285714285714,0.2,0.0,0.0,0.0,0.0,0.44897959183673464,0.951219512195122,0
0.35374692874692876,0.3698630136986301,0.25,0.03662820912587049,0.7333333333333333,0.5333333333333333,0.3333333333333333,0.7142857142857142,0.0,0.0,0.0,0.0,0.0,0.2959183673469387,0.951219512195122,0
0.4966830466830467,0.3835616438356165,0.5,0.1131829678134636,0.7333333333333333,0.5333333333333333,0.8333333333333333,0.07142857142857142,0.8,0.0,1.0,0.0,0.0,0.37755102040816324,0.951219512195122,0
0.8720208845208846,0.2465753424657534,0.5,0.016394692166441467,0.6,0.8,0.3333333333333333,0.2857142857142857,0.0,0.0,0.0,0.0,0.0,0.39795918367346933,0.951219512195122,1
0.5172604422604422,0.1780821917808219,0.5,0.1547683885943942,0.0,0.33333333333333337,0.3333333333333333,0.21428571428571427,0.0,0.0,0.0,0.0,0.0,0.39795918367346933,0.951219512195122,0
0.22656633906633905,0.32876712328767127,0.5,0.11592350067560545,1.0,0.6,0.0,0.5714285714285714,0.2,0.0,1.0,0.0,0.0,0.3571428571428571,0.951219512195122,1
0.3839066339066339,0.5890410958904109,0.5,0.1025908602709351,1.0,0.6,0.3333333333333333,0.21428571428571427,0.0,0.0,0.0,0.0,0.0,0.39795918367346933,0.0975609756097561,0
0.7122235872235873,0.46575342465753417,0.125,0.08885493538440217,0.8,0.8666666666666667,0.3333333333333333,0.7142857142857142,0.0,0.0,0.0,0.0,0.0,0.39795918367346933,0.951219512195122,1
0.2101965601965602,0.27397260273972607,0.125,0.21706198246890485,0.8,0.8666666666666667,0.3333333333333333,0.7142857142857142,0.0,0.0,0.0,0.0,0.0,0.39795918367346933,0.0,1
0.43676289926289924,0.3972602739726027,0.5,0.12094030419568304,1.0,0.6,0.3333333333333333,0.5714285714285714,1.0,0.0,1.0,0.05013050130501305,0.0,0.39795918367346933,0.951219512195122,0
0.13504299754299753,0.5068493150684932,0.5,0.1873644458303018,0.6,0.8,0.6666666666666666,0.7142857142857142,0.2,0.0,1.0,0.0,0.0,0.5,0.951219512195122,0
0.5555282555282555,0.41095890410958896,0.5,0.06906835741260436,0.7333333333333333,0.5333333333333333,0.3333333333333333,0.5714285714285714,1.0,1.0,1.0,0.0,0.0,0.2959183673469387,0.951219512195122,0
0.5378685503685503,0.3972602739726027,0.125,0.04555105151924609,0.7333333333333333,0.5333333333333333,0.3333333333333333,0.07142857142857142,0.0,0.0,0.0,0.0,0.0,0.39795918367346933,0.951219512195122,1
0.4335995085995086,0.547945205479452,0.0,0.2711707029761286,1.0,0.6,0.3333333333333333,0.0,0.0,1.0,0.0,0.0,0.0,0.6020408163265305,0.951219512195122,1
0.7244164619164619,0.3150684931506849,0.5,0.12155146727644388,1.0,0.6,0.6666666666666666,0.2857142857142857,0.2,0.0,0.0,0.0,0.0,0.5,0.951219512195122,1
0.1535012285012285,0.1232876712328767,0.5,0.16186467103211724,0.7333333333333333,0.5333333333333333,0.6666666666666666,0.07142857142857142,0.2,0.0,0.0,0.0,0.0,0.6020408163265305,0.951219512195122,0
0.5433660933660933,0.4246575342465753,0.625,0.012673665246162908,0.5333333333333333,0.6666666666666666,0.3333333333333333,0.21428571428571427,0.0,0.0,0.0,0.0,0.0,0.7040816326530611,0.951219512195122,1
0.9610872235872235,0.5068493150684932,0.5,0.14115303329522227,0.7333333333333333,0.5333333333333333,0.3333333333333333,0.2857142857142857,0.0,0.0,0.0,0.0,0.0,0.39795918367346933,0.951219512195122,1
0.3684275184275184,1.0,0.5,0.019473374216124446,0.6,0.8,0.6666666666666666,0.2857142857142857,0.2,0.0,0.0,0.0,0.0,0.5510204081632653,0.951219512195122,0
0.6491400491400491,0.6027397260273972,0.5,0.1073020822506323,0.7333333333333333,0.5333333333333333,0.0,0.2857142857142857,0.2,0.0,1.0,0.0,0.0,0.39795918367346933,0.951219512195122,0
0.47656633906633905,0.4383561643835617,0.5,0.03482728753074871,0.6,0.8,0.3333333333333333,0.2857142857142857,0.0,0.0,0.0,0.0,0.0,0.39795918367346933,0.951219512195122,1
0.3008599508599509,0.30136986301369856,0.5,0.04289852059730451,0.7333333333333333,0.5333333333333333,0.3333333333333333,0.2857142857142857,0.0,0.0,0.0,0.0,0.0,0.5510204081632653,0.951219512195122,0
0.48535012285012286,0.0410958904109589,0.5,0.09619235699684717,0.4666666666666667,0.7333333333333334,0.6666666666666666,0.8571428571428571,0.6000000000000001,0.0,1.0,0.0,0.0,0.24489795918367346,0.951219512195122,0
0.9515356265356265,0.46575342465753417,0.5,0.1228049752278003,0.5333333333333333,0.6666666666666666,0.3333333333333333,0.5714285714285714,0.0,0.0,0.0,0.0,0.0,0.5,0.2682926829268293,1
0.5808968058968059,0.5068493150684932,0.25,0.08154869556179191,0.5333333333333333,0.6666666666666666,0.3333333333333333,0.7857142857142857,0.0,0.0,0.0,0.0,0.0,0.37755102040816324,0.951219512195122,1
0.24484029484029485,0.1917808219178082,0.5,0.013383917125731904,0.6,0.8,0.6666666666666666,0.7142857142857142,0.2,0.0,1.0,0.0,0.0,0.39795918367346933,0.951219512195122,0
0.282985257985258,0.0958904109589041,0.0,0.18809271385510862,0.6,0.8,0.6666666666666666,0.0,0.6000000000000001,0.0,0.0,0.0,0.0,0.39795918367346933,0.951219512195122,0
0.5456081081081081,0.0821917808219178,0.5,0.193137234521706,0.7333333333333333,0.5333333333333333,0.6666666666666666,0.21428571428571427,0.2,0.0,0.0,0.0,0.0,0.39795918367346933,0.951219512195122,0
0.3753378378378378,0.2191780821917808,0.125,0.05309773758791532,1.0,0.6,0.6666666666666666,0.07142857142857142,0.6000000000000001,1.0,1.0,0.0,0.0,0.39795918367346933,0.951219512195122,0
0.7270884520884521,0.0547945205479452,0.5,0.07373315317188095,1.0,0.6,0.6666666666666666,0.42857142857142855,0.6000000000000001,0.0,0.0,0.0,0.0,0.39795918367346933,0.951219512195122,0
0.5355651105651106,0.46575342465753417,0.125,0.0593486470567855,0.6,0.8,0.3333333333333333,0.3571428571428571,0.0,0.0,0.0,0.051780517805178054,0.0,0.39795918367346933,0.951219512195122,1
0.408046683046683,0.0136986301369863,0.5,0.22265599556525656,0.26666666666666666,0.13333333333333336,0.6666666666666666,0.5714285714285714,0.4,0.0,0.0,0.0,0.0,0.5408163265306122,0.6341463414634146,0
0.9836916461916462,0.2602739726027397,0.25,0.07097945466514222,0.8,0.8666666666666667,0.3333333333333333,0.7142857142857142,0.0,0.0,0.0,0.0,0.0,0.5,0.951219512195122,1
0.681603194103194,0.3972602739726027,0.5,0.10022589474413608,1.0,0.6,0.3333333333333333,0.2857142857142857,0.0,0.0,0.0,0.0,0.0,0.6020408163265305,0.951219512195122,1
0.8277948402948403,0.4383561643835617,0.5,0.015308180022866645,0.13333333333333333,0.4666666666666667,0.3333333333333333,0.21428571428571427,0.0,0.0,0.0,0.0,0.0,0.39795918367346933,0.951219512195122,1
0.33366093366093363,0.547945205479452,0.5,0.13981637390430657,0.7333333333333333,0.5333333333333333,0.0,0.07142857142857142,0.2,0.0,1.0,0.0,0.0,0.39795918367346933,0.951219512195122,0
0.022113022113022112,0.2191780821917808,0.5,0.117985656376676,0.7333333333333333,0.5333333333333333,0.6666666666666666,0.5714285714285714,0.2,0.0,0.0,0.0,0.0,0.39795918367346933,0.951219512195122,0
0.7124385749385749,0.1780821917808219,0.5,0.04917576135536846,0.7333333333333333,0.5333333333333333,0.3333333333333333,0.7142857142857142,0.0,0.0,0.0,0.0,0.0,0.5510204081632653,0.951219512195122,0
0.5891277641277641,0.4931506849315069,0.5,0.19288015798773517,0.7333333333333333,0.5333333333333333,0.3333333333333333,0.5714285714285714,0.0,0.0,0.0,0.0,0.0,0.5,0.2682926829268293,1
0.8052211302211302,0.2876712328767123,0.5,0.16131725738835187,0.7333333333333333,0.5333333333333333,0.3333333333333333,0.21428571428571427,0.0,0.0,0.0,0.0,0.0,0.39795918367346933,0.6585365853658537,0
0.4442260442260442,0.32876712328767127,0.25,0.024649551328690712,0.6,0.8,0.3333333333333333,0.7857142857142857,0.0,0.0,0.0,0.0,0.0,0.39795918367346933,0.951219512195122,1
0.47745700245700246,0.4520547945205479,0.625,0.1580494058136715,0.8,0.8666666666666667,0.3333333333333333,0.8571428571428571,0.0,0.0,0.0,0.0,0.0,0.39795918367346933,0.951219512195122,1
0.9459459459459459,0.32876712328767127,0.25,0.11239718670962824,0.7333333333333333,0.5333333333333333,0.8333333333333333,0.5714285714285714,0.8,1.0,1.0,0.0,0.0,0.39795918367346933,0.951219512195122,0
0.8333845208845209,0.6027397260273972,0.5,0.1786169143886637,0.7333333333333333,0.5333333333333333,0.0,0.07142857142857142,0.2,1.0,1.0,0.0,0.0,0.39795918367346933,0.5853658536585367,0
0.6726044226044225,0.3150684931506849,0.5,0.093490628139833,0.7333333333333333,0.5333333333333333,0.3333333333333333,0.21428571428571427,0.0,0.0,0.0,0.0,0.0,0.39795918367346933,0.951219512195122,1
0.02804054054054054,0.2328767123287671,0.5,0.11335827876520112,1.0,0.6,0.6666666666666666,0.21428571428571427,0.2,0.0,0.0,0.0,0.0,0.39795918367346933,0.951219512195122,0
0.5067567567567568,0.4794520547945205,0.5,0.11550982226379794,0.6666666666666666,1.0,0.3333333333333333,0.7142857142857142,0.0,0.0,0.0,0.0,0.0,0.39795918367346933,0.0,1
0.4246007371007371,0.5068493150684932,0.75,0.13358348058067424,0.0,0.33333333333333337,0.3333333333333333,0.21428571428571427,0.0,0.0,0.0,0.0,0.0,0.3571428571428571,0.951219512195122,0
0.6695945945945946,0.1095890410958904,0.5,0.1375525759623047,0.6,0.8,0.6666666666666666,0.7142857142857142,0.6000000000000001,0.0,1.0,0.0,0.0,0.39795918367346933,0.951219512195122,0
0.5946867321867322,0.2054794520547945,0.5,0.12702560371409766,0.6,0.8,0.3333333333333333,0.8571428571428571,0.0,0.0,0.0,0.0,0.45385674931129477,0.44897959183673464,0.951219512195122,1
0.9448402948402949,0.1780821917808219,0.5,0.2074704639157399,0.06666666666666667,0.4,0.3333333333333333,0.5714285714285714,1.0,1.0,1.0,0.0,0.0,0.2959183673469387,0.951219512195122,0
0.9355036855036855,0.2054794520547945,0.875,0.10724041159962582,0.13333333333333333,0.4666666666666667,0.6666666666666666,0.07142857142857142,0.8,0.0,1.0,0.0,0.0,0.39795918367346933,0.951219512195122,0
0.3599201474201474,0.2054794520547945,0.5,0.12659529501437827,0.7333333333333333,0.5333333333333333,0.3333333333333333,0.9285714285714285,1.0,0.0,1.0,0.0,0.0,0.3571428571428571,0.951219512195122,0
0.48934275184275183,0.6575342465753424,0.5,0.11967986695769671,0.0,0.33333333333333337,1.0,0.8571428571428571,0.2,0.0,1.0,0.0,0.0,0.19387755102040813,0.951219512195122,0
0.5400798525798526,0.3424657534246575,0.5,0.23079929321276377,0.7333333333333333,0.5333333333333333,0.0,0.2857142857142857,0.2,0.0,1.0,0.0,0.0,0.39795918367346933,0.21951219512195122,0
0.35982800982800983,0.4520547945205479,0.5,0.1144732009839587,0.7333333333333333,0.5333333333333333,0.3333333333333333,0.21428571428571427,0.0,0.0,0.0,0.0,0.0,0.39795918367346933,0.951219512195122,0
0.12171375921375921,0.9041095890410957,0.0,0.16607144094515472,0.7333333333333333,0.5333333333333333,1.0,0.0,0.2,0.0,1.0,0.0,0.0,0.19387755102040813,0.951219512195122,0
0.3473280098280098,0.4383561643835617,0.5,0.16284447216159098,0.7333333333333333,0.5333333333333333,0.3333333333333333,0.21428571428571427,0.0,0.0,0.0,0.0,0.0,0.44897959183673464,0.951219512195122,1
0.7446560196560197,0.726027397260274,0.25,0.22338703530471538,0.7333333333333333,0.5333333333333333,1.0,0.07142857142857142,0.2,0.0,1.0,0.0,0.0,0.11224489795918367,0.951219512195122,0
0.28774570024570023,0.2602739726027397,0.5,0.08678377161071267,0.6,0.8,0.6666666666666666,0.07142857142857142,0.2,0.0,1.0,0.0,0.0,0.5,0.951219512195122,0
0.548495085995086,0.1506849315068493,0.5,0.014906974326993035,0.13333333333333333,0.4666666666666667,0.6666666666666666,1.0,0.2,0.0,0.0,0.0,0.0,0.5,0.951219512195122,0
0.6873771498771498,0.4246575342465753,0.5,0.15690745937705713,0.7333333333333333,0.5333333333333333,1.0,0.07142857142857142,0.8,0.0,1.0,0.0,0.0,0.39795918367346933,0.951219512195122,0
0.21775184275184276,0.32876712328767127,0.625,0.1263562346256453,0.6,0.8,0.3333333333333333,0.8571428571428571,0.0,0.0,0.0,1.0,0.0,0.6530612244897959,0.951219512195122,1
0.3961302211302211,0.4246575342465753,0.5,0.12978900322211828,0.7333333333333333,0.5333333333333333,0.3333333333333333,0.5714285714285714,0.0,0.0,0.0,0.0,0.0,0.39795918367346933,0.6341463414634146,1
0.8133599508599508,0.4383561643835617,0.5,0.06610331566365242,1.0,0.6,0.0,0.07142857142857142,0.2,0.0,1.0,0.0,0.0,0.37755102040816324,0.951219512195122,0
0.8398341523341523,0.4520547945205479,0.5,0.1787125385441569,0.6,0.8,0.3333333333333333,0.2857142857142857,0.0,0.0,0.0,0.0,0.0,0.6020408163265305,0.951219512195122,0
0.77257371007371,0.3698630136986301,0.5,0.065561445449191,0.6,0.8,0.3333333333333333,0.7142857142857142,0.0,0.0,0.0,0.0,0.0,0.6020408163265305,0.951219512195122,0
0.3633599508599509,0.4246575342465753,0.5,0.1028042822991373,1.0,0.6,0.6666666666666666,0.2857142857142857,0.2,0.0,1.0,0.0,0.0,0.39795918367346933,0.5121951219512195,1
0.413482800982801,0.3424657534246575,0.75,0.22466687454526557,0.6,0.8,0.3333333333333333,0.21428571428571427,0.0,0.0,0.0,0.15024150241502415,0.0,0.6020408163265305,0.951219512195122,1
0.4175675675675676,0.4246575342465753,0.5,0.07231126355541696,0.7333333333333333,0.5333333333333333,0.0,0.07142857142857142,0.8,0.0,1.0,0.0,0.0,0.44897959183673464,0.951219512195122,0
0.29367321867321866,0.2054794520547945,0.5,0.21626372864913557,0.6,0.8,0.6666666666666666,0.7142857142857142,0.6000000000000001,0.0,0.0,0.0,0.0,0.39795918367346933,0.951219512195122,0
0.8047297297297297,0.3972602739726027,0.5,0.1657409139729065,0.6,0.8,0.3333333333333333,0.2857142857142857,0.0,0.0,0.0,0.0,0.0,0.6020408163265305,0.951219512195122,1
0.9881756756756757,0.1917808219178082,0.125,0.2559401309635173,0.6,0.8,0.8333333333333333,0.7142857142857142,0.2,0.0,0.0,0.0,0.0,0.39795918367346933,0.951219512195122,0
0.39339680589680587,0.3698630136986301,0.5,0.18494127429581125,1.0,0.6,0.3333333333333333,0.5714285714285714,0.6000000000000001,0.0,1.0,0.0,0.0,0.39795918367346933,0.951219512195122,1
0.568058968058968,0.547945205479452,0.0,0.11406437307279216,0.7333333333333333,0.5333333333333333,0.3333333333333333,0.0,0.0,0.0,0.0,0.0,0.0,0.6020408163265305,0.951219512195122,0
0.9979115479115479,0.3424657534246575,0.75,0.14226656965665385,0.7333333333333333,0.5333333333333333,0.0,0.8571428571428571,0.6000000000000001,0.0,0.0,0.0,0.0,0.5,0.0,0
0.710534398034398,0.0,0.5,0.1018702144614212,0.06666666666666667,0.4,0.6666666666666666,0.5714285714285714,0.6000000000000001,0.0,1.0,0.0,0.0,0.19387755102040813,0.951219512195122,0
0.42493857493857495,0.2602739726027397,0.5,0.12273083186085991,0.6,0.8,0.3333333333333333,0.8571428571428571,0.0,0.0,0.0,0.0,0.45385674931129477,0.346938775510204,0.951219512195122,1
0.5217137592137592,0.3150684931506849,0.5,0.11339777569899179,0.6,0.8,0.0,0.8571428571428571,0.2,0.0,0.0,0.14084140841408413,0.0,0.39795918367346933,0.951219512195122,1
0.6648034398034398,0.3972602739726027,0.5,0.07844437515157814,0.6,0.8,0.0,0.7142857142857142,0.2,1.0,1.0,0.0,0.0,0.39795918367346933,0.951219512195122,0
0.19944717444717444,0.2602739726027397,0.5,0.10391920451789488,0.7333333333333333,0.5333333333333333,0.0,0.2857142857142857,0.8,0.0,1.0,0.0,0.0,0.39795918367346933,0.951219512195122,0
0.2861179361179361,0.41095890410958896,0.5,0.10343554031112497,0.0,0.33333333333333337,0.5,1.0,0.2,1.0,0.0,0.0,0.0,0.44897959183673464,0.951219512195122,0
0.9104422604422604,0.3972602739726027,0.5,0.09473027751792952,0.7333333333333333,0.5333333333333333,0.3333333333333333,0.8571428571428571,0.0,0.0,0.0,0.0,0.0,0.39795918367346933,0.951219512195122,1
0.6221437346437346,0.1506849315068493,0.625,0.013464989779302222,0.7333333333333333,0.5333333333333333,0.3333333333333333,0.2857142857142857,0.0,0.0,0.0,0.0,0.0,0.44897959183673464,0.951219512195122,1
0.006511056511056511,0.2465753424657534,0.5,0.09805287045698645,1.0,0.6,0.6666666666666666,0.8571428571428571,0.2,1.0,1.0,0.0,0.0,0.39795918367346933,0.951219512195122,0
0.24167690417690418,0.4520547945205479,0.125,0.03972490732079132,0.0,0.33333333333333337,0.8333333333333333,0.21428571428571427,0.2,0.0,0.0,0.0,0.0,0.5612244897959183,0.951219512195122,0
0.596990171990172,0.5616438356164384,0.0,0.1763551952326508,1.0,0.6,0.3333333333333333,0.0,0.0,0.0,0.0,1.0,0.0,0.39795918367346933,0.951219512195122,1
0.9740479115479115,0.0684931506849315,0.875,0.07806326438693137,1.0,0.6,0.6666666666666666,0.5714285714285714,0.6000000000000001,0.0,0.0,0.0,0.0,0.44897959183673464,0.951219512195122,0
0.34867936117936116,0.32876712328767127,0.5,0.07059002875653951,0.7333333333333333,0.5333333333333333,0.0,0.5,0.6000000000000001,0.0,0.0,0.0,0.0,0.39795918367346933,0.951219512195122,0
0.73009828009828,0.6849315068493149,0.25,0.11705990368291584,1.0,0.6,0.0,0.07142857142857142,0.2,1.0,1.0,0.0,0.0,0.19387755102040813,0.951219512195122,0
0.6883292383292383,0.46575342465753417,0.5,0.04869971936389148,0.7333333333333333,0.5333333333333333,0.3333333333333333,0.21428571428571427,0.0,0.0,0.0,0.0,0.0,0.5,0.951219512195122,0
0.9523648648648648,0.1917808219178082,0.5,0.11919897446557877,1.0,0.6,0.0,0.21428571428571427,0.2,0.0,0.0,0.0,0.0,0.39795918367346933,0.951219512195122,0
0.2199938574938575,0.30136986301369856,0.5,0.05060735197311437,0.9333333333333333,0.9333333333333333,0.3333333333333333,0.7142857142857142,1.0,0.0,1.0,0.07688076880768807,0.0,0.6020408163265305,0.951219512195122,1
0.29656019656019655,0.32876712328767127,0.25,0.04316668398988324,0.6,0.8,0.0,0.7142857142857142,0.8,0.0,0.0,0.0,0.0,0.6530612244897959,0.951219512195122,0
0.3369471744471744,0.5616438356164384,0.5,0.2501881301320029,0.2,0.06666666666666667,0.3333333333333333,0.3571428571428571,0.0,0.0,0.0,0.0,0.0,0.39795918367346933,0.951219512195122,0
0.5703316953316954,0.2054794520547945,0.5,0.2618383397429235,0.6,0.8,0.6666666666666666,0.7142857142857142,0.2,1.0,1.0,0.0,0.0,0.39795918367346933,0.951219512195122,0
0.35525184275184274,0.5342465753424657,0.5,0.20063749436995462,0.26666666666666666,0.13333333333333336,0.8333333333333333,0.5,0.2,0.0,0.0,0.0,0.0,0.39795918367346933,0.951219512195122,0
0.8447788697788697,0.3698630136986301,0.5,0.02177597616325399,0.6,0.8,0.6666666666666666,0.5714285714285714,0.2,0.0,0.0,0.0,0.0,0.47959183673469385,0.951219512195122,0
0.20408476658476657,0.35616438356164376,0.75,0.17973183660742129,0.7333333333333333,0.5333333333333333,0.3333333333333333,0.8571428571428571,0.0,0.0,0.0,0.0,0.0,0.44897959183673464,0.951219512195122,0
0.6443488943488943,0.1780821917808219,0.5,0.06869001836260957,0.6,0.8,0.3333333333333333,0.2857142857142857,0.0,0.0,0.0,0.0,0.0,0.44897959183673464,0.951219512195122,1
0.37896191646191646,0.0410958904109589,0.25,0.1795163357932301,0.7333333333333333,0.5333333333333333,0.6666666666666666,0.07142857142857142,0.6000000000000001,0.0,0.0,0.0,0.0,0.39795918367346933,0.951219512195122,0
0.8053132678132678,0.2602739726027397,0.5,0.24002841007518277,0.6,0.8,0.6666666666666666,0.2857142857142857,0.4,0.0,0.0,0.0,0.0,0.5,0.0,0
0.31566339066339066,0.2054794520547945,0.5,0.09773135155735717,0.6,0.8,0.3333333333333333,0.7142857142857142,0.4,0.0,0.0,0.0,0.0,0.39795918367346933,0.951219512195122,0
0.874539312039312,0.547945205479452,0.5,0.13002737068218828,0.6,0.8,0.3333333333333333,0.2857142857142857,0.0,0.0,0.0,0.0,0.0,0.39795918367346933,0.951219512195122,1
0.9233722358722358,0.2602739726027397,0.5,0.16131725738835187,1.0,0.6,0.3333333333333333,0.21428571428571427,0.0,0.0,0.0,0.03137031370313703,0.0,0.5,0.1951219512195122,0
0.7502764127764128,0.6164383561643836,0.0,0.12951737518622458,0.06666666666666667,0.4,0.0,0.0,0.2,1.0,1.0,0.0,0.0,0.39795918367346933,0.951219512195122,0
0.24815724815724816,0.0547945205479452,0.5,0.16012403423067595,0.8666666666666667,0.0,0.6666666666666666,0.3571428571428571,0.2,0.0,0.0,0.0,0.0,0.5,0.6341463414634146,0
0.9903255528255528,0.1917808219178082,0.5,0.12192842046911269,0.4666666666666667,0.7333333333333334,0.0,0.21428571428571427,0.2,0.0,0.0,0.0,0.0,0.5,0.951219512195122,1
0.03062039312039312,0.4246575342465753,0.125,0.01442954647819007,0.6,0.8,0.0,0.2857142857142857,0.8,0.0,0.0,0.0,0.0,0.5816326530612245,0.951219512195122,1
0.514066339066339,0.0273972602739726,0.5,0.03544260818348751,1.0,0.6,0.6666666666666666,0.5,0.2,0.0,1.0,0.0,0.0,0.346938775510204,0.951219512195122,0
0.5656019656019656,0.0958904109589041,0.5,0.01429927588954717,1.0,0.6,0.6666666666666666,0.3571428571428571,0.6000000000000001,0.0,0.0,0.0,0.0,0.5,0.951219512195122,0
0.12278869778869779,0.27397260273972607,0.5,0.11806326438693136,0.0,0.33333333333333337,0.3333333333333333,1.0,0.0,0.0,0.0,0.0,0.0,0.346938775510204,0.951219512195122,0
0.10239557739557739,0.1232876712328767,0.5,0.13696220074143367,0.7333333333333333,0.5333333333333333,0.6666666666666666,0.42857142857142855,0.6000000000000001,1.0,0.0,0.0,0.0,0.39795918367346933,0.951219512195122,0
0.46950245700245696,0.0684931506849315,0.5,0.06305096490316321,0.4666666666666667,0.7333333333333334,0.6666666666666666,0.07142857142857142,0.6000000000000001,0.0,1.0,0.0,0.0,0.19387755102040813,0.951219512195122,0
0.716031941031941,0.1232876712328767,0.5,0.030242178567716452,0.8,0.8666666666666667,0.6666666666666666,0.2857142857142857,0.2,0.0,1.0,0.0,0.0,0.47959183673469385,0.951219512195122,0
0.10626535626535626,0.2876712328767123,0.5,0.24425527491944704,0.7333333333333333,0.5333333333333333,0.3333333333333333,0.21428571428571427,0.0,0.0,0.0,0.0,0.0,0.39795918367346933,0.951219512195122,1
0.22423218673218673,0.6712328767123288,0.0,0.2520479506634792,0.7333333333333333,0.5333333333333333,0.3333333333333333,0.0,1.0,0.0,1.0,0.0,0.0,0.19387755102040813,0.951219512195122,0
0.3144041769041769,0.27397260273972607,0.5,0.06820358244118768,0.7333333333333333,0.5333333333333333,0.3333333333333333,0.8571428571428571,0.0,0.0,0.0,0.0,0.0,0.5,0.951219512195122,1
0.5371621621621622,0.7123287671232876,0.5,0.07805494924297543,0.26666666666666666,0.13333333333333336,0.3333333333333333,0.5,0.0,0.0,0.0,0.0,0.5204315886134068,0.39795918367346933,0.951219512195122,0
0.49232186732186733,0.0958904109589041,0.5,0.10484703599764404,0.7333333333333333,0.5333333333333333,0.6666666666666666,0.5,0.6000000000000001,0.0,0.0,0.0,0.0,0.39795918367346933,0.951219512195122,0
0.27374078624078624,0.5205479452054793,0.5,0.08099504556005958,0.7333333333333333,0.5333333333333333,0.6666666666666666,0.42857142857142855,0.2,1.0,0.0,0.0,0.0,0.39795918367346933,0.951219512195122,0
0.7523955773955774,0.5342465753424657,0.5,0.12987423344766658,0.4,0.26666666666666666,0.3333333333333333,0.21428571428571427,0.0,0.0,0.0,0.0,0.0,0.39795918367346933,0.951219512195122,0
0.9403562653562654,0.2465753424657534,0.5,0.27723660049197935,0.7333333333333333,0.5333333333333333,0.6666666666666666,0.5714285714285714,0.2,0.0,1.0,0.0,0.0,0.39795918367346933,0.951219512195122,0
0.6702088452088452,0.1095890410958904,0.5,0.23041194609015003,0.7333333333333333,0.5333333333333333,0.3333333333333333,0.5714285714285714,0.0,0.0,0.0,0.0,0.0,0.5,0.6341463414634146,0
0.5361179361179361,0.2191780821917808,0.5,0.07610504798530991,0.7333333333333333,0.5333333333333333,0.3333333333333333,0.8571428571428571,0.0,0.0,0.0,0.0,0.0,0.44897959183673464,0.951219512195122,0
0.9822174447174447,0.1232876712328767,0.5,0.028357412604372377,0.7333333333333333,0.5333333333333333,0.6666666666666666,0.5714285714285714,0.6000000000000001,0.0,0.0,0.0,0.0,0.39795918367346933,0.951219512195122,0
0.049846437346437344,0.3698630136986301,0.5,0.093490628139833,1.0,0.6,0.3333333333333333,0.2857142857142857,0.0,0.0,0.0,0.0,0.0,0.39795918367346933,0.951219512195122,0
0.04628378378378378,0.3424657534246575,0.5,0.16147455219485154,0.7333333333333333,0.5333333333333333,0.3333333333333333,0.8571428571428571,0.0,0.0,0.0,0.0,0.0,0.5,0.951219512195122,0
0.07352579852579852,0.0136986301369863,0.5,0.22920278557322524,1.0,0.6,0.6666666666666666,0.8571428571428571,0.6000000000000001,0.0,1.0,0.0,0.0,0.39795918367346933,0.951219512195122,0
0.952487714987715,0.4520547945205479,0.5,0.12164016214530714,0.8,0.8666666666666667,0.0,0.2857142857142857,0.2,0.0,0.0,0.0,0.0,0.6224489795918366,0.951219512195122,1
0.3624078624078624,0.2328767123287671,0.625,0.17574888265253094,0.7333333333333333,0.5333333333333333,0.3333333333333333,0.2857142857142857,0.0,0.0,0.0,0.0,0.0,0.39795918367346933,0.951219512195122,1
0.08046683046683047,0.32876712328767127,0.125,0.17396251255933204,0.7333333333333333,0.5333333333333333,0.3333333333333333,1.0,0.0,0.0,0.0,0.0,0.0,0.39795918367346933,0.951219512195122,1
0.767536855036855,0.1506849315068493,0.5,0.013616048227834946,1.0,0.6,0.0,0.07142857142857142,0.2,0.0,1.0,0.0,0.0,0.39795918367346933,0.951219512195122,0
0.2933660933660934,0.32876712328767127,0.875,0.06754460728268025,0.8,0.8666666666666667,0.6666666666666666,0.7142857142857142,0.2,0.0,0.0,0.0,0.0,0.39795918367346933,0.951219512195122,0
0.6870085995085995,0.2054794520547945,0.875,0.06865398607213387,0.9333333333333333,0.9333333333333333,0.3333333333333333,0.7142857142857142,0.0,0.0,0.0,0.0,0.0,0.7551020408163265,0.951219512195122,1
0.42478501228501225,0.1780821917808219,0.875,0.06919169871461733,0.7333333333333333,0.5333333333333333,0.3333333333333333,0.7857142857142857,0.0,0.0,0.0,0.0,0.0,0.39795918367346933,0.951219512195122,0
0.9307125307125307,0.3150684931506849,0.5,0.07939784499185809,0.7333333333333333,0.5333333333333333,0.0,0.5,0.2,1.0,0.0,0.0,0.0,0.39795918367346933,0.951219512195122,0
0.20153562653562654,0.3698630136986301,0.5,0.08769705158853895,1.0,0.6,0.3333333333333333,1.0,0.0,0.0,0.0,0.0,0.0,0.39795918367346933,0.951219512195122,0
0.409029484029484,0.136986301369863,0.5,0.10915705228146762,0.6,0.8,0.6666666666666666,0.8571428571428571,0.6000000000000001,0.0,0.0,0.0,0.0,0.39795918367346933,0.951219512195122,0
0.8234643734643734,0.1232876712328767,0.5,0.0748037279562069,0.6,0.8,0.6666666666666666,0.8571428571428571,0.4,0.0,0.0,0.0,0.0,0.39795918367346933,0.951219512195122,0
0.26016584766584766,0.2876712328767123,0.5,0.11255378858746491,0.6,0.8,0.3333333333333333,0.8571428571428571,0.0,0.0,0.0,0.0,0.0,0.5,0.951219512195122,1
0.09631449631449632,0.3835616438356165,0.75,0.013780272320964555,1.0,0.6,0.6666666666666666,0.3571428571428571,0.2,0.0,0.0,0.0,0.0,0.5,0.951219512195122,0
0.20482186732186733,0.1917808219178082,0.5,0.01750407095589509,0.6,0.8,0.3333333333333333,0.2857142857142857,1.0,0.0,1.0,0.0,0.43663911845730025,0.346938775510204,0.951219512195122,1
0.6330773955773955,0.1780821917808219,0.75,0.07181997713335411,0.7333333333333333,0.5333333333333333,0.6666666666666666,0.21428571428571427,0.2,0.0,0.0,1.0,0.0,0.5,0.951219512195122,1
0.7864864864864864,0.2602739726027397,0.5,0.12174618023074525,0.6,0.8,0.3333333333333333,0.7142857142857142,1.0,0.0,1.0,0.0,0.0,0.39795918367346933,0.951219512195122,0
0.8579852579852579,0.136986301369863,0.5,0.20404115996258188,0.6,0.8,0.0,0.42857142857142855,0.6000000000000001,1.0,0.0,0.0,0.0,0.39795918367346933,0.951219512195122,0
0.803009828009828,0.1917808219178082,0.5,0.17001628382358036,0.7333333333333333,0.5333333333333333,0.6666666666666666,0.7142857142857142,0.2,0.0,0.0,0.0,0.0,0.42857142857142855,0.951219512195122,0
0.532985257985258,0.0273972602739726,0.5,0.0664255274919447,1.0,0.6,0.6666666666666666,0.07142857142857142,0.6000000000000001,0.0,1.0,0.0,0.0,0.14285714285714282,0.951219512195122,0
0.7080466830466831,0.6986301369863013,0.125,0.28391227523126494,0.7333333333333333,0.5333333333333333,0.0,0.7142857142857142,0.2,0.0,1.0,0.0,0.8455004591368228,0.39795918367346933,0.951219512195122,0
0.9730651105651106,0.0136986301369863,0.5,0.1581665107577175,0.06666666666666667,0.4,0.6666666666666666,0.5714285714285714,0.6000000000000001,0.0,1.0,0.0,0.0,0.19387755102040813,0.951219512195122,0
0.4644963144963145,0.3835616438356165,0.5,0.061927727540449715,0.0,0.33333333333333337,0.6666666666666666,0.5,0.2,1.0,0.0,0.0,0.0,0.39795918367346933,0.975609756097561,0
0.41695331695331694,0.1095890410958904,0.5,0.2313508644285071,0.7333333333333333,0.5333333333333333,0.6666666666666666,0.21428571428571427,0.2,0.0,0.0,0.0,0.0,0.39795918367346933,0.951219512195122,0
0.6343673218673218,0.5205479452054793,0.5,0.009999653535668502,0.0,0.33333333333333337,0.6666666666666666,1.0,0.2,0.0,0.0,0.0,0.0,0.6020408163265305,0.951219512195122,0
0.023832923832923833,0.2602739726027397,0.5,0.027407407407407408,1.0,0.6,0.0,0.07142857142857142,0.8,0.0,1.0,0.0,0.0,0.39795918367346933,0.951219512195122,0
0.16372850122850122,0.4931506849315069,0.5,0.1830925406229429,0.6,0.8,0.6666666666666666,0.2857142857142857,0.6000000000000001,0.0,0.0,0.0,0.0,0.39795918367346933,0.12195121951219512,0
0.8257678132678132,0.2602739726027397,0.625,0.15923154211273952,0.9333333333333333,0.9333333333333333,0.3333333333333333,0.7142857142857142,0.0,0.0,0.0,0.0,0.0,0.8061224489795917,0.951219512195122,1
0.5518734643734644,0.5890410958904109,0.5,0.15703703703703706,0.6,0.8,0.3333333333333333,0.8571428571428571,0.0,0.0,0.0,0.0,0.0,0.4591836734693877,0.951219512195122,1
0.5754606879606879,0.0684931506849315,0.5,0.06818348750996085,0.7333333333333333,0.5333333333333333,0.6666666666666666,0.07142857142857142,0.6000000000000001,0.0,0.0,0.0,0.0,0.19387755102040813,0.951219512195122,0
0.5549447174447174,0.3150684931506849,0.5,0.09632332051415307,0.7333333333333333,0.5333333333333333,0.0,0.42857142857142855,0.2,0.0,1.0,0.0,0.0,0.47959183673469385,0.951219512195122,0
0.4718058968058968,0.3972602739726027,0.5,0.1028042822991373,0.6,0.8,1.0,0.9285714285714285,0.8,0.0,1.0,0.0,0.0,0.37755102040816324,0.951219512195122,0
0.655497542997543,0.8493150684931505,0.5,0.17588885424245576,0.6,0.8,0.3333333333333333,0.8571428571428571,0.0,0.0,0.0,0.0,0.0,0.39795918367346933,0.951219512195122,0
0.01035012285012285,0.4383561643835617,0.5,0.04082042753698507,0.8,0.8666666666666667,0.6666666666666666,0.7142857142857142,0.2,0.0,0.0,0.0,0.0,0.6020408163265305,0.951219512195122,0
0.5923525798525798,0.1643835616438356,0.5,0.07341232720091466,0.7333333333333333,0.5333333333333333,0.6666666666666666,0.8571428571428571,0.2,0.0,1.0,0.0,0.0,0.346938775510204,0.951219512195122,0
0.5035626535626535,0.0547945205479452,0.5,0.20337179087412952,0.7333333333333333,0.5333333333333333,0.6666666666666666,0.42857142857142855,0.8,0.0,0.0,0.0,0.0,0.44897959183673464,0.951219512195122,0
0.09342751842751842,0.3150684931506849,0.0,0.18095139105429098,0.5333333333333333,0.6666666666666666,0.3333333333333333,0.0,0.0,0.0,0.0,0.0,0.0,0.14285714285714282,0.951219512195122,0
0.6690724815724816,0.35616438356164376,0.5,0.03306378408342861,1.0,0.6,0.3333333333333333,0.8571428571428571,0.0,0.0,0.0,0.0,0.0,0.39795918367346933,0.951219512195122,1
0.3689189189189189,0.2054794520547945,0.125,0.10561757267089353,0.7333333333333333,0.5333333333333333,0.3333333333333333,0.07142857142857142,1.0,0.0,1.0,0.0,0.0,0.39795918367346933,0.951219512195122,1
0.6099201474201474,0.2328767123287671,0.5,0.15998336971208815,0.6,0.8,0.3333333333333333,0.5714285714285714,0.0,0.0,0.0,0.0,0.0,0.2959183673469387,0.951219512195122,1
0.1171990171990172,0.1643835616438356,0.25,0.11293143470879673,0.8,0.8666666666666667,0.3333333333333333,0.7142857142857142,0.4,0.0,0.0,0.0,0.0,0.346938775510204,0.951219512195122,0
0.48848280098280095,0.6164383561643836,0.75,0.10231368880573745,0.7333333333333333,0.5333333333333333,0.3333333333333333,0.3571428571428571,0.0,0.0,0.0,0.0,0.0,0.346938775510204,0.951219512195122,0
0.28777641277641275,0.2602739726027397,0.5,0.1163184700135121,0.13333333333333333,0.4666666666666667,0.0,0.42857142857142855,0.2,0.0,0.0,0.0,0.0,0.39795918367346933,0.951219512195122,0
0.47985257985257984,0.1643835616438356,0.5,0.008507085195579115,0.6,0.8,0.0,0.5714285714285714,0.8,1.0,1.0,0.0,0.0,0.39795918367346933,0.951219512195122,0
0.24914004914004914,0.4246575342465753,0.5,0.05471780480199563,0.3333333333333333,0.2,0.3333333333333333,0.5714285714285714,0.0,1.0,0.0,0.0,0.0,0.2959183673469387,0.07317073170731708,0
0.5573710073710073,0.2602739726027397,0.5,0.2802619270346118,0.4666666666666667,0.7333333333333334,0.0,0.2857142857142857,0.2,0.0,0.0,0.0,0.0,0.47959183673469385,0.951219512195122,0
0.6768427518427518,0.136986301369863,0.5,0.12886602224301008,0.6,0.8,0.6666666666666666,0.8571428571428571,0.6000000000000001,0.0,0.0,0.0,0.0,0.346938775510204,0.951219512195122,0
0.860012285012285,0.2054794520547945,0.5,0.06284932266223192,0.26666666666666666,0.13333333333333336,0.3333333333333333,0.5,1.0,1.0,1.0,0.0,0.0,0.39795918367346933,0.6097560975609756,1
0.033476658476658476,0.32876712328767127,0.125,0.08368845927311783,0.4666666666666667,0.7333333333333334,0.3333333333333333,0.7142857142857142,0.0,0.0,0.0,0.0,0.0,0.39795918367346933,0.951219512195122,1
0.18897420147420146,0.27397260273972607,0.75,0.09848248622804281,0.8,0.8666666666666667,0.6666666666666666,0.2857142857142857,0.2,0.0,0.0,0.0,0.0,0.39795918367346933,0.951219512195122,0
0.9225429975429975,0.1506849315068493,0.5,0.07164328032429061,0.4666666666666667,0.7333333333333334,0.6666666666666666,0.07142857142857142,0.6000000000000001,0.0,0.0,0.0,0.0,0.31632653061224486,0.951219512195122,0
0.2760135135135135,0.35616438356164376,0.5,0.11476284516509025,0.7333333333333333,0.5333333333333333,0.3333333333333333,0.42857142857142855,0.0,0.0,0.0,0.03908039080390804,0.0,0.39795918367346933,0.951219512195122,0
0.3106879606879607,0.46575342465753417,0.5,0.10352769982330319,0.7333333333333333,0.5333333333333333,0.3333333333333333,0.07142857142857142,1.0,0.0,1.0,0.0,0.0,0.39795918367346933,0.951219512195122,0
0.34815724815724813,0.32876712328767127,0.875,0.35044520666597373,0.6,0.8,0.6666666666666666,0.7857142857142857,0.2,1.0,0.0,0.0,0.36501377410468316,0.39795918367346933,0.8048780487804879,0
0.12063882063882063,0.2602739726027397,0.5,0.1652676436960815,0.7333333333333333,0.5333333333333333,0.3333333333333333,0.42857142857142855,0.0,0.0,0.0,0.0,0.0,0.47959183673469385,0.951219512195122,0
0.6471130221130221,0.0410958904109589,0.5,0.10311263555416969,1.0,0.6,0.6666666666666666,0.07142857142857142,0.6000000000000001,0.0,0.0,0.0,0.0,0.13265306122448978,0.951219512195122,0
0.8205773955773955,0.0684931506849315,0.5,0.11366524616290753,0.3333333333333333,0.2,0.6666666666666666,0.5714285714285714,0.8,0.0,1.0,0.0,0.0,0.39795918367346933,0.6341463414634146,0
0.25006142506142504,0.2876712328767123,0.25,0.04891729896407165,0.6,0.8,0.3333333333333333,0.7142857142857142,1.0,0.0,1.0,0.0,0.0,0.14285714285714282,0.951219512195122,0
0.3898648648648649,0.35616438356164376,0.5,0.01458337664137477,0.6,0.8,0.3333333333333333,0.8571428571428571,0.0,0.0,0.0,0.0,0.0,0.5510204081632653,0.951219512195122,0
0.8313574938574938,0.136986301369863,0.875,0.12477566434535566,0.6,0.8,0.6666666666666666,0.7142857142857142,0.2,0.0,0.0,0.0,0.0,0.5,0.951219512195122,0
0.6722358722358722,0.0,0.5,0.11003360704015522,0.13333333333333333,0.4666666666666667,0.6666666666666666,0.42857142857142855,0.6000000000000001,0.0,0.0,0.0,0.0,0.19387755102040813,0.951219512195122,0
0.865448402948403,0.0547945205479452,0.5,0.22127013823926828,1.0,0.6,0.3333333333333333,0.5714285714285714,0.0,0.0,0.0,0.0,0.0,0.5,0.951219512195122,0
0.9454238329238329,0.2602739726027397,0.5,0.07919065932162284,0.7333333333333333,0.5333333333333333,0.3333333333333333,0.7142857142857142,0.0,0.0,0.0,0.0,0.0,0.44897959183673464,0.17073170731707318,1
0.7327088452088452,0.3424657534246575,0.875,0.24599452586356235,1.0,0.6,0.3333333333333333,0.7857142857142857,0.0,0.0,0.0,0.0,0.0,0.39795918367346933,0.951219512195122,1
0.09017199017199017,0.2328767123287671,0.5,0.3458240654124658,1.0,0.6,0.6666666666666666,0.5714285714285714,0.6000000000000001,1.0,0.0,0.0,0.0,0.39795918367346933,0.951219512195122,0
0.8567567567567568,0.1232876712328767,0.5,0.16264490870664866,0.7333333333333333,0.5333333333333333,0.3333333333333333,0.2857142857142857,0.0,0.0,0.0,0.0,0.0,0.520408163265306,0.951219512195122,0
0.04351965601965602,0.1917808219178082,0.5,0.11565048678238575,0.6,0.8,0.3333333333333333,0.8571428571428571,0.0,1.0,0.0,0.0,0.0,0.9081632653061223,0.951219512195122,1
0.12585995085995086,0.0273972602739726,0.5,0.28977306586286944,0.06666666666666667,0.4,0.6666666666666666,0.42857142857142855,0.6000000000000001,0.0,0.0,0.0,0.0,0.39795918367346933,0.951219512195122,0
0.5451167076167076,0.0958904109589041,0.5,0.06796660083844368,0.13333333333333333,0.4666666666666667,0.6666666666666666,0.5,0.8,0.0,0.0,0.0,0.0,0.39795918367346933,0.6341463414634146,0
0.9233108108108108,0.1506849315068493,0.5,0.39670512420746284,0.5333333333333333,0.6666666666666666,0.3333333333333333,0.5714285714285714,0.0,0.0,0.0,0.0,0.0,0.39795918367346933,0.951219512195122,1
0.01855036855036855,0.2465753424657534,0.75,0.12619547517583066,0.4666666666666667,0.7333333333333334,0.6666666666666666,0.3571428571428571,0.2,0.0,0.0,0.0,0.0,0.39795918367346933,0.951219512195122,0
0.10224201474201473,0.5753424657534245,0.5,0.07050341267366525,0.6,0.8,0.0,0.07142857142857142,0.8,0.0,1.0,0.0,0.0,0.39795918367346933,0.951219512195122,0
0.5122542997542997,0.0410958904109589,0.0,0.015269376017738973,1.0,0.6,0.6666666666666666,0.0,0.6000000000000001,0.0,1.0,0.0,0.0,0.2959183673469387,0.951219512195122,0
0.9309889434889435,0.1232876712328767,0.0,0.1746284170044694,1.0,0.6,0.3333333333333333,0.0,1.0,0.0,1.0,0.0,0.0,0.19387755102040813,0.951219512195122,0
0.5117628992628992,0.2465753424657534,0.5,0.08888819596022589,0.6,0.8,0.3333333333333333,0.8571428571428571,0.0,0.0,0.0,0.0,0.0,0.39795918367346933,0.951219512195122,1
0.5869164619164619,0.32876712328767127,0.5,0.1375872223954544,1.0,0.6,0.5,0.8571428571428571,0.8,1.0,1.0,0.0,0.0,0.39795918367346933,0.951219512195122,0
0.3692260442260442,0.27397260273972607,0.5,0.1440959013269584,0.6,0.8,0.3333333333333333,0.2857142857142857,0.0,0.0,0.0,0.051780517805178054,0.0,0.39795918367346933,0.951219512195122,1
0.6379606879606879,0.7397260273972601,0.5,0.12558985552437377,0.06666666666666667,0.4,0.6666666666666666,0.6428571428571428,0.2,0.0,1.0,0.0,0.0,0.7551020408163265,0.951219512195122,0
0.9843366093366093,0.4383561643835617,0.5,0.03748744066798323,0.7333333333333333,0.5333333333333333,0.3333333333333333,0.8571428571428571,0.0,0.0,0.0,0.05013050130501305,0.0,0.39795918367346933,0.951219512195122,0
0.4808046683046683,0.2876712328767123,0.5,0.13586460173925097,0.5333333333333333,0.6666666666666666,0.3333333333333333,0.8571428571428571,0.0,0.0,0.0,0.0,0.0,0.39795918367346933,0.951219512195122,0
0.3422911547911548,0.0,0.5,0.11833904999480303,0.0,0.33333333333333337,0.6666666666666666,0.5714285714285714,0.6000000000000001,0.0,1.0,0.0,0.0,0.39795918367346933,0.951219512195122,0
0.147512285012285,0.136986301369863,0.5,0.07739943872778297,0.4666666666666667,0.7333333333333334,0.6666666666666666,0.5714285714285714,0.2,1.0,1.0,0.0,0.0,0.346938775510204,0.7317073170731707,0
0.6420454545454545,0.1095890410958904,0.5,0.10338010601808544,0.6,0.8,0.6666666666666666,0.7142857142857142,0.2,1.0,1.0,0.0,0.0,0.39795918367346933,0.951219512195122,0
0.5224508599508599,0.136986301369863,0.5,0.11250389772372933,0.7333333333333333,0.5333333333333333,0.6666666666666666,0.07142857142857142,0.6000000000000001,0.0,1.0,0.0,0.0,0.39795918367346933,0.951219512195122,0
0.8736486486486487,0.6027397260273972,0.125,0.14527803762602642,1.0,0.6,0.3333333333333333,0.07142857142857142,0.0,0.0,0.0,0.09386093860938609,0.0,0.39795918367346933,0.951219512195122,1
0.7698710073710073,0.0136986301369863,0.0,0.04073796902608876,0.7333333333333333,0.5333333333333333,0.6666666666666666,0.0,0.6000000000000001,0.0,0.0,0.0,0.0,0.39795918367346933,0.951219512195122,0
0.019901719901719902,0.5616438356164384,0.0,0.10139347954128122,0.7333333333333333,0.5333333333333333,0.3333333333333333,0.0,0.0,0.0,0.0,0.0,0.0,0.5,0.951219512195122,0
0.1343058968058968,0.2465753424657534,0.5,0.06849114783633024,0.0,0.33333333333333337,0.6666666666666666,0.07142857142857142,0.6000000000000001,0.0,0.0,0.0,0.0,0.39795918367346933,0.951219512195122,0
0.44557739557739556,0.1643835616438356,0.75,0.09024287149637944,0.7333333333333333,0.5333333333333333,0.3333333333333333,0.5,0.0,0.0,0.0,0.0,0.0,0.39795918367346933,0.951219512195122,0
0.1839066339066339,0.35616438356164376,0.5,0.10374389356615736,1.0,0.6,0.0,0.5,0.2,0.0,0.0,0.0,0.0,0.39795918367346933,0.951219512195122,0
0.1761056511056511,0.4383561643835617,0.5,0.13039947337421615,0.2,0.06666666666666667,0.3333333333333333,0.21428571428571427,0.0,0.0,0.0,0.0,0.0,0.39795918367346933,0.7804878048780488,0
0.47355651105651103,0.1506849315068493,0.5,0.08843017011398677,0.6,0.8,0.6666666666666666,0.5,0.8,1.0,1.0,0.0,0.0,0.39795918367346933,0.951219512195122,0
0.17678132678132677,0.4520547945205479,0.5,0.0395385095104459,0.5333333333333333,0.6666666666666666,0.3333333333333333,1.0,0.0,0.0,0.0,0.03103031030310303,0.0,0.5510204081632653,0.951219512195122,1
0.319041769041769,0.136986301369863,0.5,0.2758313411634272,0.7333333333333333,0.5333333333333333,0.3333333333333333,0.21428571428571427,0.0,0.0,0.0,0.0,0.0,0.39795918367346933,0.951219512195122,0
0.4195945945945946,0.6164383561643836,0.5,0.05286629941447528,0.7333333333333333,0.5333333333333333,0.6666666666666666,0.07142857142857142,0.2,0.0,1.0,0.0,0.0,0.37755102040816324,0.951219512195122,0
0.2606265356265356,0.1095890410958904,0.5,0.2895049024702907,1.0,0.6,0.6666666666666666,1.0,0.2,1.0,0.0,0.0,0.0,0.39795918367346933,0.951219512195122,0
0.24063267813267813,0.3424657534246575,0.25,0.005138066036101584,0.6,0.8,0.3333333333333333,0.7142857142857142,1.0,0.0,1.0,0.0,0.0,0.5,0.951219512195122,1
0.4455159705159705,0.547945205479452,0.75,0.1745230918476943,0.7333333333333333,0.5333333333333333,0.3333333333333333,0.3571428571428571,0.0,0.0,0.0,0.0,0.0,0.44897959183673464,0.951219512195122,0
0.831941031941032,0.2328767123287671,0.5,0.11357100786474032,0.6,0.8,0.6666666666666666,0.2857142857142857,0.2,0.0,0.0,0.0,0.39967860422405876,0.39795918367346933,0.951219512195122,0
0.538943488943489,0.6438356164383561,0.125,0.20032429061428128,0.4666666666666667,0.7333333333333334,0.3333333333333333,0.2857142857142857,0.0,0.0,0.0,0.09386093860938609,0.0,0.44897959183673464,0.951219512195122,1
0.7439189189189189,0.5616438356164384,0.5,0.132661192530229,0.7333333333333333,0.5333333333333333,0.0,0.2857142857142857,0.8,0.0,1.0,0.0,0.0,0.39795918367346933,0.951219512195122,0
0.4560810810810811,0.0958904109589041,0.75,0.09061913176038526,0.7333333333333333,0.5333333333333333,0.6666666666666666,0.5714285714285714,0.6000000000000001,0.0,0.0,0.0,0.0,0.2959183673469387,0.951219512195122,0
0.41486486486486485,0.46575342465753417,0.875,0.12624467311090323,1.0,0.6,0.0,0.7142857142857142,0.2,0.0,1.0,0.0,0.0,0.39795918367346933,0.951219512195122,0
0.415970515970516,0.1917808219178082,0.5,0.07004053632678515,0.4666666666666667,0.7333333333333334,0.3333333333333333,0.5,0.0,0.0,0.0,0.0,0.0,0.5510204081632653,0.951219512195122,0
0.5163083538083538,0.3972602739726027,0.25,0.11622146000069293,0.6,0.8,0.3333333333333333,0.7142857142857142,1.0,0.0,1.0,0.0,0.0,0.39795918367346933,0.951219512195122,1
0.5114250614250614,0.1917808219178082,0.5,0.08052385406922358,0.7333333333333333,0.5333333333333333,0.0,0.5714285714285714,0.2,0.0,1.0,0.0,0.0,0.24489795918367346,0.951219512195122,0
0.8851351351351351,0.41095890410958896,0.5,0.04051484599660465,0.7333333333333333,0.5333333333333333,0.3333333333333333,0.21428571428571427,0.0,0.0,0.0,0.0,0.0,0.39795918367346933,0.951219512195122,0
0.41566339066339064,0.4520547945205479,0.0,0.051954405293974985,0.7333333333333333,0.5333333333333333,0.3333333333333333,0.0,0.0,0.0,0.0,0.0,0.0,0.5510204081632653,0.951219512195122,1
0.4188574938574938,0.30136986301369856,0.5,0.3371097945466514,0.7333333333333333,0.5333333333333333,0.0,0.07142857142857142,0.2,0.0,0.0,0.0,0.0,0.39795918367346933,0.951219512195122,0
0.07561425061425062,0.6438356164383561,0.5,0.21278869140421994,0.6,0.8,0.3333333333333333,0.2857142857142857,0.0,0.0,0.0,0.15024150241502415,0.0,0.39795918367346933,0.951219512195122,1
0.03885135135135135,0.1917808219178082,0.5,0.10484634306898105,0.7333333333333333,0.5333333333333333,0.6666666666666666,0.8571428571428571,0.2,0.0,1.0,0.0,0.0,0.44897959183673464,0.951219512195122,0
0.6161240786240786,0.5342465753424657,0.5,0.09403319128295741,1.0,0.6,0.5,1.0,0.2,0.0,0.0,0.0,0.0,0.39795918367346933,0.951219512195122,0
0.7357186732186732,0.1917808219178082,0.5,0.0913134462807054,0.7333333333333333,0.5333333333333333,0.3333333333333333,0.21428571428571427,0.0,0.0,0.0,0.0,0.0,0.47959183673469385,0.951219512195122,1
0.29815724815724814,0.0273972602739726,0.0,0.0804961369227038,0.7333333333333333,0.5333333333333333,0.6666666666666666,0.0,0.6000000000000001,0.0,1.0,0.0,0.0,0.2755102040816326,0.951219512195122,0
0.15491400491400492,0.5205479452054793,0.5,0.013595260367945118,0.8,0.8666666666666667,0.3333333333333333,0.2857142857142857,0.0,0.0,0.0,0.0,0.45385674931129477,0.39795918367346933,0.951219512195122,1
0.7227272727272727,0.0958904109589041,0.5,0.07253785122821606,0.6,0.8,0.6666666666666666,0.2857142857142857,0.2,0.0,0.0,0.0,0.0,0.44897959183673464,0.951219512195122,0
0.22536855036855036,0.136986301369863,0.5,0.2847694279873887,1.0,0.6,0.3333333333333333,0.2857142857142857,0.0,0.0,0.0,0.0,0.0,0.6020408163265305,0.951219512195122,0
0.3800061425061425,0.0,0.0,0.0913480927138551,0.0,0.33333333333333337,0.6666666666666666,0.0,0.6000000000000001,0.0,0.0,0.0,0.0,0.39795918367346933,0.951219512195122,0
0.19735872235872234,0.3424657534246575,0.5,0.09536361431590618,1.0,0.6,0.3333333333333333,0.8571428571428571,0.0,0.0,0.0,0.0,0.0,0.24489795918367346,0.951219512195122,1
0.3816339066339066,0.0273972602739726,0.5,0.16284724387624294,0.13333333333333333,0.4666666666666667,0.5,0.5714285714285714,0.6000000000000001,1.0,1.0,0.0,0.0,0.19387755102040813,0.951219512195122,0
0.6316953316953317,0.7671232876712328,0.5,0.22431625264179053,0.6,0.8,0.3333333333333333,0.7142857142857142,0.0,0.0,0.0,0.0,0.5156106519742883,0.39795918367346933,0.951219512195122,1
0.46495700245700244,0.0684931506849315,0.5,0.22167411564979386,1.0,0.6,0.6666666666666666,0.5714285714285714,0.6000000000000001,1.0,0.0,0.0,0.0,0.39795918367346933,0.951219512195122,0
0.4296990171990172,0.2191780821917808,0.5,0.09943249142500779,0.9333333333333333,0.9333333333333333,0.6666666666666666,0.7142857142857142,0.2,0.0,0.0,0.0,0.0,0.39795918367346933,0.951219512195122,1
0.5804668304668305,0.3698630136986301,0.5,0.15253854415687906,0.7333333333333333,0.5333333333333333,0.5,1.0,0.2,1.0,0.0,0.0,0.0,0.31632653061224486,0.04878048780487805,0
0.016154791154791154,0.3424657534246575,0.5,0.14474378962685794,0.6,0.8,0.3333333333333333,0.2857142857142857,0.0,0.0,0.0,0.0,0.0,0.39795918367346933,0.951219512195122,1
0.2036240786240786,0.0410958904109589,0.5,0.14916606035408655,1.0,0.6,0.5,0.8571428571428571,0.6000000000000001,1.0,1.0,0.0,0.0,0.173469387755102,0.951219512195122,0
0.7949631449631449,0.4794520547945205,0.125,0.12457471503308733,1.0,0.6,0.8333333333333333,0.2857142857142857,0.2,0.0,1.0,0.0,0.0,0.39795918367346933,0.951219512195122,0
0.5863329238329238,0.0273972602739726,0.5,0.18051831063991963,0.13333333333333333,0.4666666666666667,0.6666666666666666,0.07142857142857142,0.6000000000000001,0.0,1.0,0.0,0.0,0.24489795918367346,0.951219512195122,0
0.482002457002457,0.2191780821917808,0.5,0.11829331670304542,1.0,0.6,0.6666666666666666,0.5714285714285714,0.2,0.0,0.0,0.0,0.0,0.2346938775510204,0.951219512195122,0
0.31894963144963145,0.1917808219178082,0.25,0.16032983404358522,0.7333333333333333,0.5333333333333333,0.3333333333333333,0.7857142857142857,0.0,0.0,0.0,0.0,0.0,0.4081632653061224,0.951219512195122,1
0.0006756756756756757,0.2465753424657534,0.125,0.04473547448290198,0.4,0.26666666666666666,0.3333333333333333,0.3571428571428571,0.0,1.0,0.0,0.0,0.0,0.39795918367346933,0.951219512195122,0
0.5921990171990171,0.3698630136986301,0.5,0.09953573779579392,0.8,0.8666666666666667,0.3333333333333333,0.7142857142857142,0.0,0.0,0.0,0.07688076880768807,0.0,0.5510204081632653,0.951219512195122,1
0.3341216216216216,0.46575342465753417,0.5,0.07672521913868967,0.6,0.8,0.0,0.2857142857142857,0.2,0.0,0.0,0.0,0.587465564738292,0.5,0.951219512195122,1
0.08928132678132678,0.2191780821917808,0.25,0.17306378408342862,0.7333333333333333,0.5333333333333333,0.0,0.07142857142857142,0.6000000000000001,0.0,1.0,0.0,0.2612488521579431,0.39795918367346933,0.951219512195122,0
0.5072481572481572,0.3835616438356165,0.5,0.09442123133423413,1.0,0.6,0.0,0.21428571428571427,0.2,0.0,0.0,0.27828278282782826,0.0,0.5612244897959183,0.951219512195122,1
0.005436117936117936,0.2328767123287671,0.5,0.3267103211724353,0.7333333333333333,0.5333333333333333,0.6666666666666666,0.42857142857142855,0.2,1.0,0.0,0.0,0.0,0.39795918367346933,0.951219512195122,0
0.9707923832923833,0.4246575342465753,0.5,0.0807338114541108,0.4666666666666667,0.7333333333333334,0.3333333333333333,0.2857142857142857,0.0,0.0,0.0,0.0,0.0,0.39795918367346933,0.951219512195122,1
0.08581081081081081,0.1506849315068493,0.5,0.12466826040259156,0.6,0.8,0.3333333333333333,0.7142857142857142,0.0,0.0,0.0,0.0,0.0,0.39795918367346933,0.0,0
0.7141277641277641,0.0821917808219178,0.5,0.08503066209333748,0.7333333333333333,0.5333333333333333,0.0,0.5714285714285714,0.8,0.0,1.0,0.0,0.0,0.8061224489795917,0.951219512195122,0
0.41038083538083536,0.3150684931506849,0.5,0.2517534559817067,0.7333333333333333,0.5333333333333333,0.0,0.07142857142857142,0.8,1.0,0.0,0.0,0.0,0.39795918367346933,0.951219512195122,0
0.4983108108108108,0.547945205479452,0.5,0.08579981290926099,0.4,0.26666666666666666,0.3333333333333333,0.21428571428571427,0.0,1.0,0.0,0.0,0.0,0.39795918367346933,0.951219512195122,1
0.32923832923832924,0.2054794520547945,0.5,0.13513217614246614,0.7333333333333333,0.5333333333333333,0.6666666666666666,0.42857142857142855,0.2,0.0,1.0,0.0,0.0,0.39795918367346933,0.951219512195122,0
0.9769041769041769,0.4931506849315069,0.5,0.3174188407303468,0.4666666666666667,0.7333333333333334,0.0,0.07142857142857142,0.8,0.0,1.0,0.0,0.0,0.47959183673469385,0.951219512195122,0
0.22143734643734644,0.6301369863013697,0.5,0.08526764369608149,0.7333333333333333,0.5333333333333333,0.3333333333333333,0.07142857142857142,0.0,1.0,0.0,0.02105021050210502,0.0,0.39795918367346933,0.975609756097561,0
0.7846437346437346,0.46575342465753417,0.5,0.4583577590687039,0.5333333333333333,0.6666666666666666,0.3333333333333333,0.2857142857142857,0.0,0.0,0.0,0.0,0.0,0.5,0.951219512195122,1
0.37484643734643736,0.6027397260273972,0.5,0.11650417489519453,0.7333333333333333,0.5333333333333333,0.3333333333333333,1.0,0.0,0.0,0.0,0.0,0.0,0.39795918367346933,0.951219512195122,1
0.9040847665847666,0.35616438356164376,0.5,0.3776904687662405,0.0,0.33333333333333337,0.3333333333333333,1.0,0.0,0.0,0.0,0.0,0.0,0.39795918367346933,1.0,0
0.04745085995085995,0.136986301369863,0.5,0.10797353012507362,0.6,0.8,0.3333333333333333,0.21428571428571427,0.0,0.0,0.0,0.0,0.0,0.39795918367346933,0.951219512195122,0
0.8446560196560197,0.0,0.5,0.18383258843502062,0.06666666666666667,0.4,0.6666666666666666,0.42857142857142855,0.6000000000000001,0.0,0.0,0.0,0.0,0.14285714285714282,0.951219512195122,0
0.031142506142506143,0.2876712328767123,0.5,0.11150815923500676,0.8,0.8666666666666667,0.3333333333333333,0.7142857142857142,0.0,0.0,0.0,0.0,0.0,0.24489795918367346,0.951219512195122,0
0.40039926289926286,0.4520547945205479,0.5,0.18778089595676126,0.3333333333333333,0.2,0.3333333333333333,0.5,0.0,1.0,0.0,0.0,0.0,0.39795918367346933,0.951219512195122,0
0.8486486486486486,0.0958904109589041,0.5,0.04146069362159165,0.6,0.8,0.6666666666666666,0.07142857142857142,0.6000000000000001,0.0,0.0,0.022020220202202023,0.0,0.2959183673469387,0.951219512195122,0
0.25365479115479117,0.0821917808219178,0.5,0.12713993694349168,0.7333333333333333,0.5333333333333333,0.6666666666666666,0.21428571428571427,0.2,0.0,0.0,0.0,0.0,0.39795918367346933,0.951219512195122,0
0.8280405405405405,0.4246575342465753,0.5,0.1273755326889097,0.7333333333333333,0.5333333333333333,0.0,0.07142857142857142,0.2,0.0,1.0,0.0,0.0,0.2959183673469387,0.951219512195122,0
0.7245085995085995,0.6027397260273972,0.625,0.05963690538059106,0.6666666666666666,1.0,0.3333333333333333,0.2857142857142857,0.0,1.0,0.0,0.0,0.0,0.39795918367346933,0.8780487804878049,1
0.10543611793611793,0.27397260273972607,0.5,0.0694792641097599,0.7333333333333333,0.5333333333333333,0.3333333333333333,0.8571428571428571,0.0,0.0,0.0,0.0,0.0,0.44897959183673464,0.951219512195122,0
0.3296068796068796,0.2054794520547945,0.75,0.08484357135432907,0.7333333333333333,0.5333333333333333,0.3333333333333333,0.5,0.0,0.0,0.0,0.0,0.0,0.39795918367346933,0.951219512195122,0
0.3635135135135135,0.4383561643835617,0.125,0.3979988220212729,0.6,0.8,0.3333333333333333,0.2857142857142857,0.0,0.0,0.0,0.07298072980729807,0.0,0.39795918367346933,0.951219512195122,1
0.4183353808353808,0.2191780821917808,0.5,0.06391573987457991,0.7333333333333333,0.5333333333333333,0.3333333333333333,0.42857142857142855,0.0,0.0,0.0,0.0,0.0,0.39795918367346933,0.951219512195122,0
0.7823402948402948,0.0273972602739726,0.75,0.08681911097252537,0.7333333333333333,0.5333333333333333,0.6666666666666666,0.5714285714285714,0.6000000000000001,0.0,0.0,0.0,0.0,0.5306122448979591,0.951219512195122,0
0.9451167076167076,0.2876712328767123,0.125,0.1237639884973842,0.6,0.8,0.3333333333333333,0.7142857142857142,0.0,0.0,0.0,0.0,0.0,0.39795918367346933,0.0,1
0.7321253071253071,0.2054794520547945,0.5,0.17314069916502098,0.7333333333333333,0.5333333333333333,0.0,0.21428571428571427,0.8,0.0,0.0,0.0,0.0,0.346938775510204,0.951219512195122,0
0.8240786240786241,0.46575342465753417,0.5,0.13415029622700345,1.0,0.6,0.3333333333333333,0.9285714285714285,1.0,0.0,1.0,0.0,0.0,0.39795918367346933,0.951219512195122,1
0.7769348894348894,0.7123287671232876,0.125,0.09116446661816166,0.06666666666666667,0.4,1.0,0.07142857142857142,0.2,0.0,1.0,0.0,0.0,0.19387755102040813,0.951219512195122,0
0.05021498771498771,0.547945205479452,0.5,0.11340262619963275,1.0,0.6,0.3333333333333333,0.2857142857142857,0.0,0.0,0.0,0.0,0.0,0.5,0.951219512195122,1
0.4784398034398034,0.2602739726027397,0.5,0.012146346533624364,0.06666666666666667,0.4,0.3333333333333333,0.21428571428571427,0.0,0.0,0.0,0.0,0.0,0.39795918367346933,0.951219512195122,0
0.8669533169533169,0.1095890410958904,0.875,0.09787548071925994,1.0,0.6,0.3333333333333333,0.7857142857142857,0.0,0.0,0.0,0.0,0.0,0.39795918367346933,0.951219512195122,0
0.7368243243243243,0.6164383561643836,0.5,0.23108824446523232,0.5333333333333333,0.6666666666666666,0.0,0.5714285714285714,0.2,0.0,0.0,0.0,0.0,0.39795918367346933,0.951219512195122,0
0.39422604422604424,0.2602739726027397,0.5,0.15158992481724007,0.7333333333333333,0.5333333333333333,0.8333333333333333,0.5714285714285714,0.8,1.0,1.0,0.0,0.0,0.346938775510204,0.951219512195122,0
0.026566339066339064,0.0958904109589041,0.5,0.20564043931677234,1.0,0.6,0.6666666666666666,0.8571428571428571,0.2,0.0,1.0,0.0,0.0,0.14285714285714282,0.951219512195122,0
0.02331081081081081,0.27397260273972607,0.5,0.06314173855801546,0.7333333333333333,0.5333333333333333,0.6666666666666666,0.3571428571428571,0.2,1.0,0.0,0.0,0.0,0.39795918367346933,0.951219512195122,0
0.5229422604422604,0.8356164383561642,0.625,0.15591518553164951,0.7333333333333333,0.5333333333333333,1.0,0.8571428571428571,0.2,0.0,0.0,0.0,0.0,0.44897959183673464,0.951219512195122,1
0.3318181818181818,0.0410958904109589,0.5,0.17617018327963138,1.0,0.6,0.6666666666666666,0.7142857142857142,0.4,1.0,1.0,0.005940059400594006,0.0,0.19387755102040813,0.951219512195122,0
0.20519041769041768,0.2328767123287671,0.5,0.07151231680698472,0.7333333333333333,0.5333333333333333,0.3333333333333333,0.8571428571428571,0.0,0.0,0.0,0.0,0.0,0.39795918367346933,0.951219512195122,0
0.3959152334152334,0.46575342465753417,0.5,0.020455947060250147,0.06666666666666667,0.4,0.3333333333333333,0.5,0.0,0.0,0.0,0.0,0.0,0.39795918367346933,0.951219512195122,0
0.8292076167076167,0.5890410958904109,0.875,0.12361639469216644,0.5333333333333333,0.6666666666666666,1.0,0.5714285714285714,0.2,1.0,1.0,0.0,0.0,0.36734693877551017,0.951219512195122,0
0.5689189189189189,0.2876712328767123,0.5,0.1129106468489069,0.7333333333333333,0.5333333333333333,0.0,0.5,0.2,0.0,0.0,0.0,0.0,0.44897959183673464,0.951219512195122,0
0.9709766584766585,0.2328767123287671,0.25,0.08595502892977168,0.6,0.8,0.3333333333333333,0.7142857142857142,0.0,0.0,0.0,0.0,0.0,0.6020408163265305,0.951219512195122,0
0.7047604422604422,0.27397260273972607,0.5,0.1433364515123168,0.06666666666666667,0.4,0.3333333333333333,0.42857142857142855,0.0,1.0,0.0,0.07688076880768807,0.0,0.39795918367346933,0.951219512195122,1
0.9161240786240786,0.4520547945205479,0.5,0.023469493815611683,0.5333333333333333,0.6666666666666666,0.0,0.7142857142857142,0.8,0.0,1.0,0.0,0.0,0.39795918367346933,0.951219512195122,1
0.7213452088452088,0.35616438356164376,0.5,0.03504278834493989,1.0,0.6,0.3333333333333333,0.21428571428571427,0.0,0.0,0.0,0.0,0.0,0.6020408163265305,0.951219512195122,0
0.06781326781326781,0.2328767123287671,0.75,0.20420399819838547,0.6,0.8,0.3333333333333333,0.8571428571428571,0.0,1.0,0.0,0.0,0.0,0.6020408163265305,0.8536585365853658,0
0.4663697788697789,0.1917808219178082,0.5,0.07025049371167238,0.7333333333333333,0.5333333333333333,0.6666666666666666,0.8571428571428571,0.8,1.0,1.0,0.0,0.0,0.24489795918367346,0.951219512195122,0
0.41197788697788695,0.3972602739726027,0.5,0.0993479541281225,0.6,0.8,0.3333333333333333,0.5,0.0,0.0,0.0,0.0,0.0,0.39795918367346933,0.2682926829268293,1
0.9258599508599509,0.32876712328767127,0.5,0.2137400824585109,0.7333333333333333,0.5333333333333333,0.6666666666666666,0.21428571428571427,0.2,0.0,0.0,0.033250332503325035,0.0,0.5,0.951219512195122,0
0.6796375921375921,0.4383561643835617,0.25,0.21956068322766173,1.0,0.6,0.3333333333333333,0.7857142857142857,0.0,0.0,0.0,0.0,0.0,0.43877551020408156,0.951219512195122,1
0.8816646191646191,0.0958904109589041,0.5,0.20384228943630253,0.7333333333333333,0.5333333333333333,0.6666666666666666,0.3571428571428571,0.8,0.0,0.0,0.0,0.0,0.39795918367346933,0.951219512195122,0
0.6762592137592137,0.0410958904109589,0.5,0.024524824169351762,0.7333333333333333,0.5333333333333333,0.6666666666666666,0.21428571428571427,0.6000000000000001,0.0,0.0,0.0,0.0,0.39795918367346933,0.951219512195122,0
0.35534398034398035,0.0,0.5,0.12850154176627518,0.06666666666666667,0.4,0.6666666666666666,0.5714285714285714,0.6000000000000001,0.0,1.0,0.0,0.0,0.11224489795918367,0.951219512195122,0
0.016953316953316953,0.7534246575342465,0.5,0.13377542182032362,0.06666666666666667,0.4,1.0,0.07142857142857142,0.8,0.0,1.0,0.0,0.0,0.39795918367346933,0.951219512195122,0
0.322051597051597,0.0410958904109589,0.0,0.23147697744517204,1.0,0.6,0.6666666666666666,0.0,0.2,0.0,1.0,0.0,0.0,0.346938775510204,0.951219512195122,0
0.5564496314496314,0.30136986301369856,0.5,0.18590236635138413,0.6,0.8,0.3333333333333333,0.2857142857142857,0.0,0.0,0.0,0.0,0.0,0.44897959183673464,0.951219512195122,0
0.13258599508599508,0.3150684931506849,0.5,0.19202300523161142,0.6,0.8,0.8333333333333333,0.07142857142857142,0.8,1.0,0.0,0.0,0.0,0.346938775510204,0.951219512195122,0
0.8207923832923832,0.5342465753424657,0.75,0.024818625922461278,1.0,0.6,0.3333333333333333,0.2857142857142857,1.0,0.0,1.0,0.0,0.45385674931129477,0.5,0.951219512195122,1
0.6112714987714988,0.0136986301369863,0.5,0.07884558084745175,0.7333333333333333,0.5333333333333333,0.6666666666666666,0.21428571428571427,0.6000000000000001,0.0,0.0,0.0,0.0,0.39795918367346933,0.951219512195122,0
0.614066339066339,0.2191780821917808,0.5,0.09116585247548764,0.6,0.8,0.6666666666666666,0.7142857142857142,0.2,0.0,1.0,0.0,0.0,0.39795918367346933,0.951219512195122,0
0.6125614250614251,0.5342465753424657,0.75,0.018774902123826355,1.0,0.6,0.5,0.3571428571428571,0.2,0.0,1.0,0.27828278282782826,0.0,0.19387755102040813,0.951219512195122,1
0.9854422604422605,0.4931506849315069,0.5,0.08945916917853307,0.06666666666666667,0.4,0.3333333333333333,0.21428571428571427,0.0,0.0,0.0,0.0,0.0,0.39795918367346933,0.951219512195122,0
0.30936732186732185,0.6164383561643836,0.5,0.0316564459688875,0.3333333333333333,0.2,0.0,0.42857142857142855,0.2,0.0,0.0,0.0,0.0,0.39795918367346933,0.951219512195122,0
0.6368857493857494,0.5342465753424657,0.5,0.18167896615043483,0.4,0.26666666666666666,1.0,0.8571428571428571,0.8,0.0,1.0,0.0,0.0,0.39795918367346933,0.951219512195122,0
0.0464987714987715,0.5753424657534245,0.625,0.07810345424938503,0.6,0.8,0.3333333333333333,0.2857142857142857,0.0,0.0,0.0,0.0,0.0,0.39795918367346933,0.21951219512195122,1
0.33003685503685504,0.2465753424657534,0.0,0.21168624190139626,1.0,0.6,0.6666666666666666,0.0,0.8,1.0,1.0,0.0,0.0,0.39795918367346933,0.951219512195122,0
0.21317567567567566,0.3972602739726027,0.125,0.018931504001663026,0.8,0.8666666666666667,0.3333333333333333,0.2857142857142857,0.0,0.0,0.0,0.0,0.0,0.39795918367346933,0.21951219512195122,1
0.28449017199017196,0.1232876712328767,0.125,0.138108304750026,0.8,0.8666666666666667,0.6666666666666666,0.7142857142857142,0.2,0.0,0.0,0.0,0.0,0.39795918367346933,0.951219512195122,0
0.7554668304668305,0.2054794520547945,0.5,0.21890586564113226,0.5333333333333333,0.6666666666666666,0.6666666666666666,0.9285714285714285,0.2,0.0,1.0,0.0,0.0,0.6428571428571428,0.951219512195122,0
0.05006142506142506,0.30136986301369856,0.5,0.2190908775941517,0.06666666666666667,0.4,0.3333333333333333,0.5714285714285714,0.0,0.0,0.0,0.024070240702407025,0.0,0.7040816326530611,0.6341463414634146,0
0.8136363636363636,0.1232876712328767,0.5,0.11399369434916674,0.6,0.8,0.6666666666666666,0.07142857142857142,0.6000000000000001,0.0,1.0,0.0,0.0,0.39795918367346933,0.951219512195122,1
0.9752149877149877,0.0410958904109589,0.0,0.04123133423414059,1.0,0.6,0.6666666666666666,0.0,0.6000000000000001,0.0,1.0,0.0,0.0,0.173469387755102,0.951219512195122,0
0.5169533169533169,0.4383561643835617,0.5,0.14697571285036207,0.6,0.8,0.3333333333333333,0.2857142857142857,0.0,0.0,0.0,0.0,0.0,0.5510204081632653,0.951219512195122,1
0.8488329238329239,0.1232876712328767,0.25,0.10212174756608806,0.0,0.33333333333333337,0.3333333333333333,0.5714285714285714,0.0,0.0,0.0,0.0,0.0,0.39795918367346933,0.951219512195122,0
0.30445331695331695,0.1095890410958904,0.5,0.011997366871080621,1.0,0.6,0.3333333333333333,1.0,0.0,0.0,0.0,0.0,0.0,0.37755102040816324,0.951219512195122,0
0.9789312039312039,0.1780821917808219,0.5,0.012476180577209577,0.7333333333333333,0.5333333333333333,0.6666666666666666,0.5,0.2,0.0,1.0,0.0,0.0,0.39795918367346933,0.951219512195122,0
0.7718366093366094,0.4383561643835617,0.75,0.1405335550705055,0.4,0.26666666666666666,0.0,0.5714285714285714,0.2,0.0,1.0,0.0,0.0,0.19387755102040813,0.951219512195122,0
0.3913083538083538,0.2602739726027397,0.5,0.242249939368742,0.7333333333333333,0.5333333333333333,0.3333333333333333,1.0,0.0,0.0,0.0,0.0,0.0,0.44897959183673464,0.951219512195122,1
0.6234336609336609,0.0,0.5,0.09358278765201122,0.0,0.33333333333333337,0.6666666666666666,0.7142857142857142,0.6000000000000001,1.0,1.0,0.0,0.0,0.14285714285714282,0.951219512195122,0
0.5283783783783783,0.0684931506849315,0.5,0.24254166233586255,1.0,0.6,0.6666666666666666,0.5714285714285714,0.6000000000000001,0.0,0.0,0.0,0.0,0.346938775510204,0.951219512195122,0
0.41105651105651103,0.6301369863013697,0.0,0.023990576170183277,0.6,0.8,0.3333333333333333,0.0,0.0,0.0,0.0,0.0,0.0,0.07142857142857142,0.951219512195122,1
0.3344287469287469,0.4246575342465753,0.875,0.09455219485154003,1.0,0.6,0.0,0.5714285714285714,0.6000000000000001,0.0,0.0,0.0,0.0,0.39795918367346933,0.951219512195122,0
0.367014742014742,0.2465753424657534,0.5,0.18311817898347366,0.7333333333333333,0.5333333333333333,0.0,0.21428571428571427,0.2,0.0,0.0,0.0,0.0,0.39795918367346933,0.951219512195122,0
0.42235872235872235,0.3972602739726027,0.5,0.11746873159408237,0.7333333333333333,0.5333333333333333,0.3333333333333333,0.21428571428571427,0.0,1.0,0.0,0.04064040640406404,0.0,0.39795918367346933,0.951219512195122,0
0.7707309582309582,0.1506849315068493,0.5,0.030526972248207045,0.6,0.8,0.6666666666666666,0.7142857142857142,0.2,0.0,1.0,0.0,0.0,0.19387755102040813,0.951219512195122,0
0.2081081081081081,0.0547945205479452,0.5,0.12330111215050411,1.0,0.6,0.6666666666666666,0.07142857142857142,0.6000000000000001,0.0,0.0,0.0,0.0,0.39795918367346933,0.951219512195122,0
0.28504299754299756,0.2876712328767123,0.5,0.13730589335827878,0.3333333333333333,0.2,0.0,0.8571428571428571,0.8,0.0,1.0,0.0,0.0,0.39795918367346933,0.951219512195122,0
0.7107493857493857,0.6575342465753424,0.5,0.14587880677684234,0.5333333333333333,0.6666666666666666,0.0,0.2857142857142857,0.2,0.0,1.0,0.0,0.0,0.39795918367346933,0.951219512195122,0
0.22453931203931204,0.6438356164383561,0.5,0.11262931781173127,0.7333333333333333,0.5333333333333333,0.0,0.5,0.2,0.0,1.0,0.0,0.0,0.39795918367346933,0.951219512195122,0
0.83507371007371,0.35616438356164376,0.875,0.15883380106018086,0.6,0.8,0.0,0.7142857142857142,0.8,0.0,1.0,0.015060150601506015,0.0,0.3571428571428571,0.951219512195122,0
0.5030405405405405,0.0410958904109589,0.0,0.23213595260367947,0.7333333333333333,0.5333333333333333,0.6666666666666666,0.0,0.6000000000000001,0.0,0.0,0.0,0.0,0.31632653061224486,0.951219512195122,0
0.32054668304668305,0.6301369863013697,0.0,0.3012812250978762,0.7333333333333333,0.5333333333333333,0.6666666666666666,0.0,0.2,0.0,0.0,0.0,0.0,0.14285714285714282,0.951219512195122,0
0.8744471744471745,0.46575342465753417,0.5,0.31550843640647197,0.4,0.26666666666666666,0.3333333333333333,0.3571428571428571,0.0,0.0,0.0,0.0,0.0,0.39795918367346933,0.6341463414634146,0
0.41584766584766586,0.2191780821917808,0.5,0.10844125697259467,0.5333333333333333,0.6666666666666666,0.6666666666666666,0.21428571428571427,0.8,0.0,0.0,0.0,0.0,0.39795918367346933,0.951219512195122,0
0.999477886977887,0.3835616438356165,0.25,0.07408377507535599,0.4666666666666667,0.7333333333333334,0.0,0.7142857142857142,0.8,0.0,1.0,0.0,0.0,0.47959183673469385,0.951219512195122,0
0.5063267813267813,0.46575342465753417,0.5,0.1874087932647334,0.6,0.8,0.3333333333333333,0.3571428571428571,0.0,0.0,0.0,0.0,0.0,0.39795918367346933,0.04878048780487805,0
0.12837837837837837,0.0821917808219178,0.5,0.23269029553407478,0.7333333333333333,0.5333333333333333,0.6666666666666666,1.0,0.6000000000000001,1.0,0.0,0.0,0.0,0.39795918367346933,0.34146341463414637,0
0.04754299754299754,0.32876712328767127,0.5,0.07628867408100336,1.0,0.6,0.3333333333333333,0.21428571428571427,0.0,0.0,0.0,0.0,0.4331955922865014,0.5,0.951219512195122,1
0.715970515970516,0.3698630136986301,0.625,0.23933340262619965,0.6,0.8,0.3333333333333333,0.3571428571428571,0.0,0.0,0.0,0.15024150241502415,0.0,0.6530612244897959,0.951219512195122,1
0.5540540540540541,0.4931506849315069,0.25,0.19516751550427885,0.6,0.8,0.3333333333333333,0.7142857142857142,0.0,0.0,0.0,0.0,0.0,0.39795918367346933,0.951219512195122,0
0.9202395577395577,0.2328767123287671,0.5,0.12997886567577868,1.0,0.6,0.3333333333333333,0.07142857142857142,1.0,0.0,1.0,0.0,0.4722222222222222,0.39795918367346933,0.951219512195122,0
0.7411855036855036,0.2465753424657534,0.0,0.22244395939438036,1.0,0.6,0.3333333333333333,0.0,0.6000000000000001,0.0,1.0,0.0,0.0,0.39795918367346933,0.951219512195122,0
0.42103808353808353,0.5890410958904109,0.5,0.01453833627828015,0.7333333333333333,0.5333333333333333,0.3333333333333333,0.7857142857142857,0.0,0.0,0.0,0.0,0.0,0.39795918367346933,0.951219512195122,0
0.23998771498771498,0.1232876712328767,0.5,0.053607040155216015,0.6,0.8,0.6666666666666666,0.2857142857142857,0.2,0.0,1.0,0.0,0.0,0.5,0.951219512195122,0
0.48243243243243245,0.4383561643835617,0.625,0.05704258046634099,0.6666666666666666,1.0,0.3333333333333333,0.7142857142857142,0.0,1.0,0.0,0.0,0.0,0.6020408163265305,0.951219512195122,1
0.9789619164619164,0.5890410958904109,0.5,0.1584492256522191,0.7333333333333333,0.5333333333333333,0.0,0.07142857142857142,0.4,0.0,1.0,0.0,0.0,0.39795918367346933,0.951219512195122,0
0.16461916461916462,0.0273972602739726,0.25,0.1091833835706614,0.7333333333333333,0.5333333333333333,0.6666666666666666,0.21428571428571427,0.6000000000000001,0.0,0.0,0.0,0.0,0.39795918367346933,0.951219512195122,0
0.45669533169533166,0.726027397260274,0.0,0.09373453902920693,0.6,0.8,0.0,0.0,0.2,0.0,1.0,0.0,0.0,0.061224489795918366,0.951219512195122,0
0.9929054054054054,0.1506849315068493,0.5,0.293494785711811,0.6,0.8,0.3333333333333333,0.2857142857142857,0.0,0.0,0.0,0.0,0.0,0.39795918367346933,0.951219512195122,0
0.1152027027027027,0.32876712328767127,0.5,0.07444548383743893,0.7333333333333333,0.5333333333333333,0.3333333333333333,0.9285714285714285,0.0,0.0,0.0,0.0,0.0,0.39795918367346933,0.951219512195122,0
0.7843673218673218,0.0410958904109589,0.5,0.12608668537574058,0.7333333333333333,0.5333333333333333,0.6666666666666666,0.2857142857142857,0.2,0.0,0.0,0.0,0.0,0.24489795918367346,0.951219512195122,0
0.9501228501228501,0.5068493150684932,0.5,0.09885597477739666,0.06666666666666667,0.4,0.3333333333333333,0.5714285714285714,1.0,1.0,1.0,0.0,0.0,0.39795918367346933,0.951219512195122,1
0.7562039312039311,0.0,0.5,0.13181997713335414,0.0,0.33333333333333337,0.6666666666666666,0.5714285714285714,0.6000000000000001,0.0,0.0,0.0,0.0,0.14285714285714282,0.951219512195122,0
0.14803439803439802,0.0958904109589041,0.5,0.22797976648304058,0.7333333333333333,0.5333333333333333,0.3333333333333333,0.5,0.0,0.0,0.0,0.0,0.0,0.39795918367346933,0.951219512195122,0
0.350982800982801,0.6027397260273972,0.125,0.10246336139694417,1.0,0.6,0.3333333333333333,0.2857142857142857,0.0,0.0,0.0,0.0,0.0,0.39795918367346933,0.951219512195122,1
0.5086609336609337,0.3972602739726027,0.5,0.14744136091189414,0.8666666666666667,0.0,0.3333333333333333,0.5,1.0,0.0,1.0,0.0,0.0,0.39795918367346933,0.6341463414634146,0
0.3874078624078624,0.2602739726027397,0.5,0.054734435089907496,1.0,0.6,0.6666666666666666,0.07142857142857142,0.8,1.0,1.0,0.0,0.0,0.39795918367346933,0.951219512195122,0
0.26683046683046685,0.2876712328767123,0.5,0.23729619235699687,0.5333333333333333,0.6666666666666666,0.3333333333333333,0.7142857142857142,0.0,1.0,0.0,0.0,0.0,0.3571428571428571,0.7317073170731707,1
0.05322481572481572,0.2465753424657534,0.5,0.15762048297127812,0.6,0.8,0.6666666666666666,0.5714285714285714,0.2,0.0,0.0,0.0,0.0,0.37755102040816324,0.951219512195122,0
0.2637285012285012,0.0410958904109589,0.5,0.178936354502304,0.7333333333333333,0.5333333333333333,0.6666666666666666,0.5714285714285714,0.6000000000000001,0.0,1.0,0.0,0.0,0.39795918367346933,0.6341463414634146,0
0.8621928746928746,0.1780821917808219,0.5,0.06370647541835568,0.7333333333333333,0.5333333333333333,0.6666666666666666,0.5714285714285714,0.8,1.0,1.0,0.0,0.0,0.31632653061224486,0.951219512195122,0
0.435012285012285,0.0410958904109589,0.5,0.109348300592454,1.0,0.6,0.6666666666666666,0.5714285714285714,0.6000000000000001,0.0,1.0,0.0,0.0,0.346938775510204,0.951219512195122,0
0.42109950859950857,0.5342465753424657,0.0,0.09857048816824307,1.0,0.6,0.0,0.0,0.8,0.0,1.0,0.0,0.0,0.5,0.951219512195122,1
0.22377149877149877,0.41095890410958896,0.625,0.07250944115303329,0.7333333333333333,0.5333333333333333,0.3333333333333333,0.2857142857142857,0.0,0.0,0.0,0.0,0.0,0.4183673469387755,0.951219512195122,1
0.6910012285012285,0.3150684931506849,0.625,0.20006374943699548,0.6,0.8,0.3333333333333333,0.7142857142857142,0.0,0.0,0.0,0.0,0.0,0.6020408163265305,0.951219512195122,0
0.7876842751842752,0.0684931506849315,0.5,0.14315975470325332,0.13333333333333333,0.4666666666666667,0.6666666666666666,0.42857142857142855,0.6000000000000001,1.0,0.0,0.0,0.0,0.39795918367346933,0.951219512195122,0
0.3984029484029484,0.0684931506849315,0.75,0.18537019713820463,1.0,0.6,0.6666666666666666,0.7142857142857142,0.6000000000000001,0.0,1.0,0.0,0.0,0.020408163265306124,0.951219512195122,0
0.6214680589680589,0.0684931506849315,0.5,0.027932647333956964,1.0,0.6,0.6666666666666666,0.8571428571428571,0.6000000000000001,0.0,0.0,0.0,0.0,0.07142857142857142,0.951219512195122,0
0.6744471744471744,0.5205479452054793,0.5,0.1684364064719537,1.0,0.6,0.3333333333333333,0.2857142857142857,0.0,0.0,0.0,0.0,0.0,0.6020408163265305,0.951219512195122,1
0.4652948402948403,0.1643835616438356,0.5,0.13966462252711084,1.0,0.6,0.3333333333333333,0.21428571428571427,0.0,0.0,0.0,0.0,0.0,0.39795918367346933,0.951219512195122,0
0.5038083538083538,0.46575342465753417,0.0,0.1107923639261338,0.6666666666666666,1.0,0.6666666666666666,0.0,0.2,0.0,0.0,0.0,0.6483011937557392,0.39795918367346933,0.951219512195122,1
0.3327702702702703,0.1780821917808219,0.5,0.18917645428403146,0.6,0.8,0.3333333333333333,0.5714285714285714,1.0,1.0,1.0,0.0,0.0,0.39795918367346933,0.7317073170731707,0
0.14640663390663392,0.0547945205479452,0.5,0.16475487648546583,1.0,0.6,0.6666666666666666,0.7142857142857142,0.6000000000000001,0.0,1.0,0.0,0.0,0.09183673469387754,0.951219512195122,0
0.7973587223587223,0.0273972602739726,0.5,0.2740352700689464,0.7333333333333333,0.5333333333333333,0.6666666666666666,0.07142857142857142,0.6000000000000001,0.0,0.0,0.0,0.0,0.39795918367346933,0.951219512195122,0
0.44173832923832923,0.4520547945205479,0.5,0.08431417385580155,0.6,0.8,0.0,0.8571428571428571,0.2,0.0,1.0,0.0,0.0,0.5,0.951219512195122,0
0.18261670761670762,0.2328767123287671,0.25,0.13711603090461838,1.0,0.6,0.3333333333333333,0.21428571428571427,0.0,0.0,0.0,0.0,0.39944903581267216,0.39795918367346933,0.951219512195122,0
0.08894348894348894,0.3972602739726027,0.5,0.17984478397948933,0.7333333333333333,0.5333333333333333,0.3333333333333333,0.5,0.0,0.0,0.0,0.0,0.0,0.39795918367346933,0.951219512195122,1
0.34957002457002456,0.2602739726027397,0.125,0.0391476977445172,1.0,0.6,0.3333333333333333,0.07142857142857142,0.0,0.0,0.0,0.0,0.0,0.346938775510204,0.951219512195122,0
0.06074938574938575,0.4246575342465753,0.75,0.06409936597027335,0.06666666666666667,0.4,0.3333333333333333,0.3571428571428571,0.0,0.0,0.0,0.0,0.0,0.5,0.951219512195122,1
0.05875307125307125,0.30136986301369856,0.5,0.21628728822367738,0.2,0.06666666666666667,0.3333333333333333,0.21428571428571427,0.0,0.0,0.0,0.0,0.0,0.44897959183673464,0.6341463414634146,0
0.8761056511056511,0.1506849315068493,0.5,0.0778817170772269,0.7333333333333333,0.5333333333333333,0.6666666666666666,0.8571428571428571,0.8,0.0,1.0,0.0,0.0,0.7040816326530611,0.951219512195122,0
0.7967137592137592,0.2054794520547945,0.5,0.10113778886463638,0.6,0.8,0.6666666666666666,0.7142857142857142,0.2,0.0,1.0,0.0,0.0,0.39795918367346933,0.951219512195122,0
0.1978194103194103,0.1506849315068493,0.5,0.22595780064442367,0.6,0.8,0.6666666666666666,0.7142857142857142,0.6000000000000001,0.0,0.0,0.0,0.0,0.39795918367346933,0.951219512195122,0
0.007248157248157248,0.3150684931506849,0.875,0.10964903163219346,1.0,0.6,0.6666666666666666,0.07142857142857142,0.2,0.0,1.0,0.0,0.0,0.37755102040816324,0.951219512195122,0
0.830958230958231,0.1232876712328767,0.5,0.10598343900495444,0.6,0.8,0.6666666666666666,0.07142857142857142,0.6000000000000001,1.0,1.0,0.0,0.0,0.39795918367346933,0.9024390243902439,0
0.6877149877149877,0.3150684931506849,0.25,0.1726861379620968,0.7333333333333333,0.5333333333333333,0.3333333333333333,0.21428571428571427,0.0,1.0,0.0,0.0,0.0,0.346938775510204,0.951219512195122,0
0.032125307125307125,0.6438356164383561,0.0,0.12750095277691162,0.4666666666666667,0.7333333333333334,0.6666666666666666,0.0,0.2,0.0,1.0,0.0,0.0,0.19387755102040813,0.951219512195122,0
0.7892813267813268,0.1232876712328767,0.5,0.05695319266881474,1.0,0.6,0.3333333333333333,1.0,0.0,0.0,0.0,0.07298072980729807,0.0,0.5510204081632653,0.951219512195122,1
0.4073402948402948,0.6712328767123288,0.5,0.014782940096317082,0.7333333333333333,0.5333333333333333,0.3333333333333333,0.5714285714285714,0.0,1.0,0.0,0.0,0.0,0.030612244897959183,0.951219512195122,0
0.6226044226044226,0.6575342465753424,0.5,0.09069743269930361,1.0,0.6,1.0,0.8571428571428571,0.4,0.0,1.0,0.0,0.0,0.44897959183673464,0.951219512195122,0
0.9436117936117936,0.3972602739726027,0.5,0.0724138169975401,0.7333333333333333,0.5333333333333333,0.3333333333333333,0.07142857142857142,0.0,0.0,0.0,0.0,0.0,0.39795918367346933,0.951219512195122,1
0.5202088452088452,0.3150684931506849,0.25,0.10493711672383328,0.6,0.8,0.3333333333333333,0.7142857142857142,0.0,0.0,0.0,0.07688076880768807,0.0,0.39795918367346933,0.951219512195122,1
0.725583538083538,0.2328767123287671,0.75,0.13249003915046947,0.7333333333333333,0.5333333333333333,0.3333333333333333,0.21428571428571427,0.0,0.0,0.0,0.0,0.0,0.6020408163265305,0.951219512195122,0
0.6902334152334152,0.2328767123287671,0.5,0.12911201191837302,0.06666666666666667,0.4,0.3333333333333333,0.8571428571428571,0.0,0.0,0.0,0.0,0.0,0.24489795918367346,0.0,0
0.4205159705159705,0.2876712328767123,0.875,0.2124526210026678,0.6,0.8,0.3333333333333333,0.7857142857142857,0.0,1.0,0.0,0.0,0.0,0.520408163265306,0.951219512195122,0
0.9453009828009827,0.5890410958904109,0.5,0.14740602155008142,0.7333333333333333,0.5333333333333333,0.0,0.5714285714285714,0.2,0.0,1.0,0.0,0.0,0.39795918367346933,0.951219512195122,0
0.15436117936117935,0.5753424657534245,0.25,0.12731039739458824,0.6,0.8,0.3333333333333333,0.7142857142857142,0.0,0.0,0.0,0.0,0.0,0.39795918367346933,0.951219512195122,1
0.25067567567567567,0.3150684931506849,0.5,0.13633717908741297,0.7333333333333333,0.5333333333333333,0.6666666666666666,0.5714285714285714,0.2,0.0,0.0,0.0,0.0,0.39795918367346933,0.951219512195122,0
0.8683968058968059,0.0410958904109589,0.125,0.12444513737310743,1.0,0.6,0.6666666666666666,0.07142857142857142,0.6000000000000001,1.0,1.0,0.0,0.0,0.19387755102040813,0.951219512195122,0
0.8117321867321867,0.1506849315068493,0.5,0.23418840730346813,0.2,0.06666666666666667,0.6666666666666666,0.6428571428571428,0.2,0.0,1.0,0.0,0.0,0.39795918367346933,0.6341463414634146,0
0.2979115479115479,0.3698630136986301,0.5,0.38629109933132383,0.5333333333333333,0.6666666666666666,0.3333333333333333,0.42857142857142855,0.0,1.0,0.0,0.0,0.0,0.39795918367346933,0.951219512195122,0
0.33986486486486484,0.2328767123287671,0.5,0.10525932855212555,1.0,0.6,0.3333333333333333,0.7142857142857142,0.0,0.0,0.0,0.0,0.43663911845730025,0.37755102040816324,0.951219512195122,1
0.14413390663390663,0.1232876712328767,0.5,0.01500467726847521,1.0,0.6,0.6666666666666666,0.9285714285714285,0.6000000000000001,0.0,0.0,0.0,0.0,0.19387755102040813,0.951219512195122,0
0.23753071253071253,0.0547945205479452,0.5,0.040173232165748536,1.0,0.6,0.6666666666666666,0.5714285714285714,0.6000000000000001,0.0,0.0,0.0,0.0,0.2959183673469387,0.951219512195122,0
0.07644348894348894,0.5068493150684932,0.5,0.1581658178290545,1.0,0.6,0.0,0.8571428571428571,0.8,0.0,1.0,0.0,0.0,0.47959183673469385,0.951219512195122,0
0.8936425061425061,0.6986301369863013,0.0,0.08931573294529328,0.4,0.26666666666666666,0.3333333333333333,0.0,0.0,0.0,0.0,0.0,0.0,0.01020408163265306,0.951219512195122,0
0.03206388206388206,0.0958904109589041,0.5,0.01535599210061324,1.0,0.6,0.6666666666666666,0.9285714285714285,0.2,0.0,1.0,0.0,0.0,0.36734693877551017,0.951219512195122,0
0.6640970515970516,0.4520547945205479,0.5,0.05352804628763468,0.7333333333333333,0.5333333333333333,0.3333333333333333,0.5,0.0,0.0,0.0,0.0,0.0,0.39795918367346933,0.951219512195122,0
0.7433968058968059,0.7123287671232876,0.5,0.08185427710217233,0.6,0.8,1.0,0.2857142857142857,0.2,0.0,1.0,0.023460234602346024,0.0,0.14285714285714282,0.951219512195122,0
0.4363022113022113,0.4383561643835617,0.5,0.10756885978588504,0.6,0.8,0.0,0.7857142857142857,0.2,0.0,0.0,0.0,0.0,0.39795918367346933,0.951219512195122,0
0.26716830466830466,0.4246575342465753,0.25,0.15706891175553478,0.8,0.8666666666666667,0.0,0.2857142857142857,0.8,1.0,1.0,0.0956209562095621,0.0,0.39795918367346933,0.951219512195122,1
0.08943488943488943,0.3150684931506849,0.5,0.0580466340990195,0.7333333333333333,0.5333333333333333,0.8333333333333333,0.07142857142857142,0.8,0.0,1.0,0.0,0.0,0.44897959183673464,0.951219512195122,0
0.9628992628992629,0.2054794520547945,0.875,0.1018341821709455,0.8,0.8666666666666667,0.3333333333333333,0.7142857142857142,0.0,0.0,0.0,0.0,0.0,0.5,0.951219512195122,0
0.38415233415233413,0.27397260273972607,0.625,0.22852718012680595,1.0,0.6,0.3333333333333333,0.2857142857142857,0.0,0.0,0.0,0.0,0.0,0.6020408163265305,0.951219512195122,1
0.4313267813267813,0.547945205479452,0.625,0.12718705609257527,0.7333333333333333,0.5333333333333333,0.3333333333333333,0.2857142857142857,0.0,0.0,0.0,0.0,0.0,0.39795918367346933,0.951219512195122,0
0.4809275184275184,0.1232876712328767,0.25,0.010774347780895957,0.6,0.8,0.6666666666666666,0.7857142857142857,0.2,0.0,0.0,0.0,0.0,0.39795918367346933,0.951219512195122,0
0.7788083538083538,0.2054794520547945,0.5,0.11413435886775457,0.6,0.8,0.3333333333333333,0.2857142857142857,0.0,0.0,0.0,0.0,0.0,0.39795918367346933,0.951219512195122,0
0.8766891891891891,0.2602739726027397,0.5,0.11974777396667012,0.7333333333333333,0.5333333333333333,0.3333333333333333,1.0,0.0,0.0,0.0,0.0,0.0,0.7040816326530611,0.951219512195122,1
0.6827088452088452,0.0136986301369863,0.5,0.019774105255863907,0.06666666666666667,0.4,0.6666666666666666,0.42857142857142855,0.6000000000000001,0.0,0.0,0.0,0.0,0.14285714285714282,0.951219512195122,0
0.10184275184275184,0.41095890410958896,0.25,0.15955860444167275,1.0,0.6,0.6666666666666666,0.7857142857142857,0.2,1.0,0.0,0.0,0.0,0.39795918367346933,0.951219512195122,0
0.7641891891891892,0.30136986301369856,0.5,0.08825278037626026,1.0,0.6,0.0,0.2857142857142857,0.8,0.0,1.0,0.0,0.0,0.5612244897959183,0.951219512195122,0
0.4763820638820639,0.0136986301369863,0.5,0.3018376468142605,1.0,0.6,0.6666666666666666,0.07142857142857142,0.2,0.0,1.0,0.0,0.0,0.19387755102040813,0.951219512195122,0
0.4097358722358722,0.6027397260273972,0.5,0.10835256210373141,0.7333333333333333,0.5333333333333333,0.0,0.07142857142857142,0.2,0.0,1.0,0.0,0.0,0.39795918367346933,0.04878048780487805,0
0.41335995085995086,0.2465753424657534,0.5,0.15762048297127812,1.0,0.6,0.6666666666666666,0.8571428571428571,0.8,0.0,0.0,0.0,0.0,0.5,0.951219512195122,0
0.9964680589680589,0.6027397260273972,0.5,0.12361639469216644,0.7333333333333333,0.5333333333333333,1.0,0.21428571428571427,0.2,1.0,1.0,0.0,0.38314967860422405,0.5,0.951219512195122,0
0.281480343980344,0.2328767123287671,0.5,0.061712226726258534,0.7333333333333333,0.5333333333333333,0.3333333333333333,0.5714285714285714,1.0,0.0,1.0,0.0,0.0,0.39795918367346933,0.951219512195122,1
0.276504914004914,0.2876712328767123,0.5,0.15458822714201573,0.4666666666666667,0.7333333333333334,0.6666666666666666,0.7142857142857142,0.8,0.0,1.0,0.0,0.0,0.3571428571428571,0.951219512195122,0
0.6063882063882063,0.547945205479452,0.5,0.011842150850569935,0.7333333333333333,0.5333333333333333,0.8333333333333333,0.8571428571428571,0.2,1.0,1.0,0.0,0.0,0.346938775510204,0.951219512195122,0
0.6664312039312039,0.35616438356164376,0.5,0.016310847798219175,1.0,0.6,0.8333333333333333,0.7142857142857142,0.8,0.0,1.0,0.0,0.0,0.39795918367346933,0.951219512195122,0
0.5767813267813268,0.1232876712328767,0.5,0.09023386342376052,0.6,0.8,0.6666666666666666,0.7142857142857142,0.8,1.0,1.0,0.0,0.0,0.346938775510204,0.951219512195122,0
0.27745700245700244,0.0410958904109589,0.5,0.27326057582371893,0.7333333333333333,0.5333333333333333,0.6666666666666666,0.07142857142857142,0.2,0.0,1.0,0.0,0.0,0.2959183673469387,0.951219512195122,0
0.29186117936117933,0.3972602739726027,0.625,0.21891764542840317,0.6,0.8,0.3333333333333333,0.8571428571428571,0.0,0.0,0.0,0.0,0.43663911845730025,0.4183673469387755,0.0,1
0.5207923832923833,0.1917808219178082,0.5,0.20384159650763956,0.2,0.06666666666666667,0.8333333333333333,0.42857142857142855,0.8,0.0,0.0,0.0,0.0,0.346938775510204,0.3902439024390244,0
0.3948095823095823,0.1506849315068493,0.5,0.08342930395315802,0.6,0.8,0.3333333333333333,0.2857142857142857,0.0,0.0,0.0,0.0,0.0,0.5510204081632653,0.951219512195122,0
0.22116093366093365,0.1506849315068493,0.75,0.1335266604303087,0.6,0.8,0.6666666666666666,0.9285714285714285,0.2,0.0,0.0,0.0,0.0,0.44897959183673464,0.951219512195122,0
0.9816646191646191,0.2054794520547945,0.5,0.0968880573744933,0.7333333333333333,0.5333333333333333,0.3333333333333333,0.21428571428571427,0.0,0.0,0.0,0.0,0.0,0.47959183673469385,0.951219512195122,0
0.5068181818181818,0.2328767123287671,0.5,0.28114541107992935,0.6666666666666666,1.0,0.3333333333333333,0.7142857142857142,0.0,0.0,0.0,0.0,0.0,0.5,0.951219512195122,1
0.8519656019656019,0.1917808219178082,0.5,0.08337040501680351,1.0,0.6,0.3333333333333333,0.2857142857142857,0.0,0.0,0.0,0.0,0.0,0.39795918367346933,0.951219512195122,0
0.3593980343980344,0.3698630136986301,0.5,0.14561826559955654,0.7333333333333333,0.5333333333333333,0.0,0.5,0.6000000000000001,0.0,0.0,0.0,0.0,0.39795918367346933,0.951219512195122,0
0.7500921375921376,0.5205479452054793,0.875,0.06849253369365624,0.4666666666666667,0.7333333333333334,0.0,0.07142857142857142,0.6000000000000001,1.0,0.0,0.0,0.0,0.39795918367346933,0.951219512195122,0
0.8882985257985258,0.1232876712328767,0.25,0.12852371548349098,0.6,0.8,0.6666666666666666,0.7142857142857142,0.2,0.0,1.0,0.0,0.0,0.39795918367346933,0.951219512195122,0
0.7836609336609336,0.5068493150684932,0.5,0.3016110591414614,0.0,0.33333333333333337,0.3333333333333333,1.0,0.0,1.0,0.0,0.0,0.0,0.39795918367346933,0.951219512195122,0
0.5311732186732187,0.0684931506849315,0.5,0.11951009943526313,1.0,0.6,0.6666666666666666,0.8571428571428571,0.6000000000000001,0.0,1.0,0.0,0.0,0.2959183673469387,0.951219512195122,0
0.31182432432432433,0.136986301369863,0.5,0.12733187818314107,1.0,0.6,0.3333333333333333,0.21428571428571427,0.0,0.0,0.0,0.0,0.0,0.6020408163265305,0.951219512195122,0
0.05242628992628993,0.2054794520547945,0.0,0.10151335619997921,0.3333333333333333,0.2,1.0,0.0,0.2,0.0,1.0,0.0,0.0,0.39795918367346933,0.951219512195122,0
0.5932125307125307,0.0821917808219178,0.5,0.2528053216921318,1.0,0.6,0.6666666666666666,0.5714285714285714,0.8,0.0,1.0,0.0,0.0,0.24489795918367346,0.951219512195122,0
0.35147420147420144,0.2328767123287671,0.5,0.089230502719745,1.0,0.6,0.3333333333333333,0.5714285714285714,0.0,0.0,0.0,0.0,0.0,0.6224489795918366,0.6341463414634146,0
0.9154791154791154,0.2191780821917808,0.5,0.15184007206458097,0.6,0.8,0.3333333333333333,0.7142857142857142,0.0,0.0,0.0,0.0,0.0,0.39795918367346933,0.951219512195122,0
0.06686117936117936,0.6438356164383561,0.25,0.175861830024599,0.7333333333333333,0.5333333333333333,0.0,0.07142857142857142,0.2,0.0,1.0,0.0,0.0,0.346938775510204,0.951219512195122,0
0.2996621621621622,0.1643835616438356,0.5,0.051504001663028785,0.2,0.06666666666666667,0.6666666666666666,0.5714285714285714,0.2,0.0,0.0,0.0,0.0,0.19387755102040813,0.1951219512195122,0
0.8774262899262899,0.6301369863013697,0.5,0.10787652011225445,0.8,0.8666666666666667,0.3333333333333333,0.42857142857142855,0.0,0.0,0.0,0.0,0.0,0.4591836734693877,0.951219512195122,0
0.48402948402948404,0.4931506849315069,0.875,0.07672521913868967,0.8,0.8666666666666667,0.3333333333333333,0.2857142857142857,0.0,0.0,0.0,0.0,0.0,0.6020408163265305,0.951219512195122,1
0.9538083538083538,0.1917808219178082,0.5,0.022297751446488587,0.6,0.8,0.6666666666666666,0.2857142857142857,0.2,0.0,1.0,0.0,0.3590449954086318,0.6020408163265305,0.951219512195122,1
0.3449017199017199,0.6712328767123288,0.625,0.16731178325191423,0.7333333333333333,0.5333333333333333,0.3333333333333333,0.8571428571428571,0.0,0.0,0.0,0.0,0.41896235078053257,0.09183673469387754,0.951219512195122,1
0.6064496314496315,0.32876712328767127,0.5,0.08911131898971,0.7333333333333333,0.5333333333333333,0.3333333333333333,0.3571428571428571,0.0,0.0,0.0,0.0,0.0,0.39795918367346933,0.951219512195122,0
0.09901719901719902,0.547945205479452,0.75,0.14762775872223954,0.9333333333333333,0.9333333333333333,0.3333333333333333,0.8571428571428571,1.0,0.0,1.0,0.15024150241502415,0.0,0.346938775510204,0.951219512195122,1
0.15325552825552824,0.2191780821917808,0.75,0.07343796556144544,0.4666666666666667,0.7333333333333334,0.0,0.8571428571428571,0.2,0.0,0.0,0.0,0.0,0.6020408163265305,0.951219512195122,0
0.5637899262899263,0.4520547945205479,0.5,0.09219277275404497,0.6666666666666666,1.0,0.0,0.7142857142857142,0.4,0.0,0.0,0.1052010520105201,0.0,0.5,0.951219512195122,1
0.2629299754299754,0.35616438356164376,0.125,0.1731961334580605,0.6,0.8,0.0,0.2857142857142857,0.2,0.0,0.0,0.0,0.0,0.39795918367346933,0.951219512195122,1
0.2264127764127764,0.1232876712328767,0.5,0.18316806984720924,1.0,0.6,0.3333333333333333,0.7857142857142857,0.0,0.0,0.0,0.0,0.0,0.39795918367346933,0.951219512195122,0
0.08667076167076167,0.0684931506849315,0.5,0.28784325953643075,0.0,0.33333333333333337,0.0,0.21428571428571427,0.6000000000000001,0.0,0.0,0.0,0.0,0.39795918367346933,0.951219512195122,0
0.5381142506142506,0.1643835616438356,0.5,0.032530229012923115,1.0,0.6,0.3333333333333333,0.21428571428571427,0.0,0.0,0.0,0.0,0.0,0.4183673469387755,0.951219512195122,0
0.017690417690417688,0.0136986301369863,0.0,0.1061892388178637,0.13333333333333333,0.4666666666666667,0.6666666666666666,0.0,0.6000000000000001,0.0,0.0,0.0,0.0,0.24489795918367346,0.951219512195122,0
0.45076781326781323,0.2465753424657534,0.75,0.1413373523195787,0.4,0.26666666666666666,0.3333333333333333,0.21428571428571427,0.0,0.0,0.0,0.0,0.0,0.5,0.951219512195122,0
0.14173832923832924,0.0410958904109589,0.5,0.07505526106087378,0.7333333333333333,0.5333333333333333,0.6666666666666666,1.0,0.6000000000000001,1.0,0.0,0.0,0.0,0.39795918367346933,0.951219512195122,0
0.20347051597051596,0.7534246575342465,0.625,0.319760939611267,1.0,0.6,0.3333333333333333,0.2857142857142857,0.0,0.0,0.0,0.0,0.0,0.24489795918367346,0.951219512195122,1
0.26495700245700243,0.726027397260274,0.5,0.09225236461906247,0.7333333333333333,0.5333333333333333,1.0,0.07142857142857142,0.8,0.0,1.0,0.0,0.0,0.04081632653061224,0.951219512195122,0
0.9572481572481573,0.136986301369863,0.5,0.12440633336797975,0.7333333333333333,0.5333333333333333,0.3333333333333333,0.8571428571428571,1.0,0.0,1.0,0.0,0.0,0.5,0.951219512195122,0
0.14539312039312038,0.0684931506849315,0.5,0.1576558223330908,0.5333333333333333,0.6666666666666666,0.6666666666666666,0.5714285714285714,0.4,0.0,1.0,0.0,0.0,0.39795918367346933,0.6341463414634146,0
0.6673525798525798,0.6986301369863013,0.5,0.06385545508089942,0.6,0.8,0.3333333333333333,0.7142857142857142,0.0,0.0,0.0,0.0,0.0,0.39795918367346933,0.5121951219512195,1
0.17785626535626536,0.2465753424657534,0.5,0.1387104597581679,0.7333333333333333,0.5333333333333333,0.3333333333333333,0.21428571428571427,0.0,0.0,0.0,0.0,0.0,0.39795918367346933,0.951219512195122,1
0.46818181818181814,0.4383561643835617,0.5,0.04989987180819734,1.0,0.6,0.3333333333333333,0.8571428571428571,0.0,0.0,0.0,0.07688076880768807,0.0,0.39795918367346933,0.951219512195122,1
0.9445638820638821,0.4520547945205479,0.25,0.20543879707584106,0.7333333333333333,0.5333333333333333,1.0,1.0,0.8,0.0,1.0,0.0,0.0,0.39795918367346933,0.951219512195122,0
0.7098280098280099,0.0410958904109589,0.5,0.15999237778470707,0.7333333333333333,0.5333333333333333,0.6666666666666666,0.42857142857142855,0.6000000000000001,0.0,0.0,0.0,0.0,0.2755102040816326,0.951219512195122,0
0.03633292383292383,0.2054794520547945,0.5,0.1321186293871046,0.7333333333333333,0.5333333333333333,0.3333333333333333,0.07142857142857142,0.0,0.0,0.0,0.0,0.0,0.39795918367346933,0.951219512195122,0
0.9050982800982801,0.2465753424657534,0.5,0.18688078162353186,1.0,0.6,0.3333333333333333,0.7142857142857142,0.0,0.0,0.0,0.0,0.0,0.39795918367346933,0.951219512195122,1
0.6979422604422604,0.0821917808219178,0.5,0.14172192772754047,0.7333333333333333,0.5333333333333333,0.6666666666666666,0.07142857142857142,0.6000000000000001,0.0,1.0,0.0,0.0,0.1530612244897959,0.951219512195122,0
0.5654176904176904,0.35616438356164376,0.75,0.018425666077677302,0.7333333333333333,0.5333333333333333,0.3333333333333333,0.3571428571428571,0.0,0.0,0.0,0.0,0.0,0.5,0.951219512195122,0
0.9226965601965602,0.2465753424657534,0.625,0.12010948272875306,0.6,0.8,0.6666666666666666,0.2857142857142857,0.2,0.0,1.0,0.0,0.0,0.6020408163265305,0.951219512195122,1
0.6644041769041769,0.2465753424657534,0.125,0.008042822991373039,0.7333333333333333,0.5333333333333333,0.0,0.7142857142857142,0.8,0.0,1.0,0.0,0.0,0.39795918367346933,0.951219512195122,0
0.7479115479115479,0.0136986301369863,0.5,0.1194664449294945,1.0,0.6,0.6666666666666666,0.5714285714285714,0.6000000000000001,0.0,1.0,0.0,0.0,0.19387755102040813,0.6341463414634146,0
0.8875,0.1917808219178082,0.5,0.023921283303883864,0.6,0.8,0.6666666666666666,0.9285714285714285,0.2,0.0,0.0,0.0,0.0,0.39795918367346933,0.951219512195122,0
0.9208538083538084,0.4520547945205479,0.5,0.099289055191768,0.7333333333333333,0.5333333333333333,0.3333333333333333,0.7142857142857142,0.0,0.0,0.0,0.0,0.0,0.39795918367346933,0.951219512195122,1
0.9504914004914005,0.32876712328767127,0.5,0.2922107888992828,0.5333333333333333,0.6666666666666666,0.3333333333333333,0.8571428571428571,0.0,0.0,0.0,0.04386043860438604,0.0,0.6020408163265305,0.951219512195122,1
0.9315724815724815,0.30136986301369856,0.5,0.22669646259917542,0.7333333333333333,0.5333333333333333,0.8333333333333333,0.5,0.2,1.0,0.0,0.021760217602176023,0.0,0.39795918367346933,0.951219512195122,0
0.5636670761670761,0.3150684931506849,0.5,0.19195786993728997,1.0,0.6,0.0,0.5714285714285714,0.2,0.0,1.0,0.0,0.0,0.47959183673469385,0.951219512195122,0
0.5779791154791155,0.3698630136986301,0.5,0.12156393999237779,0.5333333333333333,0.6666666666666666,0.6666666666666666,0.21428571428571427,0.8,0.0,0.0,0.0,0.0,0.39795918367346933,0.951219512195122,0
0.5394041769041769,0.7397260273972601,0.5,0.11787409486193397,0.6,0.8,0.6666666666666666,0.21428571428571427,0.2,0.0,0.0,0.11678116781167812,0.0,0.44897959183673464,0.951219512195122,1
0.1406019656019656,0.4246575342465753,0.5,0.15075425284966915,0.5333333333333333,0.6666666666666666,0.0,0.5714285714285714,0.2,0.0,1.0,0.0,0.0,0.39795918367346933,0.0,0
0.07404791154791154,0.2602739726027397,0.25,0.2125122128676853,1.0,0.6,0.0,0.07142857142857142,0.8,0.0,1.0,0.0,0.0,0.6530612244897959,0.951219512195122,0
0.6526105651105651,0.2191780821917808,0.5,0.14418251740983268,0.5333333333333333,0.6666666666666666,0.3333333333333333,1.0,0.0,0.0,0.0,0.0,0.0,0.846938775510204,0.951219512195122,1
0.4523034398034398,0.6027397260273972,0.5,0.14610262273498945,0.7333333333333333,0.5333333333333333,0.0,0.42857142857142855,0.2,1.0,1.0,0.0,0.0,0.39795918367346933,0.951219512195122,0
0.31145577395577395,0.0958904109589041,0.5,0.21974361639469217,0.06666666666666667,0.4,0.6666666666666666,0.42857142857142855,0.2,0.0,0.0,0.0,0.0,0.39795918367346933,0.951219512195122,0
0.8619778869778869,0.3972602739726027,0.5,0.14144683504833178,0.5333333333333333,0.6666666666666666,0.5,0.21428571428571427,0.8,0.0,0.0,0.0,0.0,0.39795918367346933,0.951219512195122,0
0.21286855036855037,0.2465753424657534,0.5,0.03142777951009943,0.7333333333333333,0.5333333333333333,0.3333333333333333,0.21428571428571427,0.0,0.0,0.0,0.0,0.0,0.346938775510204,0.951219512195122,0
0.5533476658476658,0.1232876712328767,0.5,0.19353566850292764,0.6,0.8,0.6666666666666666,1.0,0.6000000000000001,0.0,0.0,0.0,0.0,0.19387755102040813,0.951219512195122,0
0.9852579852579852,0.0547945205479452,0.0,0.09937428541731629,0.4,0.26666666666666666,0.6666666666666666,0.0,0.6000000000000001,0.0,0.0,0.0,0.0,0.4183673469387755,0.951219512195122,0
0.4088144963144963,0.4246575342465753,0.5,0.11428195267297231,0.06666666666666667,0.4,0.3333333333333333,0.5,0.0,0.0,0.0,0.0,0.0,0.39795918367346933,0.951219512195122,0
0.7455773955773956,0.0547945205479452,0.5,0.10333645151231681,1.0,0.6,0.6666666666666666,0.21428571428571427,0.2,0.0,0.0,0.0,0.0,0.5,0.951219512195122,0
0.811455773955774,0.0547945205479452,0.0,0.04203859612652877,1.0,0.6,0.6666666666666666,0.0,0.6000000000000001,0.0,0.0,0.0,0.0,0.39795918367346933,0.951219512195122,0
0.2995085995085995,0.2876712328767123,0.5,0.16883622631050135,0.8,0.8666666666666667,0.6666666666666666,0.2857142857142857,0.2,0.0,1.0,0.1052010520105201,0.0,0.5,0.951219512195122,1
0.2857186732186732,0.46575342465753417,0.75,0.12095762741225789,0.6,0.8,0.3333333333333333,0.3571428571428571,0.0,0.0,0.0,0.0,0.0,0.07142857142857142,0.951219512195122,0
0.225982800982801,0.1643835616438356,0.5,0.07229186155285314,0.6,0.8,0.6666666666666666,0.07142857142857142,0.6000000000000001,0.0,1.0,0.0,0.0,0.39795918367346933,0.7804878048780488,0
0.8784090909090909,0.3698630136986301,0.5,0.12655579808058762,0.7333333333333333,0.5333333333333333,0.3333333333333333,0.8571428571428571,0.0,0.0,0.0,0.0,0.0,0.346938775510204,0.951219512195122,1
0.8368243243243243,0.5753424657534245,0.875,0.08823129958770744,0.8,0.8666666666666667,0.3333333333333333,0.2857142857142857,0.0,0.0,0.0,0.0,0.0,0.5,0.951219512195122,1
0.693058968058968,0.3835616438356165,0.5,0.11994595156428646,0.7333333333333333,0.5333333333333333,0.3333333333333333,0.5,0.0,0.0,0.0,0.0,0.0,0.39795918367346933,0.951219512195122,0
0.36237714987714986,0.35616438356164376,0.5,0.11941932578041091,0.7333333333333333,0.5333333333333333,0.3333333333333333,0.07142857142857142,1.0,0.0,1.0,0.0,0.0,0.39795918367346933,0.951219512195122,1
0.2967751842751843,0.2465753424657534,0.5,0.12095762741225789,0.9333333333333333,0.9333333333333333,0.3333333333333333,0.7142857142857142,0.0,0.0,0.0,0.0,0.0,0.44897959183673464,0.951219512195122,1
0.4122850122850123,0.2876712328767123,0.5,0.14816269965007103,1.0,0.6,0.6666666666666666,0.07142857142857142,0.8,1.0,1.0,0.0,0.0,0.39795918367346933,0.951219512195122,0
0.5686117936117936,0.726027397260274,0.5,0.1550566469181998,0.3333333333333333,0.2,1.0,0.5714285714285714,0.2,0.0,1.0,0.0,0.0,0.346938775510204,0.951219512195122,0
0.6831388206388206,0.2465753424657534,0.5,0.029317811731282263,0.13333333333333333,0.4666666666666667,0.6666666666666666,0.8571428571428571,0.2,1.0,1.0,0.0,0.0,0.39795918367346933,0.951219512195122,0
0.6175368550368551,0.6438356164383561,0.5,0.11827876520112253,0.7333333333333333,0.5333333333333333,0.3333333333333333,0.5,0.0,0.0,0.0,0.0,0.0,0.39795918367346933,0.951219512195122,0
0.20663390663390663,0.2054794520547945,0.5,0.07975539618196306,0.5333333333333333,0.6666666666666666,0.3333333333333333,0.21428571428571427,0.0,0.0,0.0,0.0,0.0,0.5510204081632653,0.951219512195122,1
0.5116400491400491,0.0410958904109589,0.0,0.1383660742126598,1.0,0.6,0.6666666666666666,0.0,0.6000000000000001,0.0,1.0,0.0,0.0,0.44897959183673464,0.951219512195122,0
0.4018427518427518,0.1095890410958904,0.5,0.12729723174999136,0.2,0.06666666666666667,0.6666666666666666,0.6428571428571428,0.2,0.0,1.0,0.0,0.0,0.39795918367346933,0.3170731707317073,0
0.8867014742014742,0.1232876712328767,0.5,0.22565568374735823,0.26666666666666666,0.13333333333333336,0.6666666666666666,1.0,0.2,0.0,0.0,0.0,0.0,0.39795918367346933,0.6341463414634146,0
0.7194103194103194,0.5342465753424657,0.875,0.038372310570626754,0.8,0.8666666666666667,0.0,0.7142857142857142,0.2,0.0,1.0,0.0,0.0,0.38775510204081626,0.951219512195122,0
0.2772420147420147,0.30136986301369856,0.5,0.1703336451512317,1.0,0.6,0.3333333333333333,0.42857142857142855,0.0,0.0,0.0,0.0,0.0,0.5,0.951219512195122,0
0.4900184275184275,0.46575342465753417,0.5,0.263313584866438,0.7333333333333333,0.5333333333333333,0.3333333333333333,1.0,0.0,0.0,0.0,0.0,0.0,0.39795918367346933,0.951219512195122,1
0.3964066339066339,0.0,0.5,0.043687766344454836,0.0,0.33333333333333337,0.6666666666666666,0.8571428571428571,0.6000000000000001,1.0,1.0,0.0,0.0,0.2346938775510204,0.951219512195122,0
0.49106265356265355,0.0958904109589041,0.5,0.06761875064962061,1.0,0.6,0.6666666666666666,0.5714285714285714,0.6000000000000001,0.0,0.0,0.0,0.0,0.39795918367346933,0.951219512195122,0
0.8137899262899263,0.1095890410958904,0.5,0.1252579426947996,0.6,0.8,0.3333333333333333,0.9285714285714285,0.0,0.0,0.0,0.0,0.0,0.346938775510204,0.951219512195122,0
0.9678132678132678,0.136986301369863,0.5,0.09358348058067421,0.7333333333333333,0.5333333333333333,0.6666666666666666,0.5714285714285714,0.2,0.0,1.0,0.0,0.0,0.5,0.951219512195122,1
0.07472358722358723,0.3424657534246575,0.875,0.19506357620482973,0.6,0.8,0.3333333333333333,0.2857142857142857,0.0,0.0,0.0,0.0,0.0,0.5,0.951219512195122,1
0.6855651105651106,0.41095890410958896,0.5,0.007802376745314069,1.0,0.6,0.3333333333333333,0.42857142857142855,0.0,0.0,0.0,0.0,0.0,0.39795918367346933,0.951219512195122,0
0.6458538083538083,0.3835616438356165,0.5,0.07889408585386135,0.6,0.8,0.3333333333333333,0.2857142857142857,0.0,0.0,0.0,0.0,0.0,0.39795918367346933,0.951219512195122,1
0.19152334152334152,0.2054794520547945,0.5,0.07224058483179156,0.6,0.8,0.3333333333333333,0.2857142857142857,0.0,0.0,0.0,0.0,0.4331955922865014,0.5510204081632653,0.951219512195122,1
0.5024570024570024,0.1095890410958904,0.5,0.122602640058206,0.6,0.8,0.6666666666666666,0.8571428571428571,0.6000000000000001,0.0,1.0,0.0,0.0,0.39795918367346933,0.951219512195122,0
0.9125307125307125,0.3972602739726027,0.5,0.061788448879187885,0.7333333333333333,0.5333333333333333,0.3333333333333333,0.07142857142857142,1.0,0.0,1.0,0.0,0.0,0.39795918367346933,0.951219512195122,0
0.08556511056511057,0.1780821917808219,0.5,0.16879742230537367,1.0,0.6,0.3333333333333333,0.8571428571428571,0.0,0.0,0.0,0.0,0.0,0.5,0.951219512195122,0
0.20875307125307124,0.4383561643835617,0.5,0.15479887745556595,1.0,0.6,0.3333333333333333,0.8571428571428571,1.0,0.0,1.0,0.0,0.0,0.39795918367346933,0.951219512195122,1
0.04932432432432432,0.2465753424657534,0.0,0.3046495513286907,0.7333333333333333,0.5333333333333333,0.6666666666666666,0.0,0.8,1.0,1.0,0.0,0.0,0.39795918367346933,0.951219512195122,0
0.5844594594594594,0.0547945205479452,0.5,0.20886047881370615,1.0,0.6,0.6666666666666666,0.8571428571428571,0.2,0.0,0.0,0.0,0.0,0.39795918367346933,0.951219512195122,0
0.44431818181818183,0.2876712328767123,0.5,0.11944011364030073,0.7333333333333333,0.5333333333333333,0.3333333333333333,0.21428571428571427,0.0,0.0,0.0,0.0,0.39944903581267216,0.47959183673469385,0.951219512195122,0
0.6925982800982801,0.1095890410958904,0.5,0.1252579426947996,0.7333333333333333,0.5333333333333333,0.6666666666666666,0.2857142857142857,0.6000000000000001,0.0,0.0,0.0,0.0,0.24489795918367346,0.951219512195122,0
0.18961916461916462,0.0410958904109589,0.5,0.10983958701451685,1.0,0.6,0.6666666666666666,0.07142857142857142,0.6000000000000001,0.0,1.0,0.0,0.0,0.14285714285714282,0.951219512195122,0
0.8007063882063882,0.30136986301369856,0.5,0.130179122059384,0.6,0.8,0.0,0.07142857142857142,0.2,0.0,0.0,0.0,0.0,0.39795918367346933,0.951219512195122,0
0.9834152334152334,0.0547945205479452,0.5,0.1383660742126598,1.0,0.6,0.6666666666666666,0.8571428571428571,0.6000000000000001,0.0,1.0,0.0,0.40449954086317724,0.2755102040816326,0.951219512195122,0
0.5358722358722359,0.0821917808219178,0.5,0.28826802480684616,0.7333333333333333,0.5333333333333333,0.6666666666666666,0.21428571428571427,0.2,0.0,0.0,0.0,0.0,0.39795918367346933,0.951219512195122,0
0.673433660933661,0.1780821917808219,0.5,0.053591102795967155,1.0,0.6,0.3333333333333333,0.7142857142857142,1.0,1.0,1.0,0.0,0.0,0.04081632653061224,0.951219512195122,1
0.7728808353808354,0.1095890410958904,0.5,0.15325918996639298,0.4666666666666667,0.7333333333333334,0.6666666666666666,0.9285714285714285,0.2,0.0,0.0,0.0,0.0,0.2959183673469387,0.951219512195122,0
0.5364864864864864,0.0547945205479452,0.5,0.09708207740013165,1.0,0.6,0.6666666666666666,0.5714285714285714,0.2,1.0,1.0,0.0,0.0,0.2959183673469387,0.951219512195122,0
0.13083538083538082,0.3972602739726027,0.5,0.03290163877628798,1.0,0.6,0.0,0.8571428571428571,0.2,0.0,0.0,0.0,0.0,0.5,0.951219512195122,0
0.16062653562653562,0.0410958904109589,0.875,0.1037265703495825,1.0,0.6,0.3333333333333333,0.5714285714285714,0.0,0.0,0.0,0.0,0.0,0.19387755102040813,0.951219512195122,0
0.7652027027027026,0.3972602739726027,0.5,0.0433842635900634,0.4666666666666667,0.7333333333333334,0.3333333333333333,0.21428571428571427,0.0,0.0,0.0,0.0,0.3409090909090909,0.5510204081632653,0.951219512195122,0
0.23135749385749385,0.1232876712328767,0.5,0.14695353913314627,0.7333333333333333,0.5333333333333333,0.6666666666666666,0.2857142857142857,0.2,0.0,0.0,0.0,0.0,0.39795918367346933,0.951219512195122,0
0.43445945945945946,0.4520547945205479,0.5,0.06720853688112809,0.4,0.26666666666666666,0.3333333333333333,0.5,0.0,0.0,0.0,0.0,0.0,0.47959183673469385,0.951219512195122,0
0.03624078624078624,0.4520547945205479,0.0,0.09266535010220697,0.7333333333333333,0.5333333333333333,0.3333333333333333,0.0,0.0,0.0,0.0,0.0,0.0,0.39795918367346933,0.951219512195122,1
0.6203316953316953,0.1095890410958904,0.5,0.11414752451235145,0.7333333333333333,0.5333333333333333,0.6666666666666666,0.8571428571428571,0.2,0.0,0.0,0.0,0.34527089072543615,0.36734693877551017,0.951219512195122,0
0.4267506142506142,0.27397260273972607,0.5,0.13303675986557184,0.7333333333333333,0.5333333333333333,0.3333333333333333,0.5,0.0,0.0,0.0,0.0,0.42424242424242425,0.47959183673469385,0.951219512195122,1
0.6721437346437347,0.3150684931506849,0.5,0.14785365346637563,0.6,0.8,0.3333333333333333,0.2857142857142857,1.0,0.0,1.0,0.0,0.0,0.44897959183673464,0.951219512195122,1
0.17896191646191645,0.5068493150684932,0.5,0.07180611856009424,1.0,0.6,0.3333333333333333,0.21428571428571427,0.0,0.0,0.0,0.0,0.0,0.39795918367346933,0.951219512195122,0
0.8488636363636364,0.2328767123287671,0.5,0.2546602917229671,0.8,0.8666666666666667,0.3333333333333333,0.2857142857142857,0.0,0.0,0.0,0.0,0.0,0.39795918367346933,0.951219512195122,1
0.2819103194103194,0.2054794520547945,0.5,0.10526417905276651,0.6,0.8,0.3333333333333333,0.2857142857142857,0.0,0.0,0.0,0.0,0.0,0.6020408163265305,0.951219512195122,1
0.5544226044226044,0.5068493150684932,0.5,0.028494612479645215,0.7333333333333333,0.5333333333333333,0.3333333333333333,0.21428571428571427,0.0,0.0,0.0,0.0,0.0,0.39795918367346933,0.951219512195122,0
0.9549447174447174,0.3835616438356165,0.875,0.09151231680698471,0.8,0.8666666666666667,0.3333333333333333,0.7142857142857142,0.0,0.0,0.0,0.0,0.0,0.39795918367346933,0.951219512195122,1
0.0029484029484029483,0.4246575342465753,0.75,0.12402868724664796,0.6666666666666666,1.0,0.3333333333333333,0.7142857142857142,0.0,0.0,0.0,0.0,0.43663911845730025,0.6020408163265305,0.951219512195122,1
0.1717137592137592,0.1506849315068493,0.5,0.2054006859993764,0.6,0.8,0.6666666666666666,0.8571428571428571,0.2,0.0,1.0,0.0,0.0,0.47959183673469385,0.951219512195122,0
0.5348587223587223,0.41095890410958896,0.25,0.12616498631465892,0.7333333333333333,0.5333333333333333,0.3333333333333333,0.5714285714285714,1.0,0.0,1.0,0.0,0.0,0.061224489795918366,0.951219512195122,1
0.052948402948402945,0.0547945205479452,0.5,0.03147697744517202,0.7333333333333333,0.5333333333333333,0.6666666666666666,0.5714285714285714,0.2,0.0,1.0,0.0,0.0,0.2959183673469387,0.951219512195122,0
0.042598280098280095,0.3150684931506849,0.75,0.17603090461836954,1.0,0.6,0.0,0.2857142857142857,0.4,0.0,0.0,0.0,0.3590449954086318,0.7040816326530611,0.4878048780487805,1
0.2898034398034398,0.1232876712328767,0.5,0.031339084641236185,0.7333333333333333,0.5333333333333333,0.6666666666666666,1.0,0.2,0.0,0.0,0.0,0.0,0.39795918367346933,0.951219512195122,0
0.43366093366093367,0.3150684931506849,0.5,0.06479506634791948,0.9333333333333333,0.9333333333333333,0.6666666666666666,0.7142857142857142,0.2,0.0,1.0,0.14084140841408413,0.0,0.5,0.951219512195122,1
0.5612714987714987,0.2876712328767123,0.5,0.41268267331878183,0.6,0.8,0.3333333333333333,0.8571428571428571,0.0,0.0,0.0,0.0,0.0,0.39795918367346933,0.951219512195122,1
0.6858108108108107,0.7123287671232876,0.5,0.09241658871219208,1.0,0.6,1.0,0.07142857142857142,0.2,0.0,1.0,0.0,0.0,0.2346938775510204,0.951219512195122,0
0.9302825552825552,0.41095890410958896,0.5,0.08894363025326542,0.7333333333333333,0.5333333333333333,0.3333333333333333,0.2857142857142857,0.0,0.0,0.0,0.0,0.0,0.39795918367346933,0.951219512195122,1
0.5963452088452088,0.3698630136986301,0.5,0.09680213422028201,0.8,0.8666666666666667,0.3333333333333333,0.2857142857142857,1.0,0.0,1.0,0.0,0.0,0.2346938775510204,0.951219512195122,1
0.9643734643734644,0.4520547945205479,0.5,0.13137719571770087,0.8,0.8666666666666667,0.3333333333333333,0.5,0.0,0.0,0.0,0.0,0.0,0.2959183673469387,0.951219512195122,0
0.3087223587223587,0.6027397260273972,0.5,0.12555451616256108,0.7333333333333333,0.5333333333333333,1.0,0.07142857142857142,0.8,0.0,1.0,0.0,0.0,0.2346938775510204,0.951219512195122,0
0.7992014742014741,0.3698630136986301,0.5,0.07001281918026539,0.7333333333333333,0.5333333333333333,0.3333333333333333,0.21428571428571427,0.0,0.0,0.0,0.0,0.0,0.39795918367346933,0.951219512195122,0
0.06323710073710073,0.0410958904109589,0.5,0.11366524616290753,0.13333333333333333,0.4666666666666667,0.6666666666666666,0.07142857142857142,0.6000000000000001,0.0,1.0,0.0,0.0,0.39795918367346933,0.6341463414634146,0
0.16154791154791154,0.0547945205479452,0.5,0.2335723937220663,1.0,0.6,0.6666666666666666,0.07142857142857142,0.6000000000000001,0.0,1.0,0.0,0.0,0.14285714285714282,0.951219512195122,0
0.5547911547911548,0.1917808219178082,0.5,0.07991199805979975,0.6,0.8,0.3333333333333333,0.2857142857142857,1.0,0.0,1.0,0.0,0.0,0.5,0.951219512195122,1
0.8039312039312039,0.1095890410958904,0.875,0.1965332778990403,1.0,0.6,0.6666666666666666,0.21428571428571427,0.2,0.0,0.0,0.0,0.0,0.19387755102040813,0.951219512195122,0
0.7783783783783783,0.0136986301369863,0.5,0.06780792017461802,0.7333333333333333,0.5333333333333333,0.6666666666666666,0.07142857142857142,0.6000000000000001,0.0,1.0,0.0,0.0,0.2959183673469387,0.951219512195122,0
0.46004299754299754,0.5205479452054793,0.5,0.12997332224647473,0.7333333333333333,0.5333333333333333,0.3333333333333333,0.8571428571428571,1.0,0.0,1.0,0.0,0.0,0.5,0.951219512195122,0
0.37969901719901716,0.27397260273972607,0.25,0.1642982364965527,0.5333333333333333,0.6666666666666666,0.3333333333333333,0.7857142857142857,0.0,0.0,0.0,0.0,0.0,0.39795918367346933,0.951219512195122,1
0.6466830466830467,0.6438356164383561,0.25,0.08999826767834251,0.7333333333333333,0.5333333333333333,0.3333333333333333,0.21428571428571427,0.0,0.0,0.0,0.0,0.0,0.9999999999999999,0.951219512195122,0
0.06661547911547912,0.5753424657534245,0.5,0.09679659079097806,0.0,0.33333333333333337,0.8333333333333333,0.6428571428571428,0.2,1.0,1.0,0.0,0.0,0.2959183673469387,0.951219512195122,0
0.4449938574938575,0.0821917808219178,0.5,0.17836122371201885,0.5333333333333333,0.6666666666666666,0.6666666666666666,0.9285714285714285,0.2,0.0,0.0,0.0,0.0,0.39795918367346933,0.951219512195122,0
0.7785626535626535,0.1095890410958904,0.625,0.10253681183522156,0.6,0.8,0.6666666666666666,0.2857142857142857,0.6000000000000001,1.0,0.0,0.0,0.0,0.346938775510204,0.8780487804878049,0
0.6914312039312039,0.4246575342465753,0.5,0.13904930187437203,1.0,0.6,0.3333333333333333,0.21428571428571427,0.0,0.0,0.0,0.0,0.0,0.6020408163265305,0.951219512195122,1
0.45135135135135135,0.1232876712328767,0.5,0.2124858815784915,0.0,0.33333333333333337,0.3333333333333333,0.42857142857142855,0.0,0.0,0.0,0.0,0.0,0.39795918367346933,0.951219512195122,0
0.6757985257985257,0.2602739726027397,0.5,0.06710875515365693,0.7333333333333333,0.5333333333333333,0.3333333333333333,0.21428571428571427,0.0,0.0,0.0,0.0,0.0,0.39795918367346933,0.951219512195122,0
0.8997850122850123,0.0136986301369863,0.0,0.16613726916813915,0.7333333333333333,0.5333333333333333,0.6666666666666666,0.0,0.6000000000000001,0.0,1.0,0.0,0.0,0.2959183673469387,0.951219512195122,0
0.8674447174447174,0.35616438356164376,0.5,0.11662959498319649,0.6,0.8,0.8333333333333333,0.2857142857142857,0.8,0.0,0.0,0.08614086140861409,0.0,0.39795918367346933,0.951219512195122,1
0.12091523341523341,0.30136986301369856,0.5,0.12441949901257666,0.4666666666666667,0.7333333333333334,0.8333333333333333,0.7142857142857142,0.2,0.0,1.0,0.0,0.0,0.2959183673469387,0.951219512195122,0
0.941093366093366,0.2876712328767123,0.75,0.03813325018189377,0.6,0.8,0.3333333333333333,0.3571428571428571,0.0,0.0,0.0,0.0,0.0,0.6020408163265305,0.951219512195122,0
0.342014742014742,0.3972602739726027,0.75,0.14677822818140873,0.7333333333333333,0.5333333333333333,0.3333333333333333,0.2857142857142857,1.0,0.0,1.0,0.0,0.0,0.5,0.951219512195122,0
0.5628071253071253,0.1506849315068493,0.5,0.11617919135225029,0.7333333333333333,0.5333333333333333,0.0,1.0,0.8,1.0,1.0,0.0,0.0,0.19387755102040813,0.951219512195122,0
0.3852272727272727,0.35616438356164376,0.0,0.1304251117347469,0.6,0.8,0.3333333333333333,0.0,0.0,0.0,0.0,0.0,0.0,0.39795918367346933,0.951219512195122,0
0.01550982800982801,0.0958904109589041,0.5,0.26040813498250354,0.6,0.8,0.6666666666666666,0.2857142857142857,0.2,1.0,0.0,0.0,0.0,0.39795918367346933,0.951219512195122,0
0.6613329238329239,0.4520547945205479,0.875,0.1031008557668988,0.7333333333333333,0.5333333333333333,1.0,0.9285714285714285,0.8,1.0,1.0,0.0,0.0,0.39795918367346933,0.951219512195122,0
0.3013206388206388,0.1506849315068493,0.5,0.010858885077781244,0.9333333333333333,0.9333333333333333,0.3333333333333333,0.7142857142857142,0.0,1.0,0.0,0.0,0.0,0.9999999999999999,0.7317073170731707,0
0.3873771498771499,0.0547945205479452,0.5,0.05310674566053424,1.0,0.6,0.6666666666666666,0.7142857142857142,0.6000000000000001,0.0,0.0,0.0,0.0,0.09183673469387754,0.951219512195122,0
0.7573402948402949,0.6164383561643836,0.5,0.15246024321796073,0.6,0.8,0.3333333333333333,0.2857142857142857,0.0,0.0,0.0,0.0,0.0,0.39795918367346933,0.951219512195122,1
0.5523341523341523,0.4931506849315069,0.625,0.08547829400963171,0.6,0.8,0.3333333333333333,0.07142857142857142,1.0,1.0,1.0,0.0,0.0,0.5,0.8536585365853658,0
0.10085995085995086,0.136986301369863,0.5,0.12479575927658247,0.9333333333333333,0.9333333333333333,0.3333333333333333,0.07142857142857142,0.0,0.0,0.0,0.0,0.0,0.39795918367346933,0.951219512195122,0
0.10546683046683046,0.4931506849315069,0.5,0.06041714305512247,0.7333333333333333,0.5333333333333333,0.0,0.5714285714285714,0.2,0.0,1.0,0.0,0.0,0.37755102040816324,0.951219512195122,0
0.9761363636363636,0.5068493150684932,0.5,0.11548418390326716,0.7333333333333333,0.5333333333333333,0.3333333333333333,0.21428571428571427,0.0,0.0,0.0,0.0,0.0,0.47959183673469385,0.951219512195122,1
0.20534398034398033,0.41095890410958896,0.5,0.3067622908221599,0.7333333333333333,0.5333333333333333,0.3333333333333333,0.2857142857142857,1.0,0.0,1.0,0.0,0.0,0.39795918367346933,0.951219512195122,1
0.6302825552825553,0.136986301369863,0.5,0.17415306794165542,0.4666666666666667,0.7333333333333334,0.3333333333333333,0.21428571428571427,0.0,0.0,0.0,0.0,0.0,0.44897959183673464,0.951219512195122,1
0.4851351351351351,0.0547945205479452,0.5,0.14625437411218517,0.7333333333333333,0.5333333333333333,0.6666666666666666,0.5714285714285714,0.2,0.0,1.0,0.01055010550105501,0.0,0.2959183673469387,0.951219512195122,0
0.9262592137592137,0.32876712328767127,0.5,0.05852198316183349,0.4666666666666667,0.7333333333333334,0.0,0.8571428571428571,0.8,0.0,0.0,0.0,0.0,0.39795918367346933,0.951219512195122,0
0.10515970515970516,0.27397260273972607,0.5,0.22472577348162007,0.26666666666666666,0.13333333333333336,0.3333333333333333,0.3571428571428571,0.0,0.0,0.0,0.0,0.0,0.3571428571428571,0.6341463414634146,0
0.5769963144963145,0.46575342465753417,0.5,0.14983265772788693,0.7333333333333333,0.5333333333333333,0.5,0.21428571428571427,0.2,0.0,0.0,0.0,0.0,0.44897959183673464,0.0975609756097561,0
0.3620700245700246,0.1232876712328767,0.5,0.031400062363579666,0.6,0.8,0.3333333333333333,0.7142857142857142,0.0,0.0,0.0,0.0,0.0,0.39795918367346933,0.951219512195122,0
0.17257371007371006,0.2054794520547945,0.5,0.0566510757717493,0.7333333333333333,0.5333333333333333,0.3333333333333333,0.5714285714285714,0.0,0.0,0.0,0.0,0.0,0.24489795918367346,0.5121951219512195,0
0.03141891891891892,0.2328767123287671,0.5,0.014435089907494024,1.0,0.6,0.3333333333333333,0.5714285714285714,0.0,0.0,0.0,0.0,0.0,0.39795918367346933,0.951219512195122,0
0.7534090909090909,0.3972602739726027,0.5,0.3739576620586911,0.7333333333333333,0.5333333333333333,0.8333333333333333,0.42857142857142855,0.8,0.0,1.0,0.0,0.0,0.5,0.7073170731707318,0
0.664066339066339,0.41095890410958896,0.5,0.1218930811073,1.0,0.6,0.3333333333333333,0.7142857142857142,0.0,0.0,0.0,0.0,0.0,0.39795918367346933,0.951219512195122,0
0.22917690417690417,0.1643835616438356,0.25,0.012323043342687868,0.7333333333333333,0.5333333333333333,0.3333333333333333,0.5714285714285714,1.0,0.0,1.0,0.026350263502635026,0.0,0.39795918367346933,0.951219512195122,0
0.7612100737100737,0.4383561643835617,0.5,0.05940130963517305,0.6,0.8,0.0,0.7142857142857142,0.2,0.0,1.0,0.0,0.0,0.5,0.951219512195122,0
0.6968058968058968,0.4383561643835617,0.5,0.05241520285486609,0.5333333333333333,0.6666666666666666,0.3333333333333333,0.21428571428571427,0.0,0.0,0.0,0.05013050130501305,0.0,0.39795918367346933,0.951219512195122,0
0.10549754299754299,0.4520547945205479,0.5,0.05640785781103835,0.7333333333333333,0.5333333333333333,0.3333333333333333,1.0,0.0,0.0,0.0,0.0,0.0,0.39795918367346933,0.951219512195122,1
0.20718673218673217,0.7945205479452053,0.75,0.09305408308214669,0.6,0.8,1.0,0.7142857142857142,0.8,0.0,0.0,0.0,0.0,0.47959183673469385,0.951219512195122,1
0.43556511056511055,0.4794520547945205,0.5,0.08804490177736202,0.7333333333333333,0.5333333333333333,0.3333333333333333,1.0,1.0,0.0,1.0,0.0,0.0,0.39795918367346933,0.951219512195122,0
0.21996314496314495,0.3424657534246575,0.125,0.1885583619166407,0.7333333333333333,0.5333333333333333,0.0,0.07142857142857142,0.2,1.0,0.0,0.0,0.0,0.39795918367346933,0.951219512195122,0
0.7215909090909091,0.5342465753424657,0.5,0.10950975297093164,0.26666666666666666,0.13333333333333336,0.3333333333333333,0.21428571428571427,0.0,1.0,0.0,0.0,0.0,0.39795918367346933,0.926829268292683,0
0.21062653562653563,0.32876712328767127,0.625,0.048341475245123514,0.7333333333333333,0.5333333333333333,0.3333333333333333,0.21428571428571427,0.0,0.0,0.0,0.0,0.0,0.39795918367346933,0.951219512195122,0
0.8313267813267813,0.32876712328767127,0.5,0.03814849461247964,0.6,0.8,0.3333333333333333,0.5,0.0,0.0,0.0,0.0,0.0,0.39795918367346933,0.0,0
0.10927518427518428,0.0958904109589041,0.25,0.08446523230433427,0.6,0.8,0.6666666666666666,0.7142857142857142,0.6000000000000001,0.0,1.0,0.0,0.0,0.5,0.951219512195122,0
0.3349201474201474,0.7808219178082192,0.5,0.13662405155389254,0.26666666666666666,0.13333333333333336,0.3333333333333333,1.0,0.0,1.0,0.0,0.0,0.0,0.39795918367346933,0.951219512195122,0
0.9480651105651106,0.6849315068493149,0.5,0.057045352180992964,0.8,0.8666666666666667,0.3333333333333333,0.8571428571428571,0.0,0.0,0.0,0.0,0.0,0.2959183673469387,0.951219512195122,1
0.870546683046683,0.3972602739726027,0.5,0.47335758583653814,0.7333333333333333,0.5333333333333333,0.0,0.07142857142857142,0.2,0.0,1.0,0.0,0.0,0.43877551020408156,0.951219512195122,0
0.875522113022113,0.5068493150684932,0.5,0.11970827703287946,0.2,0.06666666666666667,0.8333333333333333,0.6428571428571428,0.4,0.0,1.0,0.0,0.0,0.39795918367346933,0.6341463414634146,0
0.7071253071253071,0.0821917808219178,0.5,0.12841908325537887,1.0,0.6,0.6666666666666666,0.07142857142857142,0.2,0.0,1.0,0.0,0.0,0.39795918367346933,0.951219512195122,0
0.2854115479115479,0.0273972602739726,0.0,0.1534795412812251,1.0,0.6,0.6666666666666666,0.0,0.6000000000000001,0.0,0.0,0.0,0.0,0.6020408163265305,0.951219512195122,0
0.6996314496314496,0.1232876712328767,0.5,0.07255378858746492,0.7333333333333333,0.5333333333333333,0.3333333333333333,0.21428571428571427,0.0,0.0,0.0,0.0,0.0,0.39795918367346933,0.951219512195122,1
0.4359336609336609,0.2328767123287671,0.5,0.10253681183522156,0.7333333333333333,0.5333333333333333,0.6666666666666666,0.9285714285714285,0.6000000000000001,1.0,0.0,0.14084140841408413,0.0,0.346938775510204,0.07317073170731708,1
0.7160626535626535,0.0684931506849315,0.0,0.10586564113224543,1.0,0.6,0.6666666666666666,0.0,0.6000000000000001,0.0,1.0,0.0,0.0,0.39795918367346933,0.5365853658536586,0
0.28209459459459457,0.3424657534246575,0.5,0.065561445449191,0.5333333333333333,0.6666666666666666,0.6666666666666666,0.9285714285714285,0.2,0.0,0.0,0.0,0.0,0.39795918367346933,0.951219512195122,0
0.0914004914004914,0.2328767123287671,0.5,0.11772303641340125,0.7333333333333333,0.5333333333333333,0.0,0.21428571428571427,0.2,0.0,0.0,0.033250332503325035,0.0,0.346938775510204,0.951219512195122,0
0.7215601965601965,0.1506849315068493,0.5,0.09518553164951668,0.0,0.33333333333333337,0.6666666666666666,0.5714285714285714,0.6000000000000001,1.0,1.0,0.0,0.0,0.2959183673469387,0.951219512195122,0
0.13461302211302212,0.0410958904109589,0.5,0.08400374181478017,1.0,0.6,0.6666666666666666,0.8571428571428571,0.4,0.0,1.0,0.0,0.0,0.39795918367346933,0.951219512195122,0
0.7792383292383293,0.5890410958904109,0.5,0.10674219589093302,0.7333333333333333,0.5333333333333333,0.3333333333333333,0.5714285714285714,1.0,0.0,1.0,1.0,0.0,0.39795918367346933,0.951219512195122,1
0.4253992628992629,0.4520547945205479,0.5,0.12026539167792676,0.7333333333333333,0.5333333333333333,0.3333333333333333,0.8571428571428571,0.0,0.0,0.0,0.0,0.0,0.39795918367346933,0.951219512195122,0
0.7959459459459459,0.1780821917808219,0.5,0.09612029241589579,0.26666666666666666,0.13333333333333336,0.3333333333333333,0.5,0.0,0.0,0.0,0.034640346403464035,0.0,0.39795918367346933,0.6341463414634146,0
0.25436117936117936,0.35616438356164376,0.5,0.09097945466514222,0.26666666666666666,0.13333333333333336,0.3333333333333333,0.5,1.0,1.0,1.0,0.0,0.4887511478420569,0.7244897959183673,0.0,0
0.7817874692874692,0.1917808219178082,0.5,0.05238956449433531,1.0,0.6,0.3333333333333333,0.07142857142857142,0.0,0.0,0.0,0.0,0.0,0.39795918367346933,0.951219512195122,0
0.5071867321867322,0.5205479452054793,0.5,0.11589162595710771,0.06666666666666667,0.4,1.0,0.42857142857142855,0.8,0.0,1.0,0.0,0.0,0.39795918367346933,0.951219512195122,0
0.1635135135135135,0.3150684931506849,0.5,0.18013027058864292,0.7333333333333333,0.5333333333333333,0.0,0.5,0.2,0.0,1.0,0.0,0.0,0.39795918367346933,0.951219512195122,0
0.908108108108108,0.136986301369863,0.625,0.1258240654124658,0.7333333333333333,0.5333333333333333,0.6666666666666666,0.8571428571428571,0.2,0.0,0.0,0.0,0.0,0.5,0.951219512195122,0
0.48980343980343977,0.5068493150684932,0.875,0.12231853930637841,0.6666666666666666,1.0,0.6666666666666666,0.2857142857142857,0.2,0.0,1.0,0.0,0.0,0.5,0.951219512195122,1
0.25316339066339066,0.1643835616438356,0.5,0.08374112185150538,0.13333333333333333,0.4666666666666667,0.3333333333333333,1.0,0.0,0.0,0.0,0.0,0.0,0.39795918367346933,0.951219512195122,1
0.0894963144963145,0.0958904109589041,0.5,0.14989987180819736,0.06666666666666667,0.4,0.6666666666666666,0.5,0.8,0.0,1.0,0.0,0.0,0.39795918367346933,0.951219512195122,0
0.19278255528255528,0.2876712328767123,0.25,0.19204171430551226,0.7333333333333333,0.5333333333333333,0.0,0.7857142857142857,0.2,0.0,0.0,0.0,0.0,0.5612244897959183,0.951219512195122,0
0.2476965601965602,0.1232876712328767,0.5,0.11732113778886465,1.0,0.6,0.3333333333333333,0.5,0.0,1.0,0.0,0.0,0.0,0.39795918367346933,0.951219512195122,0
0.8467137592137592,0.2876712328767123,0.0,0.0993597339153934,0.7333333333333333,0.5333333333333333,0.0,0.0,0.8,1.0,1.0,0.0,0.0,0.39795918367346933,0.951219512195122,0
0.9668611793611793,0.3150684931506849,0.75,0.031145757544260813,0.5333333333333333,0.6666666666666666,0.3333333333333333,0.2857142857142857,0.0,0.0,0.0,0.0,0.0,0.39795918367346933,0.951219512195122,1
0.12954545454545455,0.0958904109589041,0.5,0.1856002494543187,0.0,0.33333333333333337,0.6666666666666666,0.8571428571428571,0.2,0.0,0.0,0.0,0.0,0.48979591836734687,0.1951219512195122,0
0.8817260442260442,0.1232876712328767,0.5,0.11071475591587845,1.0,0.6,0.6666666666666666,0.8571428571428571,0.6000000000000001,0.0,1.0,0.0,0.0,0.2346938775510204,0.951219512195122,0
0.5079238329238329,0.0684931506849315,0.5,0.0842240931296123,1.0,0.6,0.6666666666666666,0.07142857142857142,0.6000000000000001,0.0,1.0,0.0,0.0,0.39795918367346933,0.951219512195122,0
0.5972665847665848,0.4246575342465753,0.25,0.04772130409174375,0.5333333333333333,0.6666666666666666,0.6666666666666666,0.7857142857142857,0.8,0.0,0.0,0.0,0.0,0.47959183673469385,0.951219512195122,0
0.3123771498771499,0.2602739726027397,0.5,0.15636489623393274,0.8,0.8666666666666667,0.3333333333333333,0.2857142857142857,0.0,0.0,0.0,0.15024150241502415,0.0,0.5,0.951219512195122,1
0.13568796068796068,0.5068493150684932,0.5,0.09293836399542667,1.0,0.6,1.0,0.2857142857142857,0.8,0.0,1.0,0.0,0.0,0.39795918367346933,0.951219512195122,0
0.49020270270270266,0.41095890410958896,0.25,0.12914457956553374,0.6,0.8,0.3333333333333333,0.7142857142857142,0.0,0.0,0.0,0.0,0.0,0.39795918367346933,0.951219512195122,1
0.008845208845208844,0.1095890410958904,0.5,0.2492478259363199,0.6,0.8,0.6666666666666666,0.2857142857142857,0.2,0.0,1.0,0.0,0.0,0.39795918367346933,0.951219512195122,0
0.24692874692874692,0.46575342465753417,0.5,0.09038007137165228,0.6666666666666666,1.0,0.0,0.21428571428571427,0.2,0.0,1.0,0.04787047870478705,0.0,0.6020408163265305,0.951219512195122,1
0.6476965601965602,0.0958904109589041,0.5,0.15328552125558675,1.0,0.6,0.3333333333333333,1.0,0.0,0.0,0.0,0.0,0.0,0.39795918367346933,0.951219512195122,1
0.38046683046683044,0.0136986301369863,0.5,0.017043966323666976,0.7333333333333333,0.5333333333333333,0.6666666666666666,0.07142857142857142,0.6000000000000001,0.0,1.0,0.0,0.0,0.19387755102040813,0.951219512195122,0
0.6411547911547911,0.3972602739726027,0.5,0.1278959221148183,0.8,0.8666666666666667,0.3333333333333333,0.7142857142857142,0.0,0.0,0.0,0.0,0.0,0.346938775510204,0.951219512195122,1
0.08135749385749386,0.1506849315068493,0.5,0.12034230675951911,0.7333333333333333,0.5333333333333333,0.3333333333333333,0.07142857142857142,1.0,0.0,1.0,0.0,0.0,0.39795918367346933,0.951219512195122,0
0.7996007371007371,0.3698630136986301,0.5,0.13483906731801962,0.7333333333333333,0.5333333333333333,0.6666666666666666,0.8571428571428571,0.4,0.0,1.0,0.0,0.0,0.14285714285714282,0.951219512195122,0
0.3003071253071253,0.6849315068493149,0.0,0.16004642622042062,0.4,0.26666666666666666,0.3333333333333333,0.0,0.0,0.0,0.0,0.0,0.0,0.14285714285714282,0.951219512195122,0
0.8101351351351351,0.5753424657534245,0.125,0.11528600630565083,0.4666666666666667,0.7333333333333334,0.3333333333333333,0.07142857142857142,0.0,0.0,0.0,0.0,0.0,0.39795918367346933,0.951219512195122,0
0.13482800982800983,0.4246575342465753,0.75,0.21139521186293872,0.6,0.8,0.3333333333333333,0.7142857142857142,1.0,0.0,1.0,0.0,0.0,0.19387755102040813,0.951219512195122,1
0.2998157248157248,0.136986301369863,0.5,0.21975608911062608,0.6,0.8,0.6666666666666666,0.2857142857142857,0.2,0.0,0.0,0.0,0.0,0.44897959183673464,0.951219512195122,0
0.38636363636363635,0.6575342465753424,0.5,0.10929355922807747,0.6,0.8,0.3333333333333333,0.07142857142857142,0.0,0.0,0.0,0.0,0.0,0.336734693877551,0.951219512195122,0
0.12097665847665848,0.2602739726027397,0.5,0.10286040952083983,0.7333333333333333,0.5333333333333333,0.3333333333333333,0.5,0.0,0.0,0.0,0.0,0.0,0.6020408163265305,0.951219512195122,0
0.4262285012285012,0.0136986301369863,0.5,0.11072376398849738,1.0,0.6,0.6666666666666666,0.5714285714285714,0.6000000000000001,0.0,1.0,0.0,0.0,0.24489795918367346,0.951219512195122,0
0.04364250614250614,0.3150684931506849,0.5,0.1690170806915428,0.5333333333333333,0.6666666666666666,0.3333333333333333,0.42857142857142855,0.0,1.0,0.0,0.0,0.0,0.39795918367346933,0.951219512195122,0
0.6783476658476658,0.4931506849315069,0.875,0.06474933305616186,0.7333333333333333,0.5333333333333333,0.3333333333333333,0.5714285714285714,1.0,1.0,1.0,0.0,0.0,0.2755102040816326,0.951219512195122,1
0.855436117936118,0.3424657534246575,0.0,0.1334109413435887,0.4,0.26666666666666666,0.6666666666666666,0.0,0.6000000000000001,1.0,0.0,0.0,0.0,0.346938775510204,0.951219512195122,0
0.2536855036855037,0.1095890410958904,0.5,0.12143921283303884,1.0,0.6,0.6666666666666666,0.21428571428571427,0.2,0.0,0.0,0.0,0.0,0.39795918367346933,0.951219512195122,0
0.03574938574938575,0.4520547945205479,0.5,0.08431417385580155,0.6,0.8,0.3333333333333333,0.7142857142857142,1.0,0.0,1.0,0.0,0.45385674931129477,0.39795918367346933,0.951219512195122,1
0.31114864864864866,0.0,0.5,0.1367598655718394,0.13333333333333333,0.4666666666666667,0.6666666666666666,0.5714285714285714,0.6000000000000001,0.0,0.0,0.0,0.0,0.1530612244897959,0.951219512195122,0
0.12840909090909092,0.6301369863013697,0.5,0.09856286595295013,1.0,0.6,1.0,0.5714285714285714,0.2,0.0,1.0,0.0,0.0,0.39795918367346933,0.951219512195122,0
0.5487714987714988,0.2602739726027397,0.25,0.09028028964418112,0.7333333333333333,0.5333333333333333,0.3333333333333333,0.2857142857142857,0.0,0.0,0.0,0.0,0.0,0.44897959183673464,0.951219512195122,1
0.5378071253071253,0.4520547945205479,0.5,0.02205661227176662,0.7333333333333333,0.5333333333333333,0.0,0.21428571428571427,0.8,0.0,1.0,0.0,0.0,0.39795918367346933,0.951219512195122,0
0.6537162162162162,0.4520547945205479,0.5,0.09286976405779025,0.4,0.26666666666666666,0.3333333333333333,0.5,0.0,0.0,0.0,0.0,0.0,0.39795918367346933,0.951219512195122,0
0.1504914004914005,0.2191780821917808,0.5,0.12748570834632575,0.7333333333333333,0.5333333333333333,0.3333333333333333,0.21428571428571427,0.0,0.0,0.0,0.0,0.0,0.39795918367346933,0.951219512195122,1
0.2694410319410319,0.4383561643835617,0.875,0.09047638845580847,0.7333333333333333,0.5333333333333333,0.3333333333333333,0.7142857142857142,0.0,0.0,0.0,0.0,0.0,0.39795918367346933,0.951219512195122,1
0.6749385749385749,0.2328767123287671,0.75,0.1247091431937082,0.9333333333333333,0.9333333333333333,0.3333333333333333,0.7142857142857142,0.0,0.0,0.0,0.0,0.0,0.346938775510204,0.951219512195122,1
0.9076167076167075,0.2328767123287671,0.5,0.19500259848248624,1.0,0.6,0.3333333333333333,0.21428571428571427,0.0,1.0,0.0,0.0,0.0,0.39795918367346933,0.7317073170731707,0
0.08636363636363636,0.3150684931506849,0.5,0.06489346221806465,0.7333333333333333,0.5333333333333333,0.3333333333333333,0.8571428571428571,1.0,0.0,1.0,0.05013050130501305,0.0,0.19387755102040813,0.951219512195122,0
0.02297297297297297,0.1643835616438356,0.5,0.17652288396909538,0.06666666666666667,0.4,0.6666666666666666,0.21428571428571427,0.6000000000000001,1.0,0.0,0.0,0.0,0.39795918367346933,0.34146341463414637,0
0.7251535626535627,0.4931506849315069,0.5,0.0790638533762949,0.7333333333333333,0.5333333333333333,0.0,0.5,0.6000000000000001,0.0,0.0,0.0,0.0,0.39795918367346933,0.951219512195122,0
0.037438574938574935,0.2876712328767123,0.5,0.1306399196202751,0.9333333333333333,0.9333333333333333,0.3333333333333333,0.7142857142857142,0.0,0.0,0.0,0.0,0.0,0.39795918367346933,0.951219512195122,1
0.5316031941031941,0.0410958904109589,0.5,0.07263555416969823,1.0,0.6,0.6666666666666666,0.07142857142857142,0.4,1.0,1.0,0.0,0.0,0.2346938775510204,0.951219512195122,0
0.5925982800982801,0.136986301369863,0.5,0.12949935904098675,0.6,0.8,0.6666666666666666,0.7857142857142857,0.6000000000000001,0.0,1.0,0.0,0.0,0.39795918367346933,0.951219512195122,0
0.9678439803439803,0.547945205479452,0.5,0.08344177666909192,0.8,0.8666666666666667,0.8333333333333333,0.7142857142857142,0.2,0.0,0.0,0.1052010520105201,0.0,0.31632653061224486,0.951219512195122,1
0.0839066339066339,0.1095890410958904,0.5,0.12101306170529742,1.0,0.6,0.6666666666666666,0.5714285714285714,0.2,0.0,0.0,0.025970259702597025,0.0,0.47959183673469385,0.951219512195122,0
0.19007985257985258,0.2054794520547945,0.875,0.29883310813151787,0.7333333333333333,0.5333333333333333,0.3333333333333333,0.7857142857142857,0.0,0.0,0.0,0.0,0.0,0.44897959183673464,0.951219512195122,0
0.8766277641277641,0.6986301369863013,0.0,0.16837542874961023,1.0,0.6,0.3333333333333333,0.0,0.0,0.0,0.0,0.0,0.0,0.47959183673469385,0.951219512195122,1
0.8357800982800982,0.3698630136986301,0.5,0.08271142985829609,0.4666666666666667,0.7333333333333334,0.3333333333333333,0.2857142857142857,0.0,0.0,0.0,0.0,0.0,0.5408163265306122,0.951219512195122,1
0.42976044226044224,0.2191780821917808,0.5,0.10187298617607317,0.7333333333333333,0.5333333333333333,0.0,0.5714285714285714,0.8,0.0,1.0,0.0,0.0,0.39795918367346933,0.951219512195122,0
0.32837837837837835,0.2876712328767123,0.25,0.07228839690953816,0.7333333333333333,0.5333333333333333,0.3333333333333333,0.07142857142857142,1.0,0.0,1.0,0.0,0.0,0.346938775510204,0.951219512195122,1
0.2470823095823096,0.41095890410958896,0.75,0.0731594082389218,0.7333333333333333,0.5333333333333333,0.16666666666666666,0.21428571428571427,0.0,0.0,0.0,0.0,0.0,0.9081632653061223,0.951219512195122,0
0.003992628992628993,0.1506849315068493,0.5,0.03972975782143228,0.4666666666666667,0.7333333333333334,0.6666666666666666,0.8571428571428571,0.2,0.0,1.0,0.0,0.0,0.6020408163265305,0.951219512195122,0
0.30396191646191645,0.8082191780821917,0.5,0.05601635311644666,0.7333333333333333,0.5333333333333333,0.3333333333333333,0.8571428571428571,0.0,0.0,0.0,0.014240142401424015,0.0,0.2346938775510204,0.951219512195122,0
0.8658169533169533,0.41095890410958896,0.5,0.11994595156428646,0.7333333333333333,0.5333333333333333,0.3333333333333333,0.7142857142857142,0.0,0.0,0.0,0.05013050130501305,0.0,0.2346938775510204,0.951219512195122,0
0.9906019656019656,0.1917808219178082,0.5,0.1658691057755604,1.0,0.6,0.3333333333333333,0.5714285714285714,0.0,1.0,0.0,0.0,0.3409090909090909,0.5510204081632653,0.0,1
0.8155405405405405,0.2465753424657534,0.5,0.1348896511104182,1.0,0.6,0.3333333333333333,0.8571428571428571,0.0,0.0,0.0,0.0,0.0,0.39795918367346933,0.951219512195122,1
0.4891891891891892,0.5616438356164384,0.5,0.07886844749333057,0.8,0.8666666666666667,0.0,0.07142857142857142,0.2,0.0,1.0,0.0,0.45454545454545453,0.44897959183673464,0.951219512195122,0
0.6185810810810811,0.1232876712328767,0.5,0.20387901465544123,1.0,0.6,0.6666666666666666,0.42857142857142855,0.6000000000000001,0.0,0.0,0.0,0.0,0.39795918367346933,0.951219512195122,0
0.19373464373464372,0.2465753424657534,0.5,0.14709558950906004,1.0,0.6,0.6666666666666666,0.2857142857142857,0.2,0.0,0.0,0.0,0.0,0.6020408163265305,0.951219512195122,0
0.1776105651105651,0.1232876712328767,0.125,0.1086623012160898,1.0,0.6,0.6666666666666666,0.9285714285714285,0.6000000000000001,0.0,1.0,0.0,0.0,0.39795918367346933,0.951219512195122,0
0.3161240786240786,0.0273972602739726,0.5,0.12146000069292866,0.7333333333333333,0.5333333333333333,0.6666666666666666,0.21428571428571427,0.6000000000000001,0.0,0.0,0.0,0.0,0.19387755102040813,0.951219512195122,0
0.29321253071253073,0.1506849315068493,0.5,0.27267297231749993,0.4666666666666667,0.7333333333333334,0.3333333333333333,0.9285714285714285,0.0,0.0,0.0,0.0,0.0,0.44897959183673464,0.951219512195122,1
0.7719287469287469,0.0410958904109589,0.0,0.13110556768180717,1.0,0.6,0.6666666666666666,0.0,0.6000000000000001,0.0,0.0,0.0,0.0,0.39795918367346933,0.951219512195122,0
0.5454545454545454,0.27397260273972607,0.75,0.1163184700135121,0.9333333333333333,0.9333333333333333,0.3333333333333333,0.7142857142857142,0.0,0.0,0.0,0.0,0.0,0.44897959183673464,0.951219512195122,1
0.37263513513513513,0.2465753424657534,0.75,0.09755119010497869,0.7333333333333333,0.5333333333333333,0.3333333333333333,0.21428571428571427,0.0,0.0,0.0,0.0,0.0,0.6020408163265305,0.951219512195122,1
0.9728808353808354,0.35616438356164376,0.5,0.06432733950039843,0.7333333333333333,0.5333333333333333,0.3333333333333333,0.07142857142857142,0.0,0.0,0.0,0.0,0.0,0.39795918367346933,0.951219512195122,0
0.40276412776412773,0.3698630136986301,0.5,0.12767903544330111,0.6,0.8,0.3333333333333333,0.21428571428571427,0.0,0.0,0.0,0.07298072980729807,0.0,0.39795918367346933,0.951219512195122,1
0.05672604422604422,0.0547945205479452,0.5,0.36450403630946193,1.0,0.6,0.6666666666666666,0.5714285714285714,0.6000000000000001,0.0,1.0,0.0,0.0,0.39795918367346933,0.8048780487804879,0
0.9646498771498772,0.3698630136986301,0.5,0.1244007899386758,1.0,0.6,0.3333333333333333,0.21428571428571427,0.0,0.0,0.0,0.0,0.0,0.44897959183673464,0.951219512195122,0
0.3584152334152334,0.4246575342465753,0.5,0.14927692894016562,0.6,0.8,0.3333333333333333,0.8571428571428571,0.0,0.0,0.0,0.0,0.0,0.6020408163265305,0.951219512195122,0
0.35491400491400493,0.30136986301369856,0.5,0.2161563247063715,0.7333333333333333,0.5333333333333333,1.0,0.5,0.8,1.0,1.0,0.0,0.0,0.39795918367346933,0.951219512195122,0
0.12825552825552824,0.5068493150684932,0.25,0.08689741191144372,0.7333333333333333,0.5333333333333333,0.3333333333333333,0.21428571428571427,0.0,0.0,0.0,0.0,0.0,0.39795918367346933,0.951219512195122,1
0.3663083538083538,0.2602739726027397,0.25,0.11292658420815577,0.7333333333333333,0.5333333333333333,0.3333333333333333,0.5714285714285714,1.0,0.0,1.0,0.0,0.0,0.346938775510204,0.951219512195122,0
0.6549140049140049,0.0410958904109589,0.875,0.2908685860790632,1.0,0.6,0.6666666666666666,0.42857142857142855,0.2,0.0,0.0,0.0,0.0,0.14285714285714282,0.951219512195122,0
0.10334766584766585,0.46575342465753417,0.5,0.08769843744586495,0.6,0.8,0.3333333333333333,0.2857142857142857,0.0,0.0,0.0,0.0,0.0,0.39795918367346933,0.951219512195122,1
0.3055282555282555,0.32876712328767127,0.75,0.23008280497522782,0.7333333333333333,0.5333333333333333,0.3333333333333333,0.5714285714285714,0.0,0.0,0.0,0.0,0.0,0.09183673469387754,0.951219512195122,0
0.3232493857493857,0.0821917808219178,0.5,0.12210788899282819,0.6,0.8,0.6666666666666666,0.5714285714285714,0.6000000000000001,0.0,1.0,0.0,0.0,0.24489795918367346,0.951219512195122,0
0.8562653562653563,0.2602739726027397,0.5,0.1176093961126702,1.0,0.6,0.0,0.9285714285714285,0.8,0.0,1.0,0.0,0.0,0.39795918367346933,0.951219512195122,0
0.9457616707616707,0.0273972602739726,0.25,0.23685618265599556,0.7333333333333333,0.5333333333333333,0.6666666666666666,0.07142857142857142,0.6000000000000001,0.0,0.0,0.0,0.0,0.346938775510204,0.951219512195122,0
0.2745085995085995,0.1780821917808219,0.5,0.10753629213872432,1.0,0.6,0.0,0.5,0.2,0.0,0.0,0.0,0.0,0.5,0.951219512195122,0
0.22527641277641278,0.3150684931506849,0.5,0.021077504070955898,0.5333333333333333,0.6666666666666666,0.0,0.21428571428571427,0.8,0.0,1.0,0.0,0.0,0.39795918367346933,0.951219512195122,0
0.9294533169533169,0.5342465753424657,0.75,0.10943560960399126,0.7333333333333333,0.5333333333333333,0.3333333333333333,0.3571428571428571,0.0,0.0,0.0,0.0,0.0,0.44897959183673464,0.951219512195122,0
0.8818796068796069,0.2191780821917808,0.5,0.1963108477982192,0.26666666666666666,0.13333333333333336,0.5,0.21428571428571427,0.2,0.0,0.0,0.0,0.0,0.39795918367346933,0.6341463414634146,0
0.3132985257985258,0.0547945205479452,0.5,0.15159061774590307,0.7333333333333333,0.5333333333333333,0.6666666666666666,0.5,0.6000000000000001,0.0,0.0,0.0,0.0,0.2959183673469387,0.951219512195122,0
0.1383906633906634,0.2465753424657534,0.5,0.116921317950317,0.7333333333333333,0.5333333333333333,0.6666666666666666,0.42857142857142855,0.6000000000000001,0.0,0.0,0.0,0.0,0.6020408163265305,0.951219512195122,0
0.5959766584766585,0.41095890410958896,0.5,0.22830405709732185,0.7333333333333333,0.5333333333333333,0.6666666666666666,0.07142857142857142,0.2,0.0,0.0,0.0,0.0,0.32653061224489793,0.951219512195122,0
0.6994164619164619,0.32876712328767127,0.625,0.19923639261338047,0.4,0.26666666666666666,0.3333333333333333,0.8571428571428571,1.0,0.0,1.0,0.0,0.0,0.7040816326530611,0.14634146341463417,0
0.1411240786240786,0.3424657534246575,0.5,0.1439656307383155,0.7333333333333333,0.5333333333333333,0.3333333333333333,0.8571428571428571,0.0,1.0,0.0,0.0,0.0,0.39795918367346933,0.951219512195122,1
0.33246314496314494,0.41095890410958896,0.5,0.09214842531961334,0.06666666666666667,0.4,0.0,0.21428571428571427,0.2,0.0,1.0,0.0,0.0,0.44897959183673464,0.951219512195122,0
0.8016584766584767,0.0958904109589041,0.5,0.07064061254893808,0.7333333333333333,0.5333333333333333,0.6666666666666666,0.8571428571428571,0.4,0.0,0.0,0.0,0.0,0.39795918367346933,0.951219512195122,0
0.9124692874692875,0.6849315068493149,0.0,0.13122128676852718,0.6,0.8,0.0,0.0,0.2,0.0,1.0,0.0,0.0,0.6020408163265305,0.951219512195122,0
0.12324938574938575,0.0410958904109589,0.5,0.09259744309323355,1.0,0.6,0.6666666666666666,0.07142857142857142,0.6000000000000001,0.0,1.0,0.0,0.0,0.14285714285714282,0.951219512195122,0
0.4126842751842752,0.3424657534246575,0.5,0.13252745729827115,0.7333333333333333,0.5333333333333333,0.6666666666666666,0.21428571428571427,0.2,0.0,0.0,0.0,0.0,0.39795918367346933,0.951219512195122,0
0.41775184275184274,0.2054794520547945,0.5,0.24947649239510794,0.4,0.26666666666666666,0.8333333333333333,0.5714285714285714,0.8,0.0,1.0,0.0,0.0,0.22448979591836732,0.6341463414634146,0
0.12285012285012285,0.6301369863013697,0.5,0.11041818244811696,0.6,0.8,0.3333333333333333,0.8571428571428571,0.0,0.0,0.0,0.0,0.0,0.39795918367346933,0.951219512195122,0
0.32509213759213756,0.2054794520547945,0.5,0.12179122059383986,0.6,0.8,0.6666666666666666,0.07142857142857142,0.6000000000000001,0.0,1.0,0.0,0.0,0.39795918367346933,0.951219512195122,0
0.9575552825552825,0.6438356164383561,0.0,0.1362138377854,0.7333333333333333,0.5333333333333333,0.3333333333333333,0.0,0.0,0.0,0.0,0.0,0.0,0.5,0.951219512195122,1
0.796990171990172,0.4931506849315069,0.5,0.028775248588157845,1.0,0.6,1.0,0.2857142857142857,0.2,0.0,1.0,0.0,0.0,0.5408163265306122,0.951219512195122,0
0.13089680589680588,0.0410958904109589,0.5,0.08389079444271212,1.0,0.6,0.6666666666666666,0.07142857142857142,0.6000000000000001,1.0,1.0,0.0,0.0,0.39795918367346933,0.975609756097561,0
0.7863636363636364,0.4383561643835617,0.5,0.14771091016179885,0.4666666666666667,0.7333333333333334,0.3333333333333333,0.7142857142857142,0.0,0.0,0.0,0.0,0.0,0.44897959183673464,0.951219512195122,1
0.9846437346437347,0.547945205479452,0.75,0.02681980390118837,0.7333333333333333,0.5333333333333333,0.3333333333333333,0.3571428571428571,0.0,0.0,0.0,0.0,0.0,0.2959183673469387,0.951219512195122,0
0.9953931203931203,0.1643835616438356,0.5,0.11888507778124242,0.7333333333333333,0.5333333333333333,0.6666666666666666,0.8571428571428571,0.2,0.0,1.0,0.0,0.0,0.24489795918367346,0.951219512195122,0
0.18449017199017198,0.4520547945205479,0.5,0.060855766898797764,0.6,0.8,0.0,0.2857142857142857,0.8,0.0,0.0,0.0,0.0,0.44897959183673464,0.951219512195122,1
0.9412469287469287,0.0821917808219178,0.5,0.03468385129750892,0.6,0.8,0.6666666666666666,0.7142857142857142,0.6000000000000001,0.0,0.0,0.0,0.0,0.39795918367346933,0.951219512195122,0
0.9876842751842752,0.3972602739726027,0.5,0.0995378165817829,0.6,0.8,0.6666666666666666,0.5,0.2,0.0,1.0,0.0,0.3677685950413223,0.07142857142857142,0.951219512195122,0
0.8453009828009828,0.1780821917808219,0.75,0.02296504174895194,0.5333333333333333,0.6666666666666666,0.0,0.21428571428571427,0.2,0.0,0.0,0.0,0.0,0.48979591836734687,0.951219512195122,0
0.7611179361179361,0.1643835616438356,0.25,0.12238783217267783,0.6,0.8,0.6666666666666666,0.7142857142857142,0.6000000000000001,1.0,1.0,0.0,0.0,0.4183673469387755,0.951219512195122,0
0.052057739557739555,0.46575342465753417,0.5,0.2792516370439663,0.7333333333333333,0.5333333333333333,0.3333333333333333,0.5,0.0,1.0,0.0,0.0,0.43663911845730025,0.39795918367346933,0.951219512195122,1
0.08184889434889435,0.726027397260274,0.5,0.05710217233135849,0.6,0.8,0.3333333333333333,0.8571428571428571,0.0,0.0,0.0,0.0,0.0,0.7040816326530611,0.951219512195122,1
0.3169226044226044,0.35616438356164376,0.5,0.13692894016560997,0.7333333333333333,0.5333333333333333,0.3333333333333333,0.07142857142857142,1.0,0.0,1.0,0.0,0.0,0.39795918367346933,0.951219512195122,1
0.5064803439803439,0.1095890410958904,0.5,0.12246959775491113,0.6,0.8,0.6666666666666666,0.42857142857142855,0.6000000000000001,0.0,0.0,0.0,0.0,0.39795918367346933,0.951219512195122,0
0.20208845208845208,0.2191780821917808,0.5,0.06879534351938468,0.8,0.8666666666666667,0.3333333333333333,0.2857142857142857,0.0,0.0,0.0,0.0,0.43663911845730025,0.44897959183673464,0.2682926829268293,1
0.20789312039312038,0.2191780821917808,0.25,0.11136749471641894,0.6,0.8,0.3333333333333333,0.07142857142857142,0.0,0.0,0.0,0.0,0.42424242424242425,0.44897959183673464,0.951219512195122,1
0.6597972972972973,0.1506849315068493,0.0,0.08006652115164743,0.7333333333333333,0.5333333333333333,0.6666666666666666,0.0,0.8,1.0,1.0,0.0,0.0,0.39795918367346933,0.951219512195122,0
0.9698710073710074,0.2876712328767123,0.5,0.033156636524269825,0.7333333333333333,0.5333333333333333,0.6666666666666666,1.0,0.2,0.0,1.0,0.0,0.0,0.39795918367346933,0.951219512195122,0
0.12023955773955773,0.46575342465753417,0.5,0.12060631258011988,0.7333333333333333,0.5333333333333333,0.3333333333333333,0.21428571428571427,0.0,0.0,0.0,0.0,0.0,0.39795918367346933,0.951219512195122,1
0.9807125307125307,0.41095890410958896,0.75,0.22044208848699026,1.0,0.6,0.6666666666666666,0.3571428571428571,0.2,0.0,0.0,0.0,0.0,0.6020408163265305,0.951219512195122,0
0.31597051597051595,0.32876712328767127,0.625,0.26677407060943076,0.6,0.8,0.3333333333333333,0.2857142857142857,0.0,0.0,0.0,0.0,0.0,0.7244897959183673,0.0,0
0.2693181818181818,0.0684931506849315,0.0,0.07503516612964695,1.0,0.6,0.6666666666666666,0.0,0.6000000000000001,0.0,1.0,0.0,0.0,0.39795918367346933,0.951219512195122,0
0.12705773955773955,0.3835616438356165,0.5,0.07472958458926653,1.0,0.6,0.3333333333333333,0.21428571428571427,0.0,0.0,0.0,0.0,0.4331955922865014,0.39795918367346933,0.951219512195122,1
0.6072481572481573,0.5753424657534245,0.5,0.11389114090704362,0.7333333333333333,0.5333333333333333,0.3333333333333333,0.21428571428571427,0.0,0.0,0.0,0.0,0.0,0.39795918367346933,0.951219512195122,1
0.03267813267813268,0.4383561643835617,0.5,0.11341371305824065,1.0,0.6,0.3333333333333333,0.8571428571428571,0.0,0.0,0.0,0.0,0.0,0.8061224489795917,0.951219512195122,1
0.16167076167076166,0.46575342465753417,0.5,0.14684682811904515,1.0,0.6,0.3333333333333333,0.8571428571428571,0.0,0.0,0.0,0.0,0.0,0.39795918367346933,0.951219512195122,1
0.8396498771498772,0.4794520547945205,0.5,0.12985691023109172,0.0,0.33333333333333337,0.3333333333333333,0.42857142857142855,0.0,0.0,0.0,0.0,0.0,0.44897959183673464,0.951219512195122,0
0.3972972972972973,0.7123287671232876,0.0,0.10484703599764404,0.7333333333333333,0.5333333333333333,1.0,0.0,0.2,0.0,1.0,0.0,0.0,0.19387755102040813,0.951219512195122,0
0.8706081081081081,0.3698630136986301,0.125,0.12506392266916122,0.7333333333333333,0.5333333333333333,0.6666666666666666,0.07142857142857142,0.8,0.0,1.0,0.0,0.0,0.39795918367346933,0.951219512195122,0
0.6630528255528255,0.3698630136986301,0.5,0.1481786370093199,0.5333333333333333,0.6666666666666666,0.3333333333333333,0.7142857142857142,0.0,0.0,0.0,0.0,0.0,0.5,0.951219512195122,1
0.9587223587223587,0.46575342465753417,0.625,0.22587742091951635,0.9333333333333333,0.9333333333333333,0.3333333333333333,0.7142857142857142,0.0,0.0,0.0,0.15024150241502415,0.0,0.6020408163265305,0.951219512195122,1
0.49938574938574937,0.30136986301369856,0.75,0.10243910889373939,0.6666666666666666,1.0,0.0,0.07142857142857142,0.4,1.0,0.0,0.0,0.0,0.39795918367346933,0.0,0
0.707002457002457,0.2876712328767123,0.5,0.06584069570037765,0.7333333333333333,0.5333333333333333,0.3333333333333333,0.21428571428571427,0.0,0.0,0.0,0.0,0.0,0.39795918367346933,0.951219512195122,0
0.701965601965602,0.5890410958904109,0.5,0.10278903786855142,1.0,0.6,0.0,0.21428571428571427,0.2,0.0,0.0,0.0,0.0,0.4693877551020408,0.951219512195122,0
0.05506756756756757,0.3835616438356165,0.5,0.10658767279908533,0.8,0.8666666666666667,0.6666666666666666,0.07142857142857142,0.2,1.0,1.0,0.0,0.0,0.39795918367346933,0.7317073170731707,0
0.16965601965601965,0.7123287671232876,0.5,0.06645948099643141,0.0,0.33333333333333337,0.6666666666666666,0.21428571428571427,0.4,0.0,0.0,0.0,0.0,0.39795918367346933,0.951219512195122,0
0.39717444717444716,0.5890410958904109,0.5,0.04958943976717597,0.7333333333333333,0.5333333333333333,0.3333333333333333,0.8571428571428571,0.0,0.0,0.0,0.0,0.0,0.39795918367346933,0.951219512195122,0
0.7130528255528256,0.0684931506849315,0.5,0.11966185081245885,0.7333333333333333,0.5333333333333333,0.5,0.5714285714285714,0.6000000000000001,0.0,1.0,0.0,0.0,0.020408163265306124,0.951219512195122,0
0.43725429975429975,0.3972602739726027,0.25,0.24596611578837957,1.0,0.6,0.3333333333333333,0.21428571428571427,0.0,1.0,0.0,0.0,0.0,0.39795918367346933,0.951219512195122,1
0.3440110565110565,0.6164383561643836,0.625,0.07375532688909676,0.7333333333333333,0.5333333333333333,0.3333333333333333,0.2857142857142857,0.0,1.0,0.0,0.20051200512005118,0.0,0.7244897959183673,0.951219512195122,1
0.7934889434889435,0.4246575342465753,0.75,0.11575511901049787,0.7333333333333333,0.5333333333333333,0.3333333333333333,0.21428571428571427,0.0,0.0,0.0,0.0,0.0,0.6020408163265305,0.21951219512195122,0
0.5994471744471744,0.1643835616438356,0.75,0.1172303641340124,0.7333333333333333,0.5333333333333333,0.3333333333333333,0.8571428571428571,0.0,0.0,0.0,0.0,0.0,0.346938775510204,0.951219512195122,0
0.6911855036855037,0.4383561643835617,0.25,0.14325330007275752,1.0,0.6,0.0,0.2857142857142857,0.8,0.0,0.0,0.0,0.0,0.47959183673469385,0.951219512195122,1
0.6217444717444718,0.0410958904109589,0.5,0.1469971936389149,0.13333333333333333,0.4666666666666667,0.6666666666666666,0.5,0.6000000000000001,0.0,0.0,0.0,0.0,0.39795918367346933,0.951219512195122,0
0.4471130221130221,0.4246575342465753,0.75,0.11743269930360668,0.6666666666666666,1.0,0.6666666666666666,0.7142857142857142,0.8,0.0,1.0,0.0,0.0,0.6020408163265305,0.951219512195122,1
0.1166154791154791,0.6986301369863013,0.5,0.22650660014551502,0.6,0.8,0.3333333333333333,1.0,0.0,0.0,0.0,0.0,0.0,0.2959183673469387,0.951219512195122,0
0.1046068796068796,0.1917808219178082,0.5,0.12801025534421231,0.5333333333333333,0.6666666666666666,0.3333333333333333,0.5,0.0,1.0,0.0,0.0,0.0,0.39795918367346933,0.951219512195122,0
0.14057125307125307,0.4794520547945205,0.875,0.2338703530471538,0.6,0.8,0.3333333333333333,0.7857142857142857,0.0,0.0,0.0,0.0,0.0,0.39795918367346933,0.951219512195122,0
0.22613636363636364,0.5342465753424657,0.5,0.11595468246544018,0.0,0.33333333333333337,0.8333333333333333,0.5714285714285714,0.8,0.0,1.0,0.0,0.0,0.31632653061224486,0.951219512195122,0
0.990571253071253,0.3424657534246575,0.75,0.015072584277448635,0.6,0.8,0.6666666666666666,0.3571428571428571,0.6000000000000001,0.0,0.0,0.0,0.0,0.346938775510204,0.951219512195122,0
0.9452088452088452,0.0,0.0,0.143430689810484,0.06666666666666667,0.4,0.6666666666666666,0.0,0.6000000000000001,0.0,1.0,0.0,0.0,0.19387755102040813,0.951219512195122,0
0.7749692874692875,0.27397260273972607,0.5,0.13471503308734367,0.7333333333333333,0.5333333333333333,0.0,0.9285714285714285,0.6000000000000001,0.0,0.0,0.0,0.0,0.44897959183673464,0.951219512195122,0
0.2395884520884521,0.27397260273972607,0.5,0.12435921421889616,0.6,0.8,0.3333333333333333,0.07142857142857142,0.0,0.0,0.0,0.0,0.0,0.5,0.951219512195122,1
0.1841830466830467,0.0958904109589041,0.5,0.13013477462495238,0.7333333333333333,0.5333333333333333,0.3333333333333333,0.21428571428571427,0.0,0.0,0.0,0.0,0.0,0.6020408163265305,0.6341463414634146,1
0.0707002457002457,0.1232876712328767,0.5,0.2593631985587084,1.0,0.6,0.0,0.9285714285714285,0.2,0.0,0.0,0.0,0.0,0.6020408163265305,0.951219512195122,0
0.6621007371007371,0.0273972602739726,0.125,0.14108443335758586,1.0,0.6,0.6666666666666666,0.07142857142857142,0.6000000000000001,0.0,1.0,0.0,0.0,0.09183673469387754,0.951219512195122,0
0.6930896805896806,0.41095890410958896,0.5,0.22810241485639055,0.7333333333333333,0.5333333333333333,0.0,0.6428571428571428,0.2,0.0,1.0,0.0,0.0,0.030612244897959183,0.951219512195122,0
0.7306511056511056,0.4794520547945205,0.25,0.22070748016491704,0.4,0.26666666666666666,0.3333333333333333,0.5714285714285714,1.0,0.0,1.0,0.0,0.0,0.39795918367346933,0.951219512195122,0
0.8896498771498771,0.2328767123287671,0.5,0.26795759276582476,0.6,0.8,0.6666666666666666,0.8571428571428571,0.2,0.0,0.0,0.0,0.0,0.39795918367346933,0.951219512195122,0
0.36474201474201473,0.4931506849315069,0.5,0.007021446142119669,0.7333333333333333,0.5333333333333333,0.3333333333333333,0.21428571428571427,0.0,0.0,0.0,0.0,0.0,0.39795918367346933,0.951219512195122,0
0.9824017199017199,0.0684931506849315,0.5,0.14975990021827254,1.0,0.6,0.6666666666666666,0.2857142857142857,0.2,0.0,0.0,0.0,0.0,0.346938775510204,0.951219512195122,0
0.3089066339066339,0.0821917808219178,0.5,0.12813775421820325,0.6,0.8,0.6666666666666666,0.7142857142857142,0.2,0.0,1.0,0.0,0.0,0.39795918367346933,0.951219512195122,0
0.9143734643734643,0.2602739726027397,0.5,0.23157190867200222,0.6,0.8,0.3333333333333333,0.8571428571428571,0.0,0.0,0.0,0.0,0.5544077134986226,0.44897959183673464,0.951219512195122,1
0.46587837837837837,0.2054794520547945,0.75,0.15909642102345564,0.0,0.33333333333333337,0.0,0.21428571428571427,0.2,0.0,0.0,0.0,0.0,0.39795918367346933,0.951219512195122,0
0.9774877149877149,0.3972602739726027,0.5,0.04199909919273811,1.0,0.6,0.3333333333333333,0.2857142857142857,0.0,0.0,0.0,0.0,0.0,0.5,0.951219512195122,0
0.3692874692874693,0.6849315068493149,0.5,0.035937359248865326,1.0,0.6,0.0,0.5714285714285714,0.8,1.0,1.0,0.0,0.0,0.4081632653061224,0.951219512195122,0
0.8015356265356265,0.27397260273972607,0.5,0.11585490073796902,0.6,0.8,0.3333333333333333,0.5,0.0,0.0,0.0,0.0,0.0,0.39795918367346933,0.951219512195122,1
0.10801597051597052,0.41095890410958896,0.5,0.15067872362540277,0.7333333333333333,0.5333333333333333,0.3333333333333333,0.21428571428571427,0.0,0.0,0.0,0.0,0.0,0.44897959183673464,0.951219512195122,1
0.8506142506142506,0.1232876712328767,0.5,0.1142376052385407,0.7333333333333333,0.5333333333333333,0.6666666666666666,0.42857142857142855,0.6000000000000001,0.0,0.0,0.0,0.0,0.39795918367346933,0.951219512195122,0
0.29502457002457,0.5616438356164384,0.75,0.12718705609257527,1.0,0.6,0.0,0.21428571428571427,0.2,0.0,0.0,0.0,0.0,0.44897959183673464,0.951219512195122,0
0.8550675675675675,0.2876712328767123,0.5,0.07089075979627897,0.6,0.8,0.3333333333333333,0.7142857142857142,1.0,0.0,1.0,0.15024150241502415,0.0,0.39795918367346933,0.951219512195122,1
0.8675675675675676,0.3972602739726027,0.25,0.12867893150400167,0.2,0.06666666666666667,0.6666666666666666,0.5714285714285714,0.2,1.0,1.0,0.0,0.0,0.19387755102040813,0.951219512195122,0
0.8796375921375921,0.136986301369863,0.5,0.4100474656134151,0.6,0.8,0.6666666666666666,0.8571428571428571,0.2,0.0,0.0,0.0,0.0,0.39795918367346933,0.951219512195122,0
0.6988943488943489,0.1095890410958904,0.5,0.19548556976059317,0.3333333333333333,0.2,0.3333333333333333,0.21428571428571427,0.0,0.0,0.0,0.0,0.0,0.6020408163265305,0.951219512195122,0
0.8476351351351351,0.2602739726027397,0.5,0.16763122336555453,0.7333333333333333,0.5333333333333333,0.0,0.2857142857142857,0.8,0.0,1.0,0.0,0.0,0.5,0.951219512195122,0
0.2714987714987715,0.4931506849315069,0.875,0.07380244603818037,0.7333333333333333,0.5333333333333333,0.3333333333333333,0.7857142857142857,0.0,0.0,0.0,0.0,0.0,0.39795918367346933,0.951219512195122,0
0.1112100737100737,0.6301369863013697,0.5,0.11750545681322107,0.6,0.8,0.6666666666666666,0.8571428571428571,0.2,0.0,0.0,0.0,0.0,0.26530612244897955,0.951219512195122,0
0.4514742014742015,0.2465753424657534,0.5,0.07267505110348889,0.6,0.8,0.6666666666666666,0.2857142857142857,0.2,0.0,0.0,0.0,0.0,0.5,0.951219512195122,0
0.30715601965601963,0.0821917808219178,0.5,0.17729272771368187,0.6,0.8,0.6666666666666666,0.2857142857142857,0.2,0.0,1.0,0.0,0.0,0.44897959183673464,0.951219512195122,0
0.7137592137592137,0.3698630136986301,0.5,0.10044070262966427,1.0,0.6,0.5,0.42857142857142855,0.8,0.0,0.0,0.0,0.0,0.39795918367346933,0.7560975609756098,0
0.16053439803439803,0.4520547945205479,0.25,0.12098742334476666,0.7333333333333333,0.5333333333333333,0.3333333333333333,0.2857142857142857,1.0,1.0,1.0,0.0,0.0,0.39795918367346933,0.951219512195122,1
0.8931511056511057,0.27397260273972607,0.25,0.058795689983716176,1.0,0.6,0.5,0.07142857142857142,0.8,1.0,1.0,0.0,0.0,0.39795918367346933,0.951219512195122,0
0.48246314496314496,0.3698630136986301,0.75,0.06368776634445483,0.7333333333333333,0.5333333333333333,0.3333333333333333,0.2857142857142857,0.0,0.0,0.0,0.0,0.0,0.846938775510204,0.951219512195122,0
0.6472358722358722,0.0273972602739726,0.5,0.11832172677822818,0.06666666666666667,0.4,0.6666666666666666,0.42857142857142855,0.6000000000000001,0.0,0.0,0.0,0.0,0.2346938775510204,0.951219512195122,0
0.4371007371007371,0.41095890410958896,0.5,0.11659633440737276,1.0,0.6,0.3333333333333333,1.0,0.0,0.0,0.0,0.0,0.0,0.5,0.951219512195122,0
0.2612407862407862,0.136986301369863,0.5,0.20103315663652427,1.0,0.6,0.3333333333333333,0.8571428571428571,0.0,0.0,0.0,0.0,0.0,0.39795918367346933,0.951219512195122,1
0.8040847665847666,0.3972602739726027,0.5,0.3391095866680525,0.0,0.33333333333333337,0.0,0.5,0.8,1.0,0.0,0.0,0.0,0.39795918367346933,0.951219512195122,0
0.11606265356265356,0.6301369863013697,0.5,0.05821570869279008,0.7333333333333333,0.5333333333333333,0.0,1.0,0.8,0.0,0.0,0.0,0.0,0.44897959183673464,0.951219512195122,1
0.23909705159705158,0.2054794520547945,0.5,0.09615632470637148,0.7333333333333333,0.5333333333333333,0.3333333333333333,0.42857142857142855,0.0,0.0,0.0,0.0,0.0,0.39795918367346933,0.951219512195122,1
0.024447174447174445,0.6027397260273972,0.5,0.08075806395731559,0.7333333333333333,0.5333333333333333,0.3333333333333333,0.5,0.0,0.0,0.0,0.0,0.0,0.39795918367346933,0.951219512195122,0
0.4961916461916462,0.4520547945205479,0.75,0.05641825174098326,1.0,0.6,0.0,0.8571428571428571,0.2,0.0,1.0,0.0,0.0,0.39795918367346933,0.951219512195122,0
0.7769963144963145,0.3150684931506849,0.5,0.12959013269583897,0.7333333333333333,0.5333333333333333,0.3333333333333333,0.21428571428571427,0.0,0.0,0.0,0.0,0.0,0.39795918367346933,0.951219512195122,0
0.11127149877149876,0.1917808219178082,0.5,0.16286803173613276,0.4,0.26666666666666666,0.3333333333333333,0.5,0.0,0.0,0.0,0.03137031370313703,0.0,0.39795918367346933,0.6341463414634146,0
0.773556511056511,0.2602739726027397,0.125,0.13273117832519143,1.0,0.6,0.3333333333333333,0.42857142857142855,0.0,0.0,0.0,0.0,0.0,0.5,0.951219512195122,0
0.1675982800982801,0.2328767123287671,0.5,0.13686934830059247,1.0,0.6,0.3333333333333333,0.07142857142857142,0.0,0.0,0.0,0.0,0.0,0.39795918367346933,0.951219512195122,1
0.927948402948403,0.4794520547945205,0.5,0.20543879707584106,1.0,0.6,0.0,0.2857142857142857,0.8,0.0,1.0,0.0,0.0,0.39795918367346933,0.951219512195122,0
0.232002457002457,0.2328767123287671,0.0,0.08424349513217613,0.7333333333333333,0.5333333333333333,0.3333333333333333,0.0,0.0,0.0,0.0,0.0,0.0,0.24489795918367346,0.951219512195122,0
0.9888206388206388,0.32876712328767127,0.625,0.03618542771021723,0.7333333333333333,0.5333333333333333,0.3333333333333333,0.3571428571428571,0.0,0.0,0.0,0.0,0.0,0.5,0.951219512195122,0
0.08025184275184274,0.0273972602739726,0.5,0.03103073138620379,0.7333333333333333,0.5333333333333333,0.6666666666666666,0.5,0.4,0.0,0.0,0.0,0.0,0.44897959183673464,0.951219512195122,0
0.09717444717444718,0.32876712328767127,0.5,0.11201399715899248,0.9333333333333333,0.9333333333333333,0.3333333333333333,0.07142857142857142,0.0,0.0,0.0,0.0,0.0,0.5,0.0,1
0.33961916461916464,0.0547945205479452,0.5,0.20360253611890658,0.7333333333333333,0.5333333333333333,0.6666666666666666,0.5714285714285714,0.2,0.0,0.0,0.0,0.0,0.346938775510204,0.951219512195122,0
0.17303439803439802,0.46575342465753417,0.5,0.09305269722482071,0.8,0.8666666666666667,0.3333333333333333,0.2857142857142857,0.0,0.0,0.0,0.0,0.0,0.5,0.951219512195122,1
0.23154176904176904,0.0958904109589041,0.5,0.1306406125489381,0.13333333333333333,0.4666666666666667,0.6666666666666666,0.8571428571428571,0.2,0.0,0.0,0.0,0.0,0.39795918367346933,0.951219512195122,0
0.43482800982800984,0.5342465753424657,0.5,0.12565360496136924,0.7333333333333333,0.5333333333333333,0.8333333333333333,0.21428571428571427,0.8,0.0,0.0,0.0,0.0,0.39795918367346933,0.951219512195122,0
0.8801904176904176,0.2602739726027397,0.875,0.0594200187090739,0.5333333333333333,0.6666666666666666,0.3333333333333333,0.5714285714285714,0.0,1.0,0.0,0.0,0.0,0.39795918367346933,0.951219512195122,0
0.40988943488943486,0.2602739726027397,0.75,0.08097910820081072,0.7333333333333333,0.5333333333333333,0.3333333333333333,0.3571428571428571,0.0,0.0,0.0,0.0,0.0,0.5,0.951219512195122,1
0.2785012285012285,0.46575342465753417,0.5,0.06342999688182101,0.7333333333333333,0.5333333333333333,0.6666666666666666,0.5714285714285714,0.2,1.0,0.0,0.0,0.0,0.39795918367346933,0.34146341463414637,0
0.7381449631449631,0.3424657534246575,0.5,0.016620586910577557,0.6,0.8,0.3333333333333333,0.8571428571428571,0.0,0.0,0.0,0.0,0.0,0.39795918367346933,0.951219512195122,1
0.14351965601965602,0.6438356164383561,0.5,0.062491771472126936,0.7333333333333333,0.5333333333333333,0.3333333333333333,0.21428571428571427,0.0,0.0,0.0,0.0,0.0,0.39795918367346933,0.951219512195122,0
0.40055282555282556,0.7397260273972601,0.0,0.09187333264040466,1.0,0.6,0.3333333333333333,0.0,0.0,0.0,0.0,0.06514065140651407,0.0,0.39795918367346933,0.951219512195122,1
0.25307125307125306,0.8082191780821917,0.75,0.14806430377992585,1.0,0.6,1.0,0.8571428571428571,0.2,0.0,0.0,0.0,0.0,0.07142857142857142,0.951219512195122,0
0.4635135135135135,0.0136986301369863,0.5,0.26908568062917926,1.0,0.6,0.6666666666666666,0.07142857142857142,0.6000000000000001,0.0,0.0,0.0,0.0,0.39795918367346933,0.951219512195122,0
0.6901719901719902,0.1095890410958904,0.5,0.17679797664830407,0.6,0.8,0.6666666666666666,0.7142857142857142,0.6000000000000001,1.0,1.0,0.0,0.0,0.5510204081632653,0.951219512195122,0
0.12392506142506142,0.2328767123287671,0.75,0.2133589716938641,0.9333333333333333,0.9333333333333333,0.8333333333333333,0.7142857142857142,0.8,0.0,0.0,0.0,0.0,0.47959183673469385,0.951219512195122,1
0.3558046683046683,0.2191780821917808,0.875,0.08684544226171916,0.8,0.8666666666666667,0.6666666666666666,0.7142857142857142,0.2,1.0,1.0,0.0,0.0,0.346938775510204,0.951219512195122,0
0.70752457002457,0.0410958904109589,0.5,0.008787721304091745,0.7333333333333333,0.5333333333333333,0.6666666666666666,0.3571428571428571,0.6000000000000001,0.0,0.0,0.0,0.0,0.4693877551020408,0.951219512195122,0
0.661517199017199,0.27397260273972607,0.5,0.03327997782628278,0.7333333333333333,0.5333333333333333,0.6666666666666666,0.21428571428571427,0.8,0.0,0.0,0.0,0.0,0.39795918367346933,0.951219512195122,0
0.12435503685503685,0.1506849315068493,0.5,0.009472334823129957,0.5333333333333333,0.6666666666666666,0.0,0.21428571428571427,0.2,1.0,0.0,0.0,0.0,0.39795918367346933,0.951219512195122,0
0.37358722358722357,0.1506849315068493,0.5,0.040410906697155524,0.7333333333333333,0.5333333333333333,0.3333333333333333,0.42857142857142855,0.0,0.0,0.0,0.0,0.0,0.37755102040816324,0.951219512195122,0
0.596007371007371,0.0410958904109589,0.5,0.11255170980147594,0.7333333333333333,0.5333333333333333,0.6666666666666666,0.42857142857142855,0.6000000000000001,0.0,0.0,0.0,0.0,0.39795918367346933,0.951219512195122,0
0.08968058968058967,0.6301369863013697,0.75,0.010129924124311402,0.7333333333333333,0.5333333333333333,0.3333333333333333,0.3571428571428571,0.0,0.0,0.0,0.0,0.0,0.9897959183673468,0.951219512195122,0
0.5086302211302212,0.2054794520547945,0.25,0.10179260645116585,0.6,0.8,0.6666666666666666,0.7142857142857142,0.2,0.0,0.0,0.0,0.0,0.346938775510204,0.951219512195122,0
0.14428746928746927,0.0821917808219178,0.5,0.09952811558050098,0.4,0.26666666666666666,0.5,0.21428571428571427,0.2,0.0,0.0,0.0,0.0,0.39795918367346933,0.6341463414634146,0
0.8732493857493857,0.3424657534246575,0.5,0.1289235353220386,0.8,0.8666666666666667,0.3333333333333333,0.7142857142857142,0.0,1.0,0.0,0.0,0.43663911845730025,0.5510204081632653,0.4634146341463415,1
0.22665847665847666,0.2602739726027397,0.25,0.12394830752174064,1.0,0.6,0.3333333333333333,0.7857142857142857,0.0,0.0,0.0,0.0,0.0,0.5714285714285714,0.951219512195122,1
0.9099815724815724,0.30136986301369856,0.5,0.48081973460832206,0.6,0.8,0.0,0.8571428571428571,0.8,0.0,1.0,0.0,0.0,0.39795918367346933,0.951219512195122,0
0.14293611793611793,0.2191780821917808,0.5,0.26942382981672036,0.7333333333333333,0.5333333333333333,0.3333333333333333,0.42857142857142855,0.0,0.0,0.0,0.0,0.0,0.5,0.951219512195122,1
0.2648955773955774,0.547945205479452,0.5,0.1429955306101237,0.7333333333333333,0.5333333333333333,0.3333333333333333,0.42857142857142855,0.0,0.0,0.0,0.0,0.0,0.39795918367346933,0.951219512195122,0
0.6854422604422604,0.2054794520547945,0.5,0.10047742784880297,0.7333333333333333,0.5333333333333333,0.5,0.42857142857142855,0.4,0.0,0.0,0.0,0.0,0.39795918367346933,0.951219512195122,0
0.28875921375921376,0.1095890410958904,0.5,0.32848075390638537,0.7333333333333333,0.5333333333333333,0.0,0.5714285714285714,0.2,0.0,0.0,0.0,0.0,0.39795918367346933,0.6341463414634146,0
0.918458230958231,0.0273972602739726,0.5,0.1942265183799328,0.7333333333333333,0.5333333333333333,0.6666666666666666,0.5714285714285714,0.6000000000000001,0.0,1.0,0.0,0.0,0.2959183673469387,0.951219512195122,0
0.16375921375921376,0.0821917808219178,0.5,0.11249073207913245,0.7333333333333333,0.5333333333333333,0.6666666666666666,0.42857142857142855,0.6000000000000001,0.0,0.0,0.0,0.0,0.24489795918367346,0.951219512195122,0
0.8070945945945945,0.1095890410958904,0.5,0.15293351349478573,0.26666666666666666,0.13333333333333336,0.3333333333333333,0.5,0.0,1.0,0.0,0.0,0.0,0.39795918367346933,0.6341463414634146,0
0.7018427518427518,0.0273972602739726,0.5,0.1194782247167654,1.0,0.6,0.6666666666666666,0.9285714285714285,0.6000000000000001,0.0,0.0,0.0,0.0,0.2959183673469387,0.951219512195122,0
0.08762285012285012,0.1506849315068493,0.5,0.24725704188753767,0.7333333333333333,0.5333333333333333,0.8333333333333333,0.8571428571428571,0.4,0.0,1.0,0.0,0.0,0.39795918367346933,0.951219512195122,0
0.6025184275184275,0.3150684931506849,0.25,0.010147247340886257,0.8,0.8666666666666667,0.6666666666666666,0.7142857142857142,0.2,0.0,1.0,0.0,0.0,0.39795918367346933,0.951219512195122,0
0.1964066339066339,0.0958904109589041,0.125,0.14054672071510238,0.6,0.8,0.6666666666666666,0.9285714285714285,0.6000000000000001,0.0,1.0,0.0,0.0,0.39795918367346933,0.0,0
0.13707002457002457,0.4383561643835617,0.5,0.128283962166095,0.7333333333333333,0.5333333333333333,1.0,0.07142857142857142,0.8,0.0,1.0,0.0,0.0,0.19387755102040813,0.951219512195122,0
0.47622850122850124,0.2602739726027397,0.5,0.1918463084225479,1.0,0.6,0.0,0.5714285714285714,0.8,0.0,1.0,0.0,0.0,0.39795918367346933,0.951219512195122,0
0.6223587223587224,0.35616438356164376,0.5,0.01588538959914077,1.0,0.6,0.0,0.07142857142857142,0.8,0.0,1.0,0.0,0.0,0.39795918367346933,0.951219512195122,0
0.8047911547911548,0.0684931506849315,0.5,0.01774521013061705,0.7333333333333333,0.5333333333333333,0.8333333333333333,0.5714285714285714,0.4,0.0,0.0,0.0,0.0,0.346938775510204,0.951219512195122,0
0.34628378378378377,0.1643835616438356,0.5,0.13071614177320445,0.7333333333333333,0.5333333333333333,0.3333333333333333,0.2857142857142857,0.0,0.0,0.0,0.0,0.0,0.39795918367346933,0.951219512195122,1
0.8491400491400491,0.4794520547945205,0.5,0.15131621799535738,0.7333333333333333,0.5333333333333333,0.3333333333333333,0.5,0.0,1.0,0.0,0.03781037810378104,0.0,0.39795918367346933,0.0975609756097561,0
0.9078009828009828,0.6438356164383561,0.5,0.14288535495270763,0.6,0.8,0.0,0.2857142857142857,0.2,0.0,0.0,0.27828278282782826,0.0,0.5510204081632653,0.951219512195122,1
0.8257371007371007,0.4246575342465753,0.875,0.11061982468904825,0.9333333333333333,0.9333333333333333,0.3333333333333333,0.7142857142857142,0.0,0.0,0.0,0.15024150241502415,0.0,0.5,0.951219512195122,1
0.6415847665847666,0.2465753424657534,0.75,0.10940581367148251,0.7333333333333333,0.5333333333333333,0.3333333333333333,0.21428571428571427,0.0,0.0,0.0,0.07298072980729807,0.0,0.6020408163265305,0.951219512195122,1
0.9798832923832923,0.0136986301369863,0.5,0.1188642899213526,0.13333333333333333,0.4666666666666667,0.6666666666666666,0.5714285714285714,0.6000000000000001,0.0,0.0,0.0,0.0,0.2959183673469387,0.951219512195122,0
0.37152948402948405,0.0547945205479452,0.5,0.06423171534490524,1.0,0.6,0.6666666666666666,0.7142857142857142,0.6000000000000001,0.0,0.0,0.0,0.0,0.47959183673469385,0.951219512195122,0
0.9554054054054054,0.1095890410958904,0.0,0.10321172435297786,0.5333333333333333,0.6666666666666666,0.6666666666666666,0.0,0.6000000000000001,0.0,0.0,0.0,0.0,0.9081632653061223,0.951219512195122,0
0.3907862407862408,0.1643835616438356,0.5,0.03203894259086027,0.7333333333333333,0.5333333333333333,0.3333333333333333,0.21428571428571427,0.0,0.0,0.0,0.0,0.0,0.39795918367346933,0.951219512195122,0
0.2947174447174447,0.136986301369863,0.125,0.06437584450680803,0.7333333333333333,0.5333333333333333,0.0,0.07142857142857142,0.2,0.0,0.0,0.048650486504865045,0.0,0.5,0.951219512195122,0
0.06873464373464373,0.2465753424657534,0.5,0.109467484322489,1.0,0.6,0.6666666666666666,0.9285714285714285,0.8,0.0,1.0,0.0,0.0,0.39795918367346933,0.951219512195122,0
0.6298218673218673,0.41095890410958896,0.5,0.23769878391019644,0.6,0.8,0.3333333333333333,0.7142857142857142,0.0,0.0,0.0,0.15024150241502415,0.0,0.39795918367346933,0.951219512195122,1
0.760995085995086,0.3835616438356165,0.75,0.28320063749436997,0.6,0.8,0.3333333333333333,0.7142857142857142,0.0,0.0,0.0,0.0,0.0,0.39795918367346933,0.951219512195122,1
0.7768734643734644,0.6027397260273972,0.0,0.12150573398468627,0.6,0.8,0.0,0.0,0.8,0.0,1.0,0.0,0.0,0.39795918367346933,0.951219512195122,0
0.9194103194103194,0.1643835616438356,0.5,0.10049059349339985,0.06666666666666667,0.4,0.3333333333333333,0.42857142857142855,1.0,1.0,1.0,0.028290282902829027,0.0,0.13265306122448978,0.7317073170731707,0
0.22585995085995086,0.5890410958904109,0.5,0.1253854415687905,0.4666666666666667,0.7333333333333334,0.3333333333333333,0.07142857142857142,0.0,0.0,0.0,0.0,0.0,0.2346938775510204,0.951219512195122,0
0.8833230958230958,0.2054794520547945,0.875,0.08266846828119045,1.0,0.6,0.6666666666666666,0.9285714285714285,0.8,1.0,1.0,0.0,0.0,0.19387755102040813,0.951219512195122,0
0.16858108108108108,0.32876712328767127,0.5,0.2247569552714548,1.0,0.6,0.0,0.2857142857142857,0.2,0.0,1.0,0.0,0.0,0.8061224489795917,0.951219512195122,0
0.4757063882063882,0.3835616438356165,0.5,0.15329383639954267,0.6,0.8,0.3333333333333333,0.2857142857142857,0.0,0.0,0.0,0.0,0.45385674931129477,0.6020408163265305,0.951219512195122,1
0.08316953316953317,0.3972602739726027,0.5,0.1229795932508748,0.7333333333333333,0.5333333333333333,0.0,0.8571428571428571,0.2,0.0,1.0,0.0,0.0,0.2959183673469387,0.951219512195122,0
0.9137285012285012,0.46575342465753417,0.75,0.013918858053563384,0.13333333333333333,0.4666666666666667,0.3333333333333333,0.5714285714285714,0.0,0.0,0.0,0.0,0.0,0.9999999999999999,0.951219512195122,0
0.12613636363636363,0.4794520547945205,0.5,0.2798350829782074,0.8666666666666667,0.0,0.3333333333333333,0.5714285714285714,0.2,0.0,0.0,0.0,0.0,0.39795918367346933,0.1951219512195122,0
0.4912162162162162,0.4520547945205479,0.5,0.20293247410179124,0.6,0.8,0.3333333333333333,0.21428571428571427,0.0,0.0,0.0,0.0,0.0,0.39795918367346933,0.951219512195122,0
0.6482186732186732,0.35616438356164376,0.5,0.11550497176315698,0.7333333333333333,0.5333333333333333,0.6666666666666666,0.07142857142857142,0.8,0.0,1.0,0.0,0.0,0.39795918367346933,0.951219512195122,0
0.740509828009828,0.0684931506849315,0.5,0.1556470221390708,1.0,0.6,0.6666666666666666,0.42857142857142855,0.6000000000000001,0.0,0.0,0.0,0.0,0.19387755102040813,0.951219512195122,0
0.2722665847665848,0.41095890410958896,0.5,0.11735924886532932,0.7333333333333333,0.5333333333333333,0.3333333333333333,0.5,1.0,0.0,1.0,0.0,0.0,0.39795918367346933,0.951219512195122,0
0.8008292383292384,0.1095890410958904,0.75,0.17393548834147526,0.7333333333333333,0.5333333333333333,0.6666666666666666,0.3571428571428571,0.2,0.0,0.0,0.0,0.0,0.5,0.951219512195122,0
0.644563882063882,0.4794520547945205,0.5,0.10512628624883068,0.7333333333333333,0.5333333333333333,0.3333333333333333,0.8571428571428571,0.0,0.0,0.0,1.0,0.0,0.44897959183673464,0.951219512195122,1
0.82257371007371,0.0821917808219178,0.5,0.07297993971520632,0.6,0.8,0.6666666666666666,0.2857142857142857,0.6000000000000001,0.0,1.0,0.0,0.0,0.6020408163265305,0.951219512195122,0
0.17036240786240786,0.35616438356164376,0.5,0.06873713751169316,1.0,0.6,0.3333333333333333,0.8571428571428571,0.0,0.0,0.0,0.07298072980729807,0.0,0.39795918367346933,0.951219512195122,1
0.930558968058968,0.3424657534246575,0.5,0.09728094792641097,0.3333333333333333,0.2,0.0,0.21428571428571427,0.8,0.0,0.0,0.0,0.0,0.39795918367346933,0.8048780487804879,0
0.97002457002457,0.3150684931506849,0.5,0.13580847451754843,1.0,0.6,0.6666666666666666,0.2857142857142857,0.8,0.0,1.0,0.0,0.0,0.39795918367346933,0.951219512195122,0
0.3948710073710074,0.5890410958904109,0.5,0.028143297647507184,0.3333333333333333,0.2,0.3333333333333333,1.0,0.0,0.0,0.0,0.0,0.0,0.39795918367346933,0.951219512195122,0
0.01127149877149877,0.0684931506849315,0.5,0.2427356823615009,0.4666666666666667,0.7333333333333334,0.6666666666666666,0.8571428571428571,0.2,0.0,1.0,0.0,0.0,0.14285714285714282,0.951219512195122,0
0.09078624078624078,0.5890410958904109,0.5,0.15267505110348892,0.6,0.8,0.3333333333333333,0.2857142857142857,0.0,0.0,0.0,0.0,0.0,0.346938775510204,0.951219512195122,1
0.09367321867321868,0.547945205479452,0.625,0.11112427675570799,0.9333333333333333,0.9333333333333333,0.3333333333333333,1.0,0.0,0.0,0.0,0.15024150241502415,0.0,0.5,0.951219512195122,1
0.01382063882063882,0.0273972602739726,0.5,0.1345071544884454,0.7333333333333333,0.5333333333333333,0.6666666666666666,0.5,0.6000000000000001,1.0,1.0,0.0,0.0,0.39795918367346933,0.951219512195122,0
0.08888206388206388,0.4246575342465753,0.5,0.12049128642206285,0.6,0.8,0.3333333333333333,0.2857142857142857,0.0,0.0,0.0,0.0,0.0,0.44897959183673464,0.951219512195122,1
0.7396498771498772,0.2328767123287671,0.5,0.1340456639988913,0.7333333333333333,0.5333333333333333,0.6666666666666666,0.07142857142857142,0.2,0.0,1.0,0.0,0.0,0.39795918367346933,0.951219512195122,0
0.5132371007371007,0.0136986301369863,0.5,0.09671967570938572,1.0,0.6,0.6666666666666666,0.8571428571428571,0.2,0.0,1.0,0.0,0.0,0.19387755102040813,0.951219512195122,0
0.433507371007371,0.1780821917808219,0.5,0.011944011364030073,1.0,0.6,0.3333333333333333,0.8571428571428571,1.0,0.0,1.0,0.0,0.0,0.39795918367346933,0.951219512195122,0
0.5772420147420148,0.1232876712328767,0.5,0.06479021584727852,0.7333333333333333,0.5333333333333333,0.6666666666666666,0.21428571428571427,0.6000000000000001,0.0,0.0,0.0,0.0,0.3571428571428571,0.951219512195122,0
0.5546683046683046,0.5205479452054793,0.25,0.0837861622146,0.8,0.8666666666666667,0.3333333333333333,0.2857142857142857,0.0,0.0,0.0,0.0,0.0,0.5,0.951219512195122,0
0.7478194103194103,0.3835616438356165,0.5,0.11998198385476215,0.4666666666666667,0.7333333333333334,0.0,0.21428571428571427,0.2,0.0,1.0,0.0,0.0,0.5510204081632653,0.951219512195122,0
0.08633292383292383,0.4931506849315069,0.5,0.06383813186432456,0.7333333333333333,0.5333333333333333,1.0,0.5714285714285714,0.8,1.0,1.0,0.0,0.0,0.19387755102040813,0.951219512195122,0
0.5348280098280098,0.4383561643835617,0.0,0.11497765305061844,1.0,0.6,1.0,0.0,0.8,0.0,1.0,0.0,0.0,0.2755102040816326,0.951219512195122,0
0.6244471744471745,0.0547945205479452,0.5,0.16904341198073658,0.06666666666666667,0.4,0.3333333333333333,0.5,0.0,0.0,0.0,0.0,0.0,0.39795918367346933,0.951219512195122,0
0.2868243243243243,0.3972602739726027,0.5,0.13936389148737138,1.0,0.6,0.0,0.8571428571428571,0.8,0.0,1.0,0.0,0.0,0.39795918367346933,0.12195121951219512,0
0.30454545454545456,0.27397260273972607,0.5,0.09444340505144995,0.7333333333333333,0.5333333333333333,0.3333333333333333,1.0,0.0,0.0,0.0,0.0,0.0,0.5,0.951219512195122,1
0.27423218673218674,0.35616438356164376,0.5,0.1135384402175796,0.6,0.8,0.3333333333333333,0.2857142857142857,0.0,0.0,0.0,0.0,0.0,0.5,0.951219512195122,0
0.06808968058968058,0.3835616438356165,0.5,0.0900821120465648,0.8,0.8666666666666667,0.3333333333333333,0.2857142857142857,0.0,0.0,0.0,0.0,0.0,0.5,0.951219512195122,1
0.8384520884520884,0.30136986301369856,0.625,0.08246058968229221,0.4666666666666667,0.7333333333333334,0.3333333333333333,0.8571428571428571,0.0,0.0,0.0,0.051780517805178054,0.0,0.47959183673469385,0.951219512195122,1
0.9094594594594594,0.4246575342465753,0.5,0.03970550531822749,1.0,0.6,0.0,0.07142857142857142,0.2,1.0,0.0,0.0,0.0,0.39795918367346933,0.951219512195122,0
0.47496928746928746,0.2876712328767123,0.125,0.024833177424384158,1.0,0.6,0.0,0.2857142857142857,0.2,0.0,1.0,0.0,0.0,0.39795918367346933,0.951219512195122,0
0.9982800982800982,0.4520547945205479,0.5,0.13605307833558536,0.8,0.8666666666666667,0.0,0.8571428571428571,0.2,0.0,1.0,0.0,0.0,0.5,0.951219512195122,1
0.826504914004914,0.1095890410958904,0.5,0.13934656827079653,1.0,0.6,0.6666666666666666,0.9285714285714285,0.6000000000000001,0.0,0.0,0.0,0.0,0.39795918367346933,0.951219512195122,0
0.5403562653562654,0.4794520547945205,0.0,0.19568721200152445,0.7333333333333333,0.5333333333333333,0.3333333333333333,0.0,0.0,0.0,0.0,0.0,0.0,0.39795918367346933,0.951219512195122,0
0.5167690417690417,0.136986301369863,0.5,0.1430897689082909,0.7333333333333333,0.5333333333333333,0.3333333333333333,0.2857142857142857,1.0,0.0,1.0,0.0,0.0,0.39795918367346933,0.951219512195122,0
0.44966216216216215,0.0684931506849315,0.5,0.06796660083844368,0.7333333333333333,0.5333333333333333,0.3333333333333333,0.5714285714285714,0.6000000000000001,0.0,0.0,0.0,0.0,0.5,0.951219512195122,0
0.5872542997542998,0.3698630136986301,0.625,0.030742473062398225,1.0,0.6,0.3333333333333333,0.2857142857142857,0.0,0.0,0.0,0.07688076880768807,0.0,0.44897959183673464,0.951219512195122,1
0.859551597051597,0.4794520547945205,0.5,0.14761597893496867,0.26666666666666666,0.13333333333333336,0.3333333333333333,0.21428571428571427,0.0,0.0,0.0,0.0,0.0,0.39795918367346933,0.6341463414634146,0
0.48015970515970513,0.136986301369863,0.5,0.08317984963448012,1.0,0.6,0.3333333333333333,0.21428571428571427,0.0,0.0,0.0,0.0,0.0,0.39795918367346933,0.951219512195122,0
0.8084766584766585,0.0136986301369863,0.5,0.04542840314589613,1.0,0.6,0.6666666666666666,0.07142857142857142,0.6000000000000001,0.0,0.0,0.0,0.3677685950413223,0.14285714285714282,0.951219512195122,0
0.4369164619164619,0.35616438356164376,0.5,0.10964903163219346,0.6,0.8,0.0,0.7142857142857142,0.2,0.0,1.0,0.14344143441434415,0.0,0.39795918367346933,0.951219512195122,1
0.45675675675675675,0.1232876712328767,0.5,0.16265807435124555,0.5333333333333333,0.6666666666666666,0.0,0.21428571428571427,0.6000000000000001,0.0,0.0,0.0,0.0,0.39795918367346933,0.951219512195122,0
0.08261670761670761,0.6027397260273972,0.5,0.12819249558257978,0.4,0.26666666666666666,0.3333333333333333,0.21428571428571427,0.0,0.0,0.0,0.0,0.0,0.39795918367346933,0.951219512195122,0
0.39883292383292385,0.4931506849315069,0.75,0.07380244603818037,0.0,0.33333333333333337,0.3333333333333333,0.21428571428571427,0.0,0.0,0.0,0.0,0.0,0.5,0.951219512195122,1
0.06535626535626536,0.3698630136986301,0.25,0.09208536881128088,0.7333333333333333,0.5333333333333333,0.3333333333333333,0.5714285714285714,1.0,1.0,1.0,0.0,0.0,0.37755102040816324,0.5609756097560976,1
0.994041769041769,0.3424657534246575,0.5,0.16358036240169074,0.7333333333333333,0.5333333333333333,0.6666666666666666,0.8571428571428571,0.8,0.0,1.0,0.0,0.0,0.39795918367346933,0.951219512195122,0
0.05365479115479115,0.0410958904109589,0.5,0.09873956276201365,0.7333333333333333,0.5333333333333333,0.6666666666666666,0.07142857142857142,0.2,0.0,1.0,0.0,0.0,0.39795918367346933,0.951219512195122,0
0.8166769041769042,0.35616438356164376,0.5,0.11848248622804282,0.8,0.8666666666666667,0.3333333333333333,0.2857142857142857,1.0,0.0,1.0,0.15024150241502415,0.0,0.31632653061224486,0.951219512195122,1
0.5550368550368551,0.2191780821917808,0.5,0.18374389356615736,0.8,0.8666666666666667,0.6666666666666666,0.7142857142857142,0.2,0.0,0.0,0.0,0.0,0.39795918367346933,0.951219512195122,0
0.47005528255528256,0.5068493150684932,0.5,0.1146034715726016,0.7333333333333333,0.5333333333333333,0.0,0.07142857142857142,0.8,0.0,1.0,0.0,0.0,0.4183673469387755,0.951219512195122,0
0.9177518427518427,0.2328767123287671,0.5,0.1901326958389634,0.7333333333333333,0.5333333333333333,0.3333333333333333,1.0,0.0,0.0,0.0,0.0,0.0,0.39795918367346933,0.951219512195122,0
0.22886977886977886,0.4931506849315069,0.5,0.15673769185462358,0.5333333333333333,0.6666666666666666,0.3333333333333333,0.2857142857142857,0.0,0.0,0.0,0.0,0.3409090909090909,0.39795918367346933,0.951219512195122,0
0.7833230958230958,0.1506849315068493,0.5,0.10825555209091224,0.4666666666666667,0.7333333333333334,0.3333333333333333,0.2857142857142857,1.0,0.0,1.0,0.0,0.0,0.39795918367346933,0.951219512195122,0
0.0812960687960688,0.4520547945205479,0.5,0.18102830613588333,0.3333333333333333,0.2,0.3333333333333333,0.8571428571428571,0.0,1.0,0.0,0.0,0.0,0.48979591836734687,0.14634146341463417,0
0.6170761670761671,0.0410958904109589,0.5,0.25629213872431833,1.0,0.6,0.6666666666666666,0.8571428571428571,0.6000000000000001,0.0,0.0,0.0,0.0,0.24489795918367346,0.951219512195122,0
0.8192874692874693,0.1643835616438356,0.5,0.049946990957280946,0.0,0.33333333333333337,0.5,0.07142857142857142,0.8,0.0,1.0,0.0,0.0,0.39795918367346933,0.6341463414634146,0
0.9611793611793612,0.0410958904109589,0.875,0.14014967259120675,1.0,0.6,0.6666666666666666,0.7142857142857142,0.6000000000000001,0.0,0.0,0.0,0.0,0.39795918367346933,0.951219512195122,0
